1695136485664 1.0 4000
1695136522565 1.0 8000
1695136560498 1.0 12000
1695136594722 1.0 16000
1695136626359 1.0 20000
1695136659490 1.0 24000
1695136692976 1.0 28000
1695136726879 1.0 32000
1695136760639 1.0 36000
1695136795260 1.0 40000
1695136829900 1.0 44000
1695136863932 1.0 48000
1695136896364 1.0 52000
1695136932813 1.0 56000
1695136966920 1.0 60000
1695136999817 1.0 64000
1695137033519 1.0 68000
1695137066564 1.0 72000
1695137103847 1.0 76000
1695137142233 1.0 80000
1695137179804 1.0 84000
1695137217227 1.0 88000
1695137252726 1.0 92000
1695137286600 1.0 96000
1695137322221 1.0 100000
1695137356775 1.0 104000
1695137389797 1.0 108000
1695137421544 1.0 112000
1695137453508 1.0 116000
1695137486611 1.0 120000
1695137518865 1.0 124000
1695137553045 1.0 128000
1695137587552 1.0 132000
1695137620448 1.0 136000
1695137652448 1.0 140000
1695137685787 1.0 144000
1695137720496 1.0 148000
1695137753192 1.0 152000
1695137786002 1.0 156000
1695137819479 1.0 160000
