1695136485616 38.08863636363637 4000
1695136522512 39.46923076923077 8000
1695136560449 38.43333333333334 12000
1695136594679 37.22653061224489 16000
1695136626317 37.893333333333324 20000
1695136659446 38.51702127659574 24000
1695136692932 37.99583333333334 28000
1695136726836 37.40416666666666 32000
1695136760593 37.55416666666667 36000
1695136795215 37.41 40000
1695136829850 37.21632653061225 44000
1695136863889 37.38775510204081 48000
1695136896318 37.12826086956521 52000
1695136932768 37.89807692307693 56000
1695136966876 37.35208333333333 60000
1695136999773 38.817021276595746 64000
1695137033469 37.981249999999996 68000
1695137066522 37.421276595744686 72000
1695137103799 37.41851851851852 76000
1695137142184 36.81481481481481 80000
1695137179757 37.46296296296296 84000
1695137217180 36.64528301886792 88000
1695137252678 36.292156862745095 92000
1695137286556 37.61875 96000
1695137322178 37.90196078431372 100000
1695137356725 37.53061224489796 104000
1695137389754 37.32340425531915 108000
1695137421500 37.77777777777777 112000
1695137453464 38.03260869565217 116000
1695137486567 37.738297872340425 120000
1695137518816 37.40652173913043 124000
1695137552994 36.61836734693878 128000
1695137587509 37.64693877551021 132000
1695137620405 37.355319148936175 136000
1695137652404 37.6695652173913 140000
1695137685740 37.22553191489362 144000
1695137720449 37.29795918367347 148000
1695137753150 38.18936170212766 152000
1695137785962 37.4595744680851 156000
1695137819434 37.26666666666667 160000
