1695136485617 17.702272727272728 4000
1695136522513 18.063461538461542 8000
1695136560449 17.627777777777776 12000
1695136594680 17.765306122448976 16000
1695136626317 17.94 20000
1695136659446 18.078723404255324 24000
1695136692932 18.24791666666667 28000
1695136726836 18.385416666666668 32000
1695136760593 18.51875 36000
1695136795215 18.636 40000
1695136829851 18.789795918367346 44000
1695136863889 18.918367346938776 48000
1695136896318 19.067391304347833 52000
1695136932769 19.221153846153843 56000
1695136966876 19.3375 60000
1695136999773 19.45957446808511 64000
1695137033469 19.633333333333333 68000
1695137066522 19.79574468085106 72000
1695137103799 19.95185185185185 76000
1695137142184 20.12592592592592 80000
1695137179758 20.26296296296297 84000
1695137217180 20.388679245283022 88000
1695137252678 20.537254901960786 92000
1695137286557 20.660416666666666 96000
1695137322178 20.80588235294118 100000
1695137356726 20.94081632653061 104000
1695137389755 21.055319148936178 108000
1695137421500 21.23333333333333 112000
1695137453465 21.35 116000
1695137486567 21.500000000000004 120000
1695137518817 21.636956521739126 124000
1695137552994 21.78775510204082 128000
1695137587509 21.932653061224485 132000
1695137620405 22.078723404255324 136000
1695137652405 22.22391304347826 140000
1695137685741 22.363829787234042 144000
1695137720450 22.4734693877551 148000
1695137753150 22.56808510638298 152000
1695137785962 22.653191489361703 156000
1695137819434 22.775000000000006 160000
