1695303109738 1.0 4000
1695303138425 1.0 8000
1695303167560 1.0 12000
1695303196332 1.0 16000
1695303230400 1.0 20000
1695303262724 1.0 24000
1695303295870 1.0 28000
1695303328702 1.0 32000
1695303360595 1.0 36000
1695303392722 1.0 40000
1695303425087 1.0 44000
1695303456275 1.0 48000
1695303487999 1.0 52000
1695303518742 1.0 56000
1695303550454 1.0 60000
1695303581644 1.0 64000
1695303615383 1.0 68000
1695303648116 1.0 72000
1695303680787 1.0 76000
1695303712536 1.0 80000
1695303753738 1.0 84000
1695303786247 1.0 88000
1695303816976 1.0 92000
1695303852680 1.0 96000
1695303897859 1.0 100000
1695303939937 1.0 104000
1695303972663 1.0 108000
1695304013199 1.0 112000
1695304058374 1.0 116000
1695304101576 1.0 120000
1695304142339 1.0 124000
1695304192078 1.0 128000
1695304235760 1.0 132000
1695304278873 1.0 136000
1695304323128 1.0 140000
1695304364733 1.0 144000
1695304406610 1.0 148000
1695304450481 1.0 152000
1695304491946 1.0 156000
1695304533305 1.0 160000
1695304577748 1.0 164000
1695304622902 1.0 168000
1695304666381 1.0 172000
1695304711488 1.0 176000
1695304751067 1.0 180000
1695304788776 1.0 184000
1695304832578 1.0 188000
1695304872695 1.0 192000
1695304909417 1.0 196000
1695304945272 1.0 200000
1695304982358 1.0 204000
1695305025038 1.0 208000
1695305061266 1.0 212000
1695305097727 1.0 216000
1695305135897 1.0 220000
1695305173115 1.0 224000
1695305208325 1.0 228000
1695305242168 1.0 232000
1695305273016 1.0 236000
1695305303701 1.0 240000
1695305335048 1.0 244000
1695305365457 1.0 248000
1695305395891 1.0 252000
1695305426402 1.0 256000
1695305457139 1.0 260000
1695305487753 1.0 264000
1695305518415 1.0 268000
1695305548818 1.0 272000
1695305579519 1.0 276000
1695305610980 1.0 280000
1695305641306 1.0 284000
1695305672137 1.0 288000
1695305702380 1.0 292000
1695305733794 1.0 296000
1695305763970 1.0 300000
1695305794978 1.0 304000
1695305825384 1.0 308000
1695305856239 1.0 312000
1695305886500 1.0 316000
1695305917127 1.0 320000
1695305947613 1.0 324000
1695305978536 1.0 328000
1695306008695 1.0 332000
1695306039557 1.0 336000
1695306070924 1.0 340000
1695306101829 1.0 344000
1695306132292 1.0 348000
1695306162918 1.0 352000
1695306193407 1.0 356000
1695306224330 1.0 360000
1695306254746 1.0 364000
1695306287165 1.0 368000
1695306318532 1.0 372000
1695306351110 1.0 376000
1695306382557 1.0 380000
1695306417692 1.0 384000
1695306452252 1.0 388000
1695306486497 1.0 392000
1695306519944 1.0 396000
1695306554119 1.0 400000
1695306586122 1.0 404000
1695306620827 1.0 408000
1695306653720 1.0 412000
1695306687417 1.0 416000
1695306720501 1.0 420000
1695306752973 1.0 424000
1695306786125 1.0 428000
1695306823444 1.0 432000
1695306860249 1.0 436000
1695306893594 1.0 440000
1695306927071 1.0 444000
1695306961145 1.0 448000
1695306995362 1.0 452000
1695307028965 1.0 456000
1695307061204 1.0 460000
1695307093419 1.0 464000
1695307128232 1.0 468000
1695307160952 1.0 472000
1695307193782 1.0 476000
1695307226938 1.0 480000
1695307261349 1.0 484000
1695307295817 1.0 488000
1695307328611 1.0 492000
1695307362241 1.0 496000
1695307398580 1.0 500000
1695307433827 1.0 504000
1695307466863 1.0 508000
1695307502359 1.0 512000
1695307540925 1.0 516000
1695307575813 1.0 520000
1695307615239 1.0 524000
1695307652960 1.0 528000
1695307689026 1.0 532000
1695307724800 1.0 536000
1695307759428 1.0 540000
1695307803682 1.0 544000
1695307846256 1.0 548000
1695307880738 1.0 552000
1695307919665 1.0 556000
1695307956837 1.0 560000
1695307994909 1.0 564000
1695308028062 1.0 568000
1695308062936 1.0 572000
1695308098138 1.0 576000
1695308132154 1.0 580000
1695308167263 1.0 584000
1695308204652 1.0 588000
1695308240266 1.0 592000
1695308275314 1.0 596000
1695308317678 1.0 600000
1695308353448 1.0 604000
1695308394802 1.0 608000
1695308433168 1.0 612000
1695308469797 1.0 616000
1695308516229 1.0 620000
1695308552806 1.0 624000
1695308589990 1.0 628000
1695308629772 1.0 632000
1695308665835 1.0 636000
1695308704010 1.0 640000
1695308741076 1.0 644000
1695308776487 1.0 648000
1695308813165 1.0 652000
1695308854551 1.0 656000
1695308889206 1.0 660000
1695308922302 1.0 664000
1695308955676 1.0 668000
1695308990693 1.0 672000
1695309025630 1.0 676000
1695309064328 1.0 680000
1695309102489 1.0 684000
1695309138103 1.0 688000
1695309173216 1.0 692000
1695309207228 1.0 696000
1695309241647 1.0 700000
1695309278157 1.0 704000
1695309314305 1.0 708000
1695309350766 1.0 712000
1695309387617 1.0 716000
1695309422328 1.0 720000
1695309457172 1.0 724000
1695309489561 1.0 728000
1695309522332 1.0 732000
1695309555509 1.0 736000
1695309590369 1.0 740000
1695309624628 1.0 744000
1695309658599 1.0 748000
1695309692389 1.0 752000
1695309730487 1.0 756000
1695309765038 1.0 760000
1695309797527 1.0 764000
1695309829884 1.0 768000
1695309863452 1.0 772000
1695309897359 1.0 776000
1695309932724 1.0 780000
1695309969990 1.0 784000
1695310015877 1.0 788000
1695310052616 1.0 792000
1695310087789 1.0 796000
1695310125691 1.0 800000
1695310160796 1.0 804000
1695310197792 1.0 808000
1695310240384 1.0 812000
1695310277606 1.0 816000
1695310312715 1.0 820000
1695310348357 1.0 824000
1695310386698 1.0 828000
1695310421541 1.0 832000
1695310455210 1.0 836000
1695310494046 1.0 840000
1695310538745 1.0 844000
1695310575978 1.0 848000
1695310616915 1.0 852000
1695310655496 1.0 856000
1695310690360 1.0 860000
1695310724076 1.0 864000
1695310758963 1.0 868000
