1695303109737 2.0 4000
1695303138425 2.0 8000
1695303167559 2.0 12000
1695303196332 2.0 16000
1695303230400 2.0 20000
1695303262723 2.0 24000
1695303295869 2.0 28000
1695303328701 2.0 32000
1695303360594 2.0 36000
1695303392722 2.0 40000
1695303425086 2.0 44000
1695303456275 2.0 48000
1695303487998 2.0 52000
1695303518741 2.0 56000
1695303550453 2.0 60000
1695303581644 2.0 64000
1695303615382 2.0 68000
1695303648115 2.0 72000
1695303680786 2.0 76000
1695303712536 2.0 80000
1695303753737 2.0 84000
1695303786246 2.0 88000
1695303816975 2.0 92000
1695303852679 2.0 96000
1695303897858 2.0 100000
1695303939937 2.0 104000
1695303972662 2.0 108000
1695304013198 2.0 112000
1695304058374 2.0 116000
1695304101576 2.0 120000
1695304142338 2.0 124000
1695304192077 2.0 128000
1695304235759 2.0 132000
1695304278872 2.0 136000
1695304323127 2.0 140000
1695304364732 2.0 144000
1695304406609 2.0 148000
1695304450480 2.0 152000
1695304491945 2.0 156000
1695304533304 2.0 160000
1695304577747 2.0 164000
1695304622901 2.0 168000
1695304666380 2.0 172000
1695304711487 2.0 176000
1695304751066 2.0 180000
1695304788775 2.0 184000
1695304832577 2.0 188000
1695304872694 2.0 192000
1695304909416 2.0 196000
1695304945271 2.0 200000
1695304982358 2.0 204000
1695305025037 2.0 208000
1695305061265 2.0 212000
1695305097726 2.0 216000
1695305135896 2.0 220000
1695305173114 2.0 224000
1695305208325 2.0 228000
1695305242167 2.0 232000
1695305273015 2.0 236000
1695305303700 2.0 240000
1695305335048 2.0 244000
1695305365457 2.0 248000
1695305395890 2.0 252000
1695305426401 2.0 256000
1695305457138 2.0 260000
1695305487752 2.0 264000
1695305518414 2.0 268000
1695305548818 2.0 272000
1695305579519 2.0 276000
1695305610980 2.0 280000
1695305641306 2.0 284000
1695305672137 2.0 288000
1695305702379 2.0 292000
1695305733794 2.0 296000
1695305763969 2.0 300000
1695305794977 2.0 304000
1695305825383 2.0 308000
1695305856238 2.0 312000
1695305886499 2.0 316000
1695305917126 2.0 320000
1695305947612 2.0 324000
1695305978535 2.0 328000
1695306008694 2.0 332000
1695306039556 2.0 336000
1695306070924 2.0 340000
1695306101828 2.0 344000
1695306132291 2.0 348000
1695306162917 2.0 352000
1695306193407 2.0 356000
1695306224329 2.0 360000
1695306254745 2.0 364000
1695306287164 2.0 368000
1695306318531 2.0 372000
1695306351109 2.0 376000
1695306382556 2.0 380000
1695306417691 2.0 384000
1695306452251 2.0 388000
1695306486496 2.0 392000
1695306519943 2.0 396000
1695306554119 2.0 400000
1695306586122 2.0 404000
1695306620826 2.0 408000
1695306653719 2.0 412000
1695306687416 2.0 416000
1695306720500 2.0 420000
1695306752973 2.0 424000
1695306786124 2.0 428000
1695306823444 2.0 432000
1695306860248 2.0 436000
1695306893593 2.0 440000
1695306927071 2.0 444000
1695306961144 2.0 448000
1695306995362 2.0 452000
1695307028964 2.0 456000
1695307061204 2.0 460000
1695307093418 2.0 464000
1695307128231 2.0 468000
1695307160952 2.0 472000
1695307193781 2.0 476000
1695307226937 2.0 480000
1695307261348 2.0 484000
1695307295816 2.0 488000
1695307328610 2.0 492000
1695307362240 2.0 496000
1695307398579 2.0 500000
1695307433827 2.0 504000
1695307466862 2.0 508000
1695307502359 2.0 512000
1695307540925 2.0 516000
1695307575812 2.0 520000
1695307615239 2.0 524000
1695307652960 2.0 528000
1695307689025 2.0 532000
1695307724799 2.0 536000
1695307759428 2.0 540000
1695307803681 2.0 544000
1695307846255 2.0 548000
1695307880738 2.0 552000
1695307919664 2.0 556000
1695307956836 2.0 560000
1695307994908 2.0 564000
1695308028062 2.0 568000
1695308062935 2.0 572000
1695308098137 2.0 576000
1695308132154 2.0 580000
1695308167262 2.0 584000
1695308204651 2.0 588000
1695308240265 2.0 592000
1695308275313 2.0 596000
1695308317677 2.0 600000
1695308353447 2.0 604000
1695308394801 2.0 608000
1695308433167 2.0 612000
1695308469796 2.0 616000
1695308516228 2.0 620000
1695308552805 2.0 624000
1695308589989 2.0 628000
1695308629771 2.0 632000
1695308665834 2.0 636000
1695308704009 2.0 640000
1695308741075 2.0 644000
1695308776486 2.0 648000
1695308813164 2.0 652000
1695308854550 2.0 656000
1695308889205 2.0 660000
1695308922301 2.0 664000
1695308955675 2.0 668000
1695308990692 2.0 672000
1695309025629 2.0 676000
1695309064327 2.0 680000
1695309102488 2.0 684000
1695309138102 2.0 688000
1695309173215 2.0 692000
1695309207227 2.0 696000
1695309241646 2.0 700000
1695309278156 2.0 704000
1695309314304 2.0 708000
1695309350765 2.0 712000
1695309387617 2.0 716000
1695309422327 2.0 720000
1695309457171 2.0 724000
1695309489561 2.0 728000
1695309522332 2.0 732000
1695309555508 2.0 736000
1695309590368 2.0 740000
1695309624627 2.0 744000
1695309658598 2.0 748000
1695309692388 2.0 752000
1695309730486 2.0 756000
1695309765038 2.0 760000
1695309797526 2.0 764000
1695309829884 2.0 768000
1695309863451 2.0 772000
1695309897358 2.0 776000
1695309932723 2.0 780000
1695309969989 2.0 784000
1695310015876 2.0 788000
1695310052615 2.0 792000
1695310087788 2.0 796000
1695310125691 2.0 800000
1695310160795 2.0 804000
1695310197791 2.0 808000
1695310240383 2.0 812000
1695310277605 2.0 816000
1695310312714 2.0 820000
1695310348356 2.0 824000
1695310386697 2.0 828000
1695310421541 2.0 832000
1695310455209 2.0 836000
1695310494045 2.0 840000
1695310538745 2.0 844000
1695310575977 2.0 848000
1695310616914 2.0 852000
1695310655496 2.0 856000
1695310690359 2.0 860000
1695310724075 2.0 864000
1695310758962 2.0 868000
