1695303109738 0.0 4000
1695303138425 0.0 8000
1695303167560 0.0 12000
1695303196332 0.0 16000
1695303230400 0.0 20000
1695303262724 0.0 24000
1695303295869 0.0 28000
1695303328701 0.0 32000
1695303360594 0.0 36000
1695303392722 0.0 40000
1695303425087 0.0 44000
1695303456275 0.0 48000
1695303487999 0.0 52000
1695303518742 0.0 56000
1695303550454 0.0 60000
1695303581644 0.0 64000
1695303615382 0.0 68000
1695303648116 0.0 72000
1695303680787 0.0 76000
1695303712536 0.0 80000
1695303753738 0.0 84000
1695303786246 0.0 88000
1695303816975 0.0 92000
1695303852679 0.0 96000
1695303897858 0.0 100000
1695303939937 0.0 104000
1695303972662 0.0 108000
1695304013198 0.0 112000
1695304058374 0.0 116000
1695304101576 0.0 120000
1695304142339 0.0 124000
1695304192077 0.0 128000
1695304235760 0.0 132000
1695304278872 0.0 136000
1695304323127 0.0 140000
1695304364733 0.0 144000
1695304406609 0.0 148000
1695304450480 0.0 152000
1695304491946 0.0 156000
1695304533305 0.0 160000
1695304577747 0.0 164000
1695304622901 0.0 168000
1695304666380 0.0 172000
1695304711488 0.0 176000
1695304751066 0.0 180000
1695304788776 0.0 184000
1695304832577 0.0 188000
1695304872694 0.0 192000
1695304909416 0.0 196000
1695304945272 0.0 200000
1695304982358 0.0 204000
1695305025038 0.0 208000
1695305061266 0.0 212000
1695305097727 0.0 216000
1695305135896 0.0 220000
1695305173114 0.0 224000
1695305208325 0.0 228000
1695305242168 0.0 232000
1695305273015 0.0 236000
1695305303700 0.0 240000
1695305335048 0.0 244000
1695305365457 0.0 248000
1695305395890 0.0 252000
1695305426402 0.0 256000
1695305457139 0.0 260000
1695305487753 0.0 264000
1695305518414 0.0 268000
1695305548818 0.0 272000
1695305579519 0.0 276000
1695305610980 0.0 280000
1695305641306 0.0 284000
1695305672137 0.0 288000
1695305702379 0.0 292000
1695305733794 0.0 296000
1695305763970 0.0 300000
1695305794978 0.0 304000
1695305825383 0.0 308000
1695305856239 0.0 312000
1695305886499 0.0 316000
1695305917126 0.0 320000
1695305947613 0.0 324000
1695305978535 0.0 328000
1695306008694 0.0 332000
1695306039557 0.0 336000
1695306070924 0.0 340000
1695306101829 0.0 344000
1695306132291 0.0 348000
1695306162918 0.0 352000
1695306193407 0.0 356000
1695306224329 0.0 360000
1695306254745 0.0 364000
1695306287165 0.0 368000
1695306318531 0.0 372000
1695306351109 0.0 376000
1695306382556 0.0 380000
1695306417691 0.0 384000
1695306452252 0.0 388000
1695306486497 0.0 392000
1695306519943 0.0 396000
1695306554119 0.0 400000
1695306586122 0.0 404000
1695306620827 0.0 408000
1695306653719 0.0 412000
1695306687416 0.0 416000
1695306720500 0.0 420000
1695306752973 0.0 424000
1695306786124 0.0 428000
1695306823444 0.0 432000
1695306860248 0.0 436000
1695306893593 0.0 440000
1695306927071 0.0 444000
1695306961144 0.0 448000
1695306995362 0.0 452000
1695307028965 0.0 456000
1695307061204 0.0 460000
1695307093419 0.0 464000
1695307128232 0.0 468000
1695307160952 0.0 472000
1695307193782 0.0 476000
1695307226938 0.0 480000
1695307261348 0.0 484000
1695307295816 0.0 488000
1695307328610 0.0 492000
1695307362240 0.0 496000
1695307398579 0.0 500000
1695307433827 0.0 504000
1695307466863 0.0 508000
1695307502359 0.0 512000
1695307540925 0.0 516000
1695307575813 0.0 520000
1695307615239 0.0 524000
1695307652960 0.0 528000
1695307689025 0.0 532000
1695307724799 0.0 536000
1695307759428 0.0 540000
1695307803681 0.0 544000
1695307846256 0.0 548000
1695307880738 0.0 552000
1695307919665 0.0 556000
1695307956837 0.0 560000
1695307994909 0.0 564000
1695308028062 0.0 568000
1695308062935 0.0 572000
1695308098137 0.0 576000
1695308132154 0.0 580000
1695308167262 0.0 584000
1695308204652 0.0 588000
1695308240266 0.0 592000
1695308275313 0.0 596000
1695308317677 0.0 600000
1695308353448 0.0 604000
1695308394802 0.0 608000
1695308433168 0.0 612000
1695308469797 0.0 616000
1695308516229 0.0 620000
1695308552806 0.0 624000
1695308589990 0.0 628000
1695308629772 0.0 632000
1695308665834 0.0 636000
1695308704010 0.0 640000
1695308741075 0.0 644000
1695308776486 0.0 648000
1695308813164 0.0 652000
1695308854551 0.0 656000
1695308889206 0.0 660000
1695308922301 0.0 664000
1695308955676 0.0 668000
1695308990692 0.0 672000
1695309025630 0.0 676000
1695309064327 0.0 680000
1695309102488 0.0 684000
1695309138103 0.0 688000
1695309173215 0.0 692000
1695309207228 0.0 696000
1695309241646 0.0 700000
1695309278156 0.0 704000
1695309314304 0.0 708000
1695309350765 0.0 712000
1695309387617 0.0 716000
1695309422328 0.0 720000
1695309457172 0.0 724000
1695309489561 0.0 728000
1695309522332 0.0 732000
1695309555508 0.0 736000
1695309590369 0.0 740000
1695309624627 0.0 744000
1695309658598 0.0 748000
1695309692389 0.0 752000
1695309730487 0.0 756000
1695309765038 0.0 760000
1695309797526 0.0 764000
1695309829884 0.0 768000
1695309863451 0.0 772000
1695309897359 0.0 776000
1695309932723 0.0 780000
1695309969989 0.0 784000
1695310015877 0.0 788000
1695310052616 0.0 792000
1695310087789 0.0 796000
1695310125691 0.0 800000
1695310160796 0.0 804000
1695310197792 0.0 808000
1695310240383 0.0 812000
1695310277605 0.0 816000
1695310312715 0.0 820000
1695310348357 0.0 824000
1695310386698 0.0 828000
1695310421541 0.0 832000
1695310455209 0.0 836000
1695310494045 0.0 840000
1695310538745 0.0 844000
1695310575978 0.0 848000
1695310616914 0.0 852000
1695310655496 0.0 856000
1695310690359 0.0 860000
1695310724075 0.0 864000
1695310758963 0.0 868000
