1695303109677 1.345 4000
1695303138365 1.345 8000
1695303167501 1.345 12000
1695303196271 1.345 16000
1695303230331 1.345 20000
1695303262665 1.032 24000
1695303295811 0.9259999999999999 28000
1695303328644 1.3399999999999999 32000
1695303360532 1.3399999999999999 36000
1695303392663 1.3399999999999999 40000
1695303425029 1.3399999999999999 44000
1695303456215 1.351 48000
1695303487941 1.351 52000
1695303518684 1.351 56000
1695303550397 0.9369999999999999 60000
1695303581587 1.331 64000
1695303615321 1.331 68000
1695303648061 1.329 72000
1695303680729 0.939 76000
1695303712480 1.455 80000
1695303753677 1.438 84000
1695303786190 0.973 88000
1695303816915 0.97 92000
1695303852604 0.973 96000
1695303897729 0.961 100000
1695303939881 1.466 104000
1695303972600 0.978 108000
1695304013127 0.976 112000
1695304058298 0.97 116000
1695304101510 0.981 120000
1695304142271 1.4180000000000001 124000
1695304191985 1.4729999999999999 128000
1695304235684 0.976 132000
1695304278797 0.976 136000
1695304323053 0.978 140000
1695304364655 1.475 144000
1695304406523 0.985 148000
1695304450404 1.413 152000
1695304491880 0.976 156000
1695304533233 1.37 160000
1695304577677 0.979 164000
1695304622825 1.416 168000
1695304666313 1.454 172000
1695304711433 0.974 176000
1695304751001 0.976 180000
1695304788708 0.976 184000
1695304832512 1.4409999999999998 188000
1695304872627 0.982 192000
1695304909344 0.979 196000
1695304945209 0.978 200000
1695304982294 1.45 204000
1695305024968 1.459 208000
1695305061202 1.451 212000
1695305097661 0.981 216000
1695305135832 0.981 220000
1695305173050 0.973 224000
1695305208263 0.973 228000
1695305242114 0.972 232000
1695305272961 1.467 236000
1695305303636 1.401 240000
1695305334994 0.976 244000
1695305365400 0.973 248000
1695305395837 1.466 252000
1695305426343 0.978 256000
1695305457087 0.972 260000
1695305487694 0.979 264000
1695305518361 0.974 268000
1695305548760 1.4689999999999999 272000
1695305579467 1.4369999999999998 276000
1695305610925 0.982 280000
1695305641251 0.978 284000
1695305672086 1.463 288000
1695305702325 1.47 292000
1695305733740 0.97 296000
1695305763902 1.462 300000
1695305794924 0.973 304000
1695305825329 0.976 308000
1695305856185 0.975 312000
1695305886448 1.415 316000
1695305917073 0.976 320000
1695305947558 1.4569999999999999 324000
1695305978485 0.978 328000
1695306008639 0.972 332000
1695306039501 0.974 336000
1695306070869 0.978 340000
1695306101773 1.463 344000
1695306132238 0.976 348000
1695306162864 0.975 352000
1695306193352 1.424 356000
1695306224275 1.471 360000
1695306254691 0.976 364000
1695306287111 0.976 368000
1695306318477 0.975 372000
1695306351046 0.976 376000
1695306382504 0.978 380000
1695306417632 0.976 384000
1695306452183 0.972 388000
1695306486437 1.471 392000
1695306519889 0.976 396000
1695306554060 0.974 400000
1695306586065 0.979 404000
1695306620765 0.976 408000
1695306653664 0.97 412000
1695306687353 0.976 416000
1695306720443 0.979 420000
1695306752916 1.468 424000
1695306786070 0.974 428000
1695306823360 0.975 432000
1695306860190 1.444 436000
1695306893536 1.466 440000
1695306927008 0.976 444000
1695306961087 0.964 448000
1695306995305 1.456 452000
1695307028908 0.976 456000
1695307061145 1.4489999999999998 460000
1695307093360 0.975 464000
1695307128174 0.973 468000
1695307160890 0.974 472000
1695307193724 0.982 476000
1695307226878 0.974 480000
1695307261290 0.98 484000
1695307295761 0.975 488000
1695307328552 0.976 492000
1695307362181 0.967 496000
1695307398516 0.979 500000
1695307433768 0.975 504000
1695307466799 0.976 508000
1695307502295 0.975 512000
1695307540859 0.97 516000
1695307575755 0.982 520000
1695307615174 0.973 524000
1695307652903 0.969 528000
1695307688965 0.975 532000
1695307724739 0.978 536000
1695307759371 0.979 540000
1695307803589 0.972 544000
1695307846198 1.47 548000
1695307880673 1.466 552000
1695307919604 0.972 556000
1695307956769 0.976 560000
1695307994850 0.974 564000
1695308028004 0.969 568000
1695308062875 0.982 572000
1695308098080 0.973 576000
1695308132092 0.976 580000
1695308167204 0.976 584000
1695308204583 1.4689999999999999 588000
1695308240209 0.979 592000
1695308275247 0.971 596000
1695308317611 0.965 600000
1695308353386 0.976 604000
1695308394723 0.976 608000
1695308433111 0.975 612000
1695308469730 0.975 616000
1695308516164 1.447 620000
1695308552742 0.972 624000
1695308589921 0.97 628000
1695308629705 0.976 632000
1695308665758 0.968 636000
1695308703943 1.4729999999999999 640000
1695308741017 1.464 644000
1695308776422 0.968 648000
1695308813096 0.974 652000
1695308854494 0.973 656000
1695308889148 1.475 660000
1695308922243 0.979 664000
1695308955616 0.968 668000
1695308990628 0.972 672000
1695309025559 0.968 676000
1695309064253 0.969 680000
1695309102425 0.978 684000
1695309138039 0.981 688000
1695309173156 0.975 692000
1695309207166 0.973 696000
1695309241589 1.472 700000
1695309278094 0.979 704000
1695309314237 1.468 708000
1695309350709 0.973 712000
1695309387556 0.975 716000
1695309422271 0.979 720000
1695309457115 0.976 724000
1695309489507 0.976 728000
1695309522275 1.4609999999999999 732000
1695309555450 1.456 736000
1695309590309 0.97 740000
1695309624569 0.975 744000
1695309658541 0.976 748000
1695309692332 0.965 752000
1695309730410 0.97 756000
1695309764981 1.46 760000
1695309797471 0.976 764000
1695309829826 0.979 768000
1695309863394 0.976 772000
1695309897300 0.976 776000
1695309932664 0.972 780000
1695309969926 0.976 784000
1695310015816 0.976 788000
1695310052554 0.979 792000
1695310087726 0.975 796000
1695310125630 0.969 800000
1695310160740 0.976 804000
1695310197727 0.973 808000
1695310240318 0.97 812000
1695310277547 1.468 816000
1695310312653 1.447 820000
1695310348292 0.976 824000
1695310386615 1.451 828000
1695310421486 0.976 832000
1695310455148 0.976 836000
1695310493982 0.975 840000
1695310538688 1.479 844000
1695310575915 0.975 848000
1695310616830 0.976 852000
1695310655438 0.976 856000
1695310690302 0.969 860000
1695310724019 0.969 864000
1695310758906 0.974 868000
