1695303109676 0.7669999999999999 4000
1695303138365 1.2429999999999999 8000
1695303167501 1.2429999999999999 12000
1695303196271 1.357 16000
1695303230331 1.357 20000
1695303262664 1.357 24000
1695303295811 1.357 28000
1695303328643 1.374 32000
1695303360531 1.374 36000
1695303392662 1.374 40000
1695303425029 1.374 44000
1695303456215 1.439 48000
1695303487940 1.4409999999999998 52000
1695303518683 1.443 56000
1695303550396 1.443 60000
1695303581586 1.464 64000
1695303615321 1.464 68000
1695303648061 1.435 72000
1695303680729 1.464 76000
1695303712479 1.4729999999999999 80000
1695303753676 1.47 84000
1695303786190 1.476 88000
1695303816914 1.4609999999999999 92000
1695303852604 1.4729999999999999 96000
1695303897729 1.4689999999999999 100000
1695303939881 1.4729999999999999 104000
1695303972600 1.4729999999999999 108000
1695304013126 1.476 112000
1695304058297 1.4729999999999999 116000
1695304101509 1.479 120000
1695304142271 1.4729999999999999 124000
1695304191985 1.476 128000
1695304235684 1.476 132000
1695304278797 1.4729999999999999 136000
1695304323053 1.476 140000
1695304364655 1.476 144000
1695304406522 1.476 148000
1695304450404 1.479 152000
1695304491880 1.479 156000
1695304533232 1.476 160000
1695304577677 1.476 164000
1695304622825 1.476 168000
1695304666312 1.476 172000
1695304711433 1.476 176000
1695304751001 1.476 180000
1695304788707 1.479 184000
1695304832511 1.476 188000
1695304872627 1.479 192000
1695304909344 1.476 196000
1695304945209 1.479 200000
1695304982294 1.479 204000
1695305024968 1.479 208000
1695305061202 1.479 212000
1695305097661 1.479 216000
1695305135832 1.4729999999999999 220000
1695305173050 1.479 224000
1695305208263 1.476 228000
1695305242113 1.479 232000
1695305272961 1.476 236000
1695305303636 1.479 240000
1695305334994 1.476 244000
1695305365399 1.476 248000
1695305395836 1.476 252000
1695305426342 1.476 256000
1695305457086 1.476 260000
1695305487694 1.476 264000
1695305518361 1.479 268000
1695305548760 1.479 272000
1695305579467 1.476 276000
1695305610925 1.476 280000
1695305641251 1.479 284000
1695305672086 1.476 288000
1695305702325 1.479 292000
1695305733740 1.479 296000
1695305763902 1.479 300000
1695305794923 1.476 304000
1695305825329 1.479 308000
1695305856185 1.479 312000
1695305886448 1.476 316000
1695305917072 1.479 320000
1695305947558 1.476 324000
1695305978484 1.479 328000
1695306008639 1.476 332000
1695306039500 1.476 336000
1695306070869 1.476 340000
1695306101773 1.479 344000
1695306132238 1.4729999999999999 348000
1695306162863 1.476 352000
1695306193352 1.479 356000
1695306224275 1.479 360000
1695306254691 1.479 364000
1695306287110 1.479 368000
1695306318476 1.476 372000
1695306351045 1.479 376000
1695306382504 1.479 380000
1695306417631 1.479 384000
1695306452183 1.476 388000
1695306486437 1.479 392000
1695306519889 1.476 396000
1695306554059 1.479 400000
1695306586065 1.479 404000
1695306620765 1.4729999999999999 408000
1695306653664 1.476 412000
1695306687353 1.479 416000
1695306720442 1.479 420000
1695306752916 1.479 424000
1695306786069 1.476 428000
1695306823360 1.4729999999999999 432000
1695306860189 1.479 436000
1695306893536 1.476 440000
1695306927008 1.476 444000
1695306961087 1.479 448000
1695306995305 1.476 452000
1695307028907 1.479 456000
1695307061145 1.479 460000
1695307093359 1.476 464000
1695307128174 1.479 468000
1695307160889 1.476 472000
1695307193724 1.479 476000
1695307226878 1.479 480000
1695307261289 1.479 484000
1695307295760 1.476 488000
1695307328551 1.479 492000
1695307362180 1.476 496000
1695307398515 1.479 500000
1695307433767 1.479 504000
1695307466799 1.479 508000
1695307502295 1.476 512000
1695307540858 1.479 516000
1695307575754 1.479 520000
1695307615174 1.479 524000
1695307652903 1.479 528000
1695307688964 1.479 532000
1695307724739 1.476 536000
1695307759371 1.476 540000
1695307803588 1.476 544000
1695307846198 1.479 548000
1695307880673 1.479 552000
1695307919603 1.476 556000
1695307956769 1.476 560000
1695307994849 1.476 564000
1695308028004 1.479 568000
1695308062875 1.479 572000
1695308098080 1.479 576000
1695308132092 1.479 580000
1695308167204 1.479 584000
1695308204583 1.479 588000
1695308240208 1.476 592000
1695308275246 1.476 596000
1695308317611 1.476 600000
1695308353385 1.479 604000
1695308394722 1.479 608000
1695308433110 1.479 612000
1695308469729 1.476 616000
1695308516164 1.476 620000
1695308552742 1.479 624000
1695308589921 1.479 628000
1695308629705 1.479 632000
1695308665757 1.476 636000
1695308703942 1.476 640000
1695308741017 1.476 644000
1695308776421 1.479 648000
1695308813095 1.479 652000
1695308854494 1.479 656000
1695308889147 1.479 660000
1695308922243 1.476 664000
1695308955615 1.479 668000
1695308990628 1.479 672000
1695309025559 1.479 676000
1695309064252 1.476 680000
1695309102425 1.479 684000
1695309138039 1.476 688000
1695309173155 1.476 692000
1695309207166 1.476 696000
1695309241589 1.476 700000
1695309278094 1.479 704000
1695309314236 1.479 708000
1695309350708 1.479 712000
1695309387555 1.479 716000
1695309422270 1.479 720000
1695309457115 1.479 724000
1695309489507 1.479 728000
1695309522275 1.479 732000
1695309555450 1.479 736000
1695309590309 1.479 740000
1695309624569 1.479 744000
1695309658541 1.479 748000
1695309692332 1.479 752000
1695309730410 1.479 756000
1695309764981 1.479 760000
1695309797471 1.476 764000
1695309829826 1.479 768000
1695309863394 1.476 772000
1695309897300 1.479 776000
1695309932664 1.479 780000
1695309969926 1.476 784000
1695310015816 1.479 788000
1695310052553 1.479 792000
1695310087725 1.479 796000
1695310125629 1.479 800000
1695310160740 1.479 804000
1695310197726 1.479 808000
1695310240317 1.479 812000
1695310277546 1.479 816000
1695310312653 1.479 820000
1695310348291 1.479 824000
1695310386615 1.479 828000
1695310421486 1.479 832000
1695310455148 1.479 836000
1695310493981 1.479 840000
1695310538688 1.476 844000
1695310575915 1.476 848000
1695310616830 1.479 852000
1695310655438 1.479 856000
1695310690302 1.479 860000
1695310724018 1.479 864000
1695310758905 1.479 868000
