1695136485578 445.506 4000
1695136522463 362.288 8000
1695136560404 346.217 12000
1695136594643 362.221 16000
1695136626279 375.74 20000
1695136659407 372.351 24000
1695136692892 373.296 28000
1695136726798 374.285 32000
1695136760553 376.544 36000
1695136795175 376.784 40000
1695136829807 371.592 44000
1695136863851 383.609 48000
1695136896278 393.814 52000
1695136932729 385.051 56000
1695136966837 382.351 60000
1695136999733 385.817 64000
1695137033426 386.298 68000
1695137066484 390.065 72000
1695137103757 384.061 76000
1695137142142 379.522 80000
1695137179717 376.007 84000
1695137217139 372.345 88000
1695137252637 370.317 92000
1695137286516 375.3 96000
1695137322141 368.549 100000
1695137356680 368.908 104000
1695137389716 371.767 108000
1695137421461 371.775 112000
1695137453428 378.486 116000
1695137486529 384.133 120000
1695137518775 391.45 124000
1695137552946 394.007 128000
1695137587472 396.922 132000
1695137620367 397.723 136000
1695137652367 405.95 140000
1695137685698 405.476 144000
1695137720408 400.484 148000
1695137753112 397.877 152000
1695137785925 397.153 156000
1695137819393 397.178 160000
