1695136485578 8978.548 4000
1695136522463 11040.943 8000
1695136560404 11553.444 12000
1695136594642 11042.979 16000
1695136626279 10645.662 20000
1695136659406 10742.549 24000
1695136692892 10715.349 28000
1695136726798 10687.055 32000
1695136760552 10622.939 36000
1695136795175 10616.153 40000
1695136829806 10764.499 44000
1695136863851 10427.296 48000
1695136896277 10157.085 52000
1695136932728 10388.238 56000
1695136966837 10461.592 60000
1695136999732 10367.602 64000
1695137033426 10354.696 68000
1695137066483 10254.7 72000
1695137103757 10415.01 76000
1695137142141 10539.586 80000
1695137179717 10638.101 84000
1695137217139 10742.735 88000
1695137252637 10801.547 92000
1695137286515 10658.139 96000
1695137322141 10853.363 100000
1695137356679 10842.811 104000
1695137389716 10759.44 108000
1695137421460 10759.182 112000
1695137453428 10568.424 116000
1695137486528 10413.059 120000
1695137518775 10218.421 124000
1695137552946 10152.102 128000
1695137587472 10077.544 132000
1695137620367 10057.247 136000
1695137652366 9853.437 140000
1695137685698 9864.956 144000
1695137720407 9987.91 148000
1695137753112 10053.346 152000
1695137785925 10071.686 156000
1695137819392 10071.063 160000
