1695136485577 21094.941 4000
1695136522462 22294.508 8000
1695136560403 23211.509 12000
1695136594642 23520.775 16000
1695136626278 23281.046 20000
1695136659406 23006.581 24000
1695136692892 22956.804 28000
1695136726797 22980.351 32000
1695136760552 23024.065 36000
1695136795174 23099.939 40000
1695136829806 23375.843 44000
1695136863851 23429.139 48000
1695136896277 23151.246 52000
1695136932728 23140.427 56000
1695136966836 23312.398 60000
1695136999732 23381.928 64000
1695137033425 23414.37 68000
1695137066483 23427.397 72000
1695137103756 23617.059 76000
1695137142141 23866.993 80000
1695137179716 24062.365 84000
1695137217138 24295.011 88000
1695137252636 24541.482 92000
1695137286515 24427.758 96000
1695137322141 24383.476 100000
1695137356679 24553.56 104000
1695137389715 24570.362 108000
1695137421460 24440.506 112000
1695137453428 24102.14 116000
1695137486528 23731.52 120000
1695137518774 23394.966 124000
1695137552945 23133.923 128000
1695137587472 23111.901 132000
1695137620367 23034.179 136000
1695137652366 22875.27 140000
1695137685698 22745.869 144000
1695137720407 22789.295 148000
1695137753111 22817.999 152000
1695137785925 22884.206 156000
1695137819392 22919.871 160000
