1695136485579 40.321 4000
1695136522464 44.138 8000
1695136560405 46.116 12000
1695136594643 45.238 16000
1695136626279 44.484 20000
1695136659407 44.271 24000
1695136692893 44.18 28000
1695136726799 44.064 32000
1695136760553 43.905 36000
1695136795176 44.016 40000
1695136829807 45.17 44000
1695136863852 44.593 48000
1695136896278 44.466 52000
1695136932729 44.687 56000
1695136966838 45.014 60000
1695136999733 45.122 64000
1695137033427 45.188 68000
1695137066484 45.115 72000
1695137103757 45.858 76000
1695137142142 45.971 80000
1695137179717 45.618 84000
1695137217140 45.903 88000
1695137252638 45.506 92000
1695137286516 45.358 96000
1695137322142 44.867 100000
1695137356681 45.866 104000
1695137389716 45.673 108000
1695137421461 45.966 112000
1695137453429 45.117 116000
1695137486529 44.869 120000
1695137518776 44.45 124000
1695137552947 44.519 128000
1695137587473 43.974 132000
1695137620368 43.972 136000
1695137652367 44.449 140000
1695137685699 43.784 144000
1695137720408 44.054 148000
1695137753112 43.759 152000
1695137785926 43.518 156000
1695137819393 43.657 160000
