1695136485577 30114.894 4000
1695136522462 33380.969 8000
1695136560403 34812.494 12000
1695136594641 34610.446 16000
1695136626278 33972.654 20000
1695136659405 33794.871 24000
1695136692891 33717.803 28000
1695136726797 33712.956 32000
1695136760551 33692.388 36000
1695136795174 33761.614 40000
1695136829805 34187.095 44000
1695136863850 33902.576 48000
1695136896276 33354.347 52000
1695136932727 33574.91 56000
1695136966836 33820.572 60000
1695136999731 33796.202 64000
1695137033425 33815.84 68000
1695137066482 33728.785 72000
1695137103756 34079.511 76000
1695137142140 34454.124 80000
1695137179716 34747.633 84000
1695137217138 35085.246 88000
1695137252636 35390.149 92000
1695137286515 35132.87 96000
1695137322140 35283.306 100000
1695137356678 35443.947 104000
1695137389715 35377.158 108000
1695137421459 35247.347 112000
1695137453427 34717.37 116000
1695137486527 34191.133 120000
1695137518774 33659.503 124000
1695137552945 33332.178 128000
1695137587471 33235.029 132000
1695137620366 33136.992 136000
1695137652365 32774.759 140000
1695137685697 32656.174 144000
1695137720406 32822.823 148000
1695137753111 32916.67 152000
1695137785924 33001.045 156000
1695137819391 33036.249 160000
