1695303109683 470.571 4000
1695303138371 474.726 8000
1695303167507 473.649 12000
1695303196277 474.848 16000
1695303230338 455.753 20000
1695303262670 449.212 24000
1695303295817 442.662 28000
1695303328649 437.731 32000
1695303360537 434.289 36000
1695303392668 434.76 40000
1695303425035 426.773 44000
1695303456221 422.409 48000
1695303487946 417.777 52000
1695303518689 413.577 56000
1695303550402 416.821 60000
1695303581592 417.852 64000
1695303615327 411.993 68000
1695303648066 411.307 72000
1695303680735 409.113 76000
1695303712485 405.969 80000
1695303753682 397.981 84000
1695303786195 398.582 88000
1695303816920 399.937 92000
1695303852611 382.343 96000
1695303897736 357.773 100000
1695303939886 346.746 104000
1695303972606 352.247 108000
1695304013133 344.169 112000
1695304058306 334.207 116000
1695304101516 326.852 120000
1695304142277 327.195 124000
1695304191994 310.12 128000
1695304235693 300.31 132000
1695304278804 303.442 136000
1695304323060 310.939 140000
1695304364662 314.894 144000
1695304406532 304.657 148000
1695304450411 304.549 152000
1695304491886 310.352 156000
1695304533240 308.014 160000
1695304577684 307.366 164000
1695304622832 308.81 168000
1695304666320 311.936 172000
1695304711438 310.603 176000
1695304751007 314.999 180000
1695304788714 315.898 184000
1695304832517 315.854 188000
1695304872633 316.979 192000
1695304909350 317.865 196000
1695304945215 324.955 200000
1695304982300 327.521 204000
1695305024975 332.209 208000
1695305061208 336.859 212000
1695305097667 342.713 216000
1695305135838 342.108 220000
1695305173056 341.69 224000
1695305208269 352.716 228000
1695305242119 363.065 232000
1695305272966 369.917 236000
1695305303642 375.717 240000
1695305334999 384.51 244000
1695305365405 401.676 248000
1695305395842 408.417 252000
1695305426348 416.385 256000
1695305457091 429.496 260000
1695305487700 438.937 264000
1695305518366 444.232 268000
1695305548766 444.334 272000
1695305579472 443.381 276000
1695305610930 441.08 280000
1695305641257 441.138 284000
1695305672091 439.916 288000
1695305702330 439.784 292000
1695305733745 439.136 296000
1695305763908 439.451 300000
1695305794929 438.313 304000
1695305825335 438.234 308000
1695305856190 437.395 312000
1695305886453 437.988 316000
1695305917078 440.462 320000
1695305947563 439.913 324000
1695305978489 441.267 328000
1695306008645 440.848 332000
1695306039506 442.459 336000
1695306070874 440.871 340000
1695306101779 442.664 344000
1695306132243 442.804 348000
1695306162869 444.103 352000
1695306193357 444.513 356000
1695306224280 444.494 360000
1695306254696 444.746 364000
1695306287116 441.76 368000
1695306318482 436.845 372000
1695306351051 429.672 376000
1695306382509 430.318 380000
1695306417637 423.739 384000
1695306452188 417.708 388000
1695306486442 411.895 392000
1695306519894 412.211 396000
1695306554065 408.234 400000
1695306586071 407.074 404000
1695306620771 404.801 408000
1695306653669 406.022 412000
1695306687359 407.138 416000
1695306720448 403.724 420000
1695306752922 404.897 424000
1695306786075 406.473 428000
1695306823366 403.4 432000
1695306860195 397.405 436000
1695306893542 398.014 440000
1695306927014 394.352 444000
1695306961093 394.443 448000
1695306995311 392.098 452000
1695307028913 392.954 456000
1695307061151 394.371 460000
1695307093365 394.935 464000
1695307128180 394.153 468000
1695307160895 399.098 472000
1695307193729 401.421 476000
1695307226884 399.515 480000
1695307261295 397.745 484000
1695307295766 397.153 488000
1695307328557 398.619 492000
1695307362186 398.871 496000
1695307398522 384.825 500000
1695307433773 386.129 504000
1695307466805 386.132 508000
1695307502301 384.513 512000
1695307540867 374.156 516000
1695307575760 375.945 520000
1695307615180 370.764 524000
1695307652908 369.491 528000
1695307688970 363.111 532000
1695307724745 363.063 536000
1695307759376 372.248 540000
1695307803596 360.453 544000
1695307846204 356.926 548000
1695307880679 355.41 552000
1695307919609 361.884 556000
1695307956776 351.328 560000
1695307994855 352.637 564000
1695308028010 355.948 568000
1695308062881 359.274 572000
1695308098086 357.559 576000
1695308132098 358.578 580000
1695308167210 363.425 584000
1695308204590 358.9 588000
1695308240214 360.74 592000
1695308275253 358.279 596000
1695308317617 359.215 600000
1695308353392 362.949 604000
1695308394730 352.888 608000
1695308433116 353.715 612000
1695308469736 350.382 616000
1695308516170 342.969 620000
1695308552748 343.743 624000
1695308589927 345.541 628000
1695308629712 341.826 632000
1695308665764 342.841 636000
1695308703949 346.463 640000
1695308741023 347.163 644000
1695308776427 350.322 648000
1695308813102 350.336 652000
1695308854500 349.693 656000
1695308889153 357.085 660000
1695308922248 362.407 664000
1695308955621 367.873 668000
1695308990634 372.56 672000
1695309025566 373.011 676000
1695309064260 366.594 680000
1695309102431 364.662 684000
1695309138045 368.381 688000
1695309173161 368.48 692000
1695309207172 373.868 696000
1695309241594 373.739 700000
1695309278100 367.157 704000
1695309314243 364.387 708000
1695309350714 361.798 712000
1695309387562 356.308 716000
1695309422276 367.449 720000
1695309457121 369.268 724000
1695309489512 373.076 728000
1695309522281 375.185 732000
1695309555455 375.389 736000
1695309590315 374.499 740000
1695309624574 379.156 744000
1695309658546 381.81 748000
1695309692337 382.551 752000
1695309730417 382.347 756000
1695309764986 383.911 760000
1695309797477 385.641 764000
1695309829831 385.242 768000
1695309863399 383.688 772000
1695309897305 383.188 776000
1695309932670 382.52 780000
1695309969932 372.561 784000
1695310015822 363.13 788000
1695310052559 362.398 792000
1695310087732 369.471 796000
1695310125635 360.909 800000
1695310160745 360.416 804000
1695310197733 349.997 808000
1695310240324 342.536 812000
1695310277552 337.679 816000
1695310312659 338.814 820000
1695310348298 343.64 824000
1695310386623 345.753 828000
1695310421492 349.238 832000
1695310455154 348.791 836000
1695310493988 350.002 840000
1695310538694 344.979 844000
1695310575921 346.718 848000
1695310616838 346.898 852000
1695310655444 350.154 856000
1695310690307 348.148 860000
1695310724024 353.349 864000
1695310758911 358.373 868000
