1695303109683 8500.304 4000
1695303138370 8425.92 8000
1695303167506 8445.071 12000
1695303196276 8423.754 16000
1695303230338 8776.686 20000
1695303262670 8904.483 24000
1695303295816 9036.234 28000
1695303328649 9138.026 32000
1695303360537 9210.452 36000
1695303392668 9200.482 40000
1695303425034 9372.667 44000
1695303456220 9469.5 48000
1695303487946 9574.479 52000
1695303518689 9671.72 56000
1695303550402 9596.436 60000
1695303581592 9572.773 64000
1695303615326 9708.91 68000
1695303648066 9725.1 72000
1695303680734 9777.256 76000
1695303712484 9852.977 80000
1695303753682 10050.723 84000
1695303786195 10035.577 88000
1695303816920 10001.573 92000
1695303852610 10461.808 96000
1695303897736 11180.271 100000
1695303939886 11535.814 104000
1695303972606 11355.657 108000
1695304013133 11622.187 112000
1695304058305 11968.613 116000
1695304101515 12237.968 120000
1695304142277 12225.132 124000
1695304191994 12898.226 128000
1695304235693 13319.581 132000
1695304278804 13182.109 136000
1695304323060 12864.267 140000
1695304364662 12702.701 144000
1695304406532 13129.499 148000
1695304450411 13134.185 152000
1695304491886 12888.577 156000
1695304533240 12986.421 160000
1695304577684 13013.817 164000
1695304622832 12952.945 168000
1695304666319 12823.147 172000
1695304711438 12878.174 176000
1695304751007 12698.442 180000
1695304788713 12662.296 184000
1695304832517 12664.063 188000
1695304872633 12619.136 192000
1695304909350 12583.964 196000
1695304945215 12309.412 200000
1695304982300 12212.944 204000
1695305024975 12040.624 208000
1695305061207 11874.404 212000
1695305097667 11671.587 216000
1695305135838 11692.225 220000
1695305173056 11706.516 224000
1695305208269 11340.573 228000
1695305242118 11017.317 232000
1695305272966 10813.248 236000
1695305303642 10646.312 240000
1695305334999 10402.841 244000
1695305365404 9958.27 248000
1695305395841 9793.908 252000
1695305426348 9606.498 256000
1695305457091 9313.251 260000
1695305487699 9112.919 264000
1695305518366 9004.314 268000
1695305548765 9002.235 272000
1695305579472 9021.584 276000
1695305610930 9068.658 280000
1695305641256 9067.453 284000
1695305672091 9092.646 288000
1695305702330 9095.373 292000
1695305733745 9108.799 296000
1695305763907 9102.276 300000
1695305794928 9125.898 304000
1695305825334 9127.54 308000
1695305856190 9145.048 312000
1695305886452 9132.676 316000
1695305917078 9081.377 320000
1695305947563 9092.714 324000
1695305978489 9064.801 328000
1695306008644 9073.429 332000
1695306039505 9040.381 336000
1695306070874 9072.955 340000
1695306101778 9036.191 344000
1695306132243 9033.334 348000
1695306162868 9006.923 352000
1695306193357 8998.603 356000
1695306224280 8998.993 360000
1695306254696 8993.903 364000
1695306287115 9054.684 368000
1695306318481 9156.574 372000
1695306351051 9309.431 376000
1695306382509 9295.453 380000
1695306417637 9439.763 384000
1695306452188 9576.065 388000
1695306486442 9711.204 392000
1695306519894 9703.776 396000
1695306554065 9798.305 400000
1695306586070 9826.227 404000
1695306620771 9881.402 408000
1695306653669 9851.686 412000
1695306687359 9824.688 416000
1695306720448 9907.77 420000
1695306752922 9879.059 424000
1695306786074 9840.758 428000
1695306823366 9915.711 432000
1695306860195 10065.31 436000
1695306893541 10049.9 440000
1695306927014 10143.221 444000
1695306961092 10140.892 448000
1695306995310 10201.533 452000
1695307028912 10179.307 456000
1695307061150 10142.736 460000
1695307093365 10128.237 464000
1695307128179 10148.348 468000
1695307160895 10022.594 472000
1695307193729 9964.612 476000
1695307226883 10012.129 480000
1695307261295 10056.701 484000
1695307295765 10071.697 488000
1695307328557 10034.635 492000
1695307362186 10028.296 496000
1695307398521 10394.329 500000
1695307433773 10359.242 504000
1695307466805 10359.139 508000
1695307502301 10402.777 512000
1695307540867 10690.732 516000
1695307575760 10639.857 520000
1695307615180 10788.53 524000
1695307652908 10825.69 528000
1695307688970 11015.927 532000
1695307724744 11017.383 536000
1695307759376 10745.516 540000
1695307803596 11097.159 544000
1695307846203 11206.806 548000
1695307880679 11254.614 552000
1695307919609 11053.263 556000
1695307956775 11385.38 560000
1695307994855 11343.1 564000
1695308028009 11237.588 568000
1695308062880 11133.568 572000
1695308098085 11186.977 576000
1695308132097 11155.183 580000
1695308167209 11006.389 584000
1695308204589 11145.154 588000
1695308240214 11088.307 592000
1695308275253 11164.495 596000
1695308317617 11135.4 600000
1695308353392 11020.836 604000
1695308394730 11335.053 608000
1695308433116 11308.539 612000
1695308469735 11416.115 616000
1695308516169 11662.869 620000
1695308552748 11636.607 624000
1695308589927 11576.047 628000
1695308629711 11701.857 632000
1695308665763 11667.21 636000
1695308703948 11545.252 640000
1695308741022 11521.958 644000
1695308776427 11418.051 648000
1695308813101 11417.617 652000
1695308854499 11438.602 656000
1695308889153 11201.814 660000
1695308922248 11037.322 664000
1695308955621 10873.322 668000
1695308990634 10736.522 672000
1695309025565 10723.554 676000
1695309064259 10911.258 680000
1695309102431 10969.049 684000
1695309138045 10858.316 688000
1695309173161 10855.398 692000
1695309207171 10698.959 696000
1695309241594 10702.65 700000
1695309278100 10894.512 704000
1695309314243 10977.355 708000
1695309350714 11055.88 712000
1695309387561 11226.228 716000
1695309422275 10885.86 720000
1695309457120 10832.253 724000
1695309489512 10721.686 728000
1695309522280 10661.402 732000
1695309555455 10655.601 736000
1695309590314 10680.939 740000
1695309624574 10549.749 744000
1695309658546 10476.419 748000
1695309692337 10456.116 752000
1695309730417 10461.713 756000
1695309764986 10419.074 760000
1695309797476 10372.344 764000
1695309829831 10383.094 768000
1695309863399 10425.126 772000
1695309897305 10438.739 776000
1695309932669 10456.976 780000
1695309969932 10736.501 784000
1695310015822 11015.338 788000
1695310052559 11037.603 792000
1695310087731 10826.295 796000
1695310125635 11083.111 800000
1695310160745 11098.272 804000
1695310197732 11428.674 808000
1695310240323 11677.593 812000
1695310277552 11845.567 816000
1695310312658 11805.876 820000
1695310348297 11640.095 824000
1695310386622 11568.944 828000
1695310421491 11453.515 832000
1695310455154 11468.173 836000
1695310493987 11428.512 840000
1695310538693 11594.904 844000
1695310575921 11536.76 848000
1695310616837 11530.762 852000
1695310655443 11423.532 856000
1695310690307 11489.377 860000
1695310724024 11320.241 864000
1695310758911 11161.561 868000
