1695303109682 22083.148 4000
1695303138370 21084.441 8000
1695303167506 20858.462 12000
1695303196276 20682.704 16000
1695303230337 21264.266 20000
1695303262669 21471.381 24000
1695303295816 21698.119 28000
1695303328648 21826.649 32000
1695303360536 21827.288 36000
1695303392667 21919.16 40000
1695303425034 21897.333 44000
1695303456220 22049.31 48000
1695303487946 22200.896 52000
1695303518688 22300.56 56000
1695303550401 22142.291 60000
1695303581592 22053.515 64000
1695303615326 21974.842 68000
1695303648065 21948.507 72000
1695303680734 21974.781 76000
1695303712484 21861.627 80000
1695303753681 22545.925 84000
1695303786195 22692.908 88000
1695303816920 22627.289 92000
1695303852610 22654.22 96000
1695303897735 23262.886 100000
1695303939885 23988.623 104000
1695303972605 24066.789 108000
1695304013132 24572.53 112000
1695304058304 25465.92 116000
1695304101515 26334.395 120000
1695304142277 26296.24 124000
1695304191993 27328.38 128000
1695304235692 28190.364 132000
1695304278803 29064.047 136000
1695304323059 29297.672 140000
1695304364661 29406.345 144000
1695304406531 29882.979 148000
1695304450410 30202.808 152000
1695304491885 30080.234 156000
1695304533239 29794.734 160000
1695304577683 30133.633 164000
1695304622831 29739.318 168000
1695304666319 29852.668 172000
1695304711437 30004.832 176000
1695304751007 29722.912 180000
1695304788713 29375.933 184000
1695304832516 29573.06 188000
1695304872632 29252.333 192000
1695304909349 28814.038 196000
1695304945214 28543.874 200000
1695304982299 27908.084 204000
1695305024974 27838.024 208000
1695305061207 27280.349 212000
1695305097666 26615.879 216000
1695305135837 26453.668 220000
1695305173055 26389.391 224000
1695305208268 25897.168 228000
1695305242118 25596.946 232000
1695305272965 25218.43 236000
1695305303642 24867.046 240000
1695305334998 24540.246 244000
1695305365404 23764.298 248000
1695305395841 23354.367 252000
1695305426347 22951.402 256000
1695305457091 22507.448 260000
1695305487699 22051.836 264000
1695305518365 21709.196 268000
1695305548765 21366.216 272000
1695305579471 21333.474 276000
1695305610929 21368.23 280000
1695305641256 21267.717 284000
1695305672090 21287.085 288000
1695305702330 21265.436 292000
1695305733745 21343.118 296000
1695305763907 21289.731 300000
1695305794928 21304.77 304000
1695305825334 21277.84 308000
1695305856190 21306.391 312000
1695305886452 21274.595 316000
1695305917077 21242.287 320000
1695305947562 21246.853 324000
1695305978489 21283.375 328000
1695306008644 21265.73 332000
1695306039505 21241.583 336000
1695306070874 21328.446 340000
1695306101778 21354.623 344000
1695306132242 21362.237 348000
1695306162868 21365.788 352000
1695306193357 21394.326 356000
1695306224280 21422.964 360000
1695306254695 21420.77 364000
1695306287115 21509.132 368000
1695306318481 21527.386 372000
1695306351050 21545.811 376000
1695306382509 21569.401 380000
1695306417636 21846.921 384000
1695306452187 22118.148 388000
1695306486442 22341.396 392000
1695306519893 22643.596 396000
1695306554064 22871.909 400000
1695306586070 22998.401 404000
1695306620770 23166.197 408000
1695306653669 23346.604 412000
1695306687358 23482.24 416000
1695306720448 23558.77 420000
1695306752921 23320.68 424000
1695306786074 23220.013 428000
1695306823365 23447.29 432000
1695306860195 23631.671 436000
1695306893541 23562.571 440000
1695306927014 23615.413 444000
1695306961092 23554.22 448000
1695306995310 23624.738 452000
1695307028912 23639.067 456000
1695307061150 23590.625 460000
1695307093364 23578.112 464000
1695307128179 23721.084 468000
1695307160895 23387.416 472000
1695307193729 23047.38 476000
1695307226883 22981.321 480000
1695307261294 23030.822 484000
1695307295765 23056.811 488000
1695307328557 22951.611 492000
1695307362185 22959.602 496000
1695307398521 23001.694 500000
1695307433772 23339.403 504000
1695307466805 23158.694 508000
1695307502300 23393.133 512000
1695307540866 23670.613 516000
1695307575759 23892.915 520000
1695307615180 24242.229 524000
1695307652907 24527.73 528000
1695307688969 24660.065 532000
1695307724744 24866.551 536000
1695307759376 24969.619 540000
1695307803595 25505.644 544000
1695307846203 26350.23 548000
1695307880679 26199.333 552000
1695307919609 26442.326 556000
1695307956775 26333.981 560000
1695307994855 26243.11 564000
1695308028009 25892.409 568000
1695308062880 25879.341 572000
1695308098085 25775.258 576000
1695308132097 25742.975 580000
1695308167209 24988.736 584000
1695308204589 24327.092 588000
1695308240213 24500.031 592000
1695308275252 24031.651 596000
1695308317617 24579.609 600000
1695308353391 24462.484 604000
1695308394729 24958.634 608000
1695308433115 25332.122 612000
1695308469735 25362.809 616000
1695308516169 26354.524 620000
1695308552747 26524.96 624000
1695308589927 26563.907 628000
1695308629711 26850.521 632000
1695308665763 26982.91 636000
1695308703948 26683.629 640000
1695308741022 26838.173 644000
1695308776427 26353.757 648000
1695308813101 26185.085 652000
1695308854499 26640.772 656000
1695308889152 25703.025 660000
1695308922248 25521.273 664000
1695308955621 25309.507 668000
1695308990633 24971.539 672000
1695309025565 24871.442 676000
1695309064259 24734.187 680000
1695309102430 24781.8 684000
1695309138044 24912.021 688000
1695309173160 24758.333 692000
1695309207171 24176.831 696000
1695309241594 24148.146 700000
1695309278099 24295.004 704000
1695309314242 24484.434 708000
1695309350713 24551.421 712000
1695309387561 24578.833 716000
1695309422275 24527.501 720000
1695309457120 24252.674 724000
1695309489511 24044.397 728000
1695309522280 23873.061 732000
1695309555455 23797.548 736000
1695309590314 23815.673 740000
1695309624574 23723.732 744000
1695309658546 23584.488 748000
1695309692337 23339.442 752000
1695309730416 23453.321 756000
1695309764986 23478.694 760000
1695309797476 23292.622 764000
1695309829831 23277.925 768000
1695309863399 23314.162 772000
1695309897305 23371.564 776000
1695309932669 23403.483 780000
1695309969932 23421.295 784000
1695310015821 24332.292 788000
1695310052559 24601.499 792000
1695310087731 24522.165 796000
1695310125634 24599.311 800000
1695310160745 24842.856 804000
1695310197732 24972.238 808000
1695310240323 25619.611 812000
1695310277551 25782.014 816000
1695310312658 25795.353 820000
1695310348297 25797.277 824000
1695310386622 25109.233 828000
1695310421491 25035.574 832000
1695310455153 24872.822 836000
1695310493987 25004.926 840000
1695310538693 25795.402 844000
1695310575920 25877.603 848000
1695310616837 25709.395 852000
1695310655443 25949.184 856000
1695310690307 25859.835 860000
1695310724023 25841.128 864000
1695310758910 25658.936 868000
