1695303109683 37.59 4000
1695303138371 38.299 8000
1695303167507 38.887 12000
1695303196277 39.814 16000
1695303230338 41.563 20000
1695303262671 41.684 24000
1695303295817 42.018 28000
1695303328650 41.752 32000
1695303360538 42.202 36000
1695303392668 42.218 40000
1695303425035 42.851 44000
1695303456221 43.259 48000
1695303487947 43.586 52000
1695303518690 43.46 56000
1695303550402 43.069 60000
1695303581593 42.948 64000
1695303615327 43.153 68000
1695303648066 43.036 72000
1695303680735 42.601 76000
1695303712485 42.498 80000
1695303753683 42.658 84000
1695303786196 42.372 88000
1695303816921 42.19 92000
1695303852611 45.006 96000
1695303897737 46.815 100000
1695303939886 46.472 104000
1695303972606 46.096 108000
1695304013134 47.011 112000
1695304058306 48.104 116000
1695304101516 48.719 120000
1695304142278 49.262 124000
1695304191995 53.586 128000
1695304235694 54.746 132000
1695304278805 54.491 136000
1695304323061 53.842 140000
1695304364663 55.389 144000
1695304406533 56.248 148000
1695304450412 58.305 152000
1695304491887 57.969 156000
1695304533241 59.067 160000
1695304577685 59.145 164000
1695304622833 56.81 168000
1695304666320 56.182 172000
1695304711438 54.16 176000
1695304751008 53.096 180000
1695304788714 52.215 184000
1695304832517 51.104 188000
1695304872634 48.895 192000
1695304909350 48.425 196000
1695304945216 46.976 200000
1695304982300 46.539 204000
1695305024975 45.676 208000
1695305061208 45.374 212000
1695305097667 45.636 216000
1695305135839 45.374 220000
1695305173057 45.622 224000
1695305208270 46.184 228000
1695305242119 45.571 232000
1695305272966 45.152 236000
1695305303643 45.821 240000
1695305335000 45.027 244000
1695305365405 44.05 248000
1695305395842 43.724 252000
1695305426349 42.938 256000
1695305457092 42.268 260000
1695305487700 41.646 264000
1695305518366 41.269 268000
1695305548766 41.359 272000
1695305579473 40.873 276000
1695305610930 39.96 280000
1695305641257 40.241 284000
1695305672091 39.607 288000
1695305702331 39.64 292000
1695305733746 39.604 296000
1695305763908 40.0 300000
1695305794929 39.962 304000
1695305825335 39.947 308000
1695305856191 39.974 312000
1695305886453 39.9 316000
1695305917078 39.74 320000
1695305947563 39.509 324000
1695305978490 39.509 328000
1695306008645 39.368 332000
1695306039506 39.396 336000
1695306070875 39.515 340000
1695306101779 39.584 344000
1695306132243 39.583 348000
1695306162869 39.51 352000
1695306193358 40.103 356000
1695306224281 40.277 360000
1695306254696 40.324 364000
1695306287116 40.313 368000
1695306318482 40.453 372000
1695306351052 40.581 376000
1695306382510 40.267 380000
1695306417637 40.563 384000
1695306452189 40.506 388000
1695306486443 40.938 392000
1695306519895 40.948 396000
1695306554066 41.07 400000
1695306586071 41.266 404000
1695306620772 41.825 408000
1695306653670 41.982 412000
1695306687360 42.277 416000
1695306720449 42.737 420000
1695306752922 42.827 424000
1695306786075 42.497 428000
1695306823366 42.706 432000
1695306860196 43.119 436000
1695306893542 43.369 440000
1695306927015 43.731 444000
1695306961093 44.209 448000
1695306995311 44.433 452000
1695307028913 44.278 456000
1695307061151 44.32 460000
1695307093365 44.363 464000
1695307128180 44.738 468000
1695307160896 45.576 472000
1695307193730 45.507 476000
1695307226884 45.104 480000
1695307261295 45.122 484000
1695307295766 44.864 488000
1695307328558 44.65 492000
1695307362186 44.697 496000
1695307398522 44.734 500000
1695307433773 44.434 504000
1695307466806 45.068 508000
1695307502302 44.464 512000
1695307540868 45.833 516000
1695307575761 45.98 520000
1695307615181 46.846 524000
1695307652909 46.831 528000
1695307688971 47.415 532000
1695307724745 48.275 536000
1695307759377 47.753 540000
1695307803597 51.718 544000
1695307846204 51.597 548000
1695307880680 51.775 552000
1695307919610 50.548 556000
1695307956776 51.749 560000
1695307994856 50.339 564000
1695308028010 50.583 568000
1695308062881 50.379 572000
1695308098086 49.38 576000
1695308132098 50.121 580000
1695308167210 46.486 584000
1695308204590 47.67 588000
1695308240214 47.103 592000
1695308275254 47.326 596000
1695308317618 46.678 600000
1695308353392 47.079 604000
1695308394731 47.799 608000
1695308433116 47.591 612000
1695308469736 48.384 616000
1695308516170 48.726 620000
1695308552748 48.965 624000
1695308589928 48.606 628000
1695308629712 48.976 632000
1695308665764 50.062 636000
1695308703949 51.043 640000
1695308741023 50.562 644000
1695308776428 49.992 648000
1695308813102 49.967 652000
1695308854500 49.323 656000
1695308889153 48.803 660000
1695308922249 48.516 664000
1695308955622 47.615 668000
1695308990635 47.165 672000
1695309025566 47.238 676000
1695309064261 47.2 680000
1695309102432 47.951 684000
1695309138046 47.951 688000
1695309173162 47.956 692000
1695309207172 48.229 696000
1695309241595 48.508 700000
1695309278101 49.041 704000
1695309314244 49.6 708000
1695309350715 49.571 712000
1695309387562 48.602 716000
1695309422276 47.397 720000
1695309457121 47.213 724000
1695309489513 46.974 728000
1695309522281 46.988 732000
1695309555456 46.4 736000
1695309590315 46.631 740000
1695309624575 46.183 744000
1695309658547 45.569 748000
1695309692338 45.468 752000
1695309730418 46.196 756000
1695309764987 46.125 760000
1695309797477 45.549 764000
1695309829832 45.595 768000
1695309863400 45.653 772000
1695309897306 46.311 776000
1695309932670 46.018 780000
1695309969933 46.273 784000
1695310015822 46.197 788000
1695310052560 46.422 792000
1695310087732 46.008 796000
1695310125636 46.076 800000
1695310160746 45.872 804000
1695310197733 46.339 808000
1695310240324 46.991 812000
1695310277553 46.642 816000
1695310312659 46.664 820000
1695310348298 46.987 824000
1695310386623 47.322 828000
1695310421492 47.243 832000
1695310455154 47.276 836000
1695310493988 47.504 840000
1695310538694 48.175 844000
1695310575922 47.95 848000
1695310616838 49.25 852000
1695310655444 48.81 856000
1695310690308 48.708 860000
1695310724024 48.007 864000
1695310758911 47.884 868000
