1695303109682 30622.088 4000
1695303138370 29549.809 8000
1695303167505 29343.648 12000
1695303196276 29147.577 16000
1695303230337 30083.913 20000
1695303262669 30418.948 24000
1695303295816 30777.79 28000
1695303328648 31007.877 32000
1695303360536 31081.394 36000
1695303392667 31163.327 40000
1695303425033 31314.358 44000
1695303456220 31563.607 48000
1695303487945 31820.502 52000
1695303518688 32017.273 56000
1695303550401 31783.317 60000
1695303581591 31670.753 64000
1695303615325 31728.42 68000
1695303648065 31718.14 72000
1695303680733 31796.149 76000
1695303712484 31758.595 80000
1695303753681 32640.827 84000
1695303786194 32772.378 88000
1695303816919 32672.566 92000
1695303852609 33162.563 96000
1695303897735 34491.56 100000
1695303939885 35572.523 104000
1695303972605 35470.157 108000
1695304013132 36243.352 112000
1695304058304 37484.254 116000
1695304101515 38622.749 120000
1695304142276 38572.351 124000
1695304191992 40281.957 128000
1695304235691 41566.497 132000
1695304278803 42302.471 136000
1695304323059 42217.668 140000
1695304364661 42166.344 144000
1695304406530 43070.676 148000
1695304450410 43397.287 152000
1695304491885 43028.771 156000
1695304533239 42842.395 160000
1695304577683 43208.734 164000
1695304622831 42751.196 168000
1695304666318 42734.13 172000
1695304711437 42939.273 176000
1695304751006 42476.556 180000
1695304788712 42092.532 184000
1695304832516 42290.345 188000
1695304872632 41922.468 192000
1695304909349 41448.529 196000
1695304945214 40902.17 200000
1695304982299 40169.412 204000
1695305024974 39926.233 208000
1695305061206 39202.033 212000
1695305097666 38335.02 216000
1695305135837 38193.088 220000
1695305173055 38143.328 224000
1695305208268 37285.666 228000
1695305242118 36661.545 232000
1695305272965 36078.536 236000
1695305303641 35560.909 240000
1695305334998 34989.897 244000
1695305365404 33768.316 248000
1695305395841 33193.672 252000
1695305426347 32602.511 256000
1695305457090 31864.622 260000
1695305487698 31208.086 264000
1695305518365 30756.484 268000
1695305548765 30411.532 272000
1695305579471 30397.67 276000
1695305610929 30478.558 280000
1695305641256 30377.138 284000
1695305672090 30421.056 288000
1695305702329 30402.184 292000
1695305733744 30493.266 296000
1695305763906 30433.735 300000
1695305794928 30472.348 304000
1695305825333 30447.035 308000
1695305856189 30493.1 312000
1695305886452 30448.842 316000
1695305917077 30365.067 320000
1695305947562 30380.694 324000
1695305978488 30389.303 328000
1695306008643 30380.121 332000
1695306039505 30322.957 336000
1695306070873 30442.526 340000
1695306101777 30432.021 344000
1695306132242 30436.76 348000
1695306162868 30413.834 352000
1695306193356 30434.663 356000
1695306224279 30463.852 360000
1695306254695 30456.637 364000
1695306287115 30605.756 368000
1695306318481 30726.027 372000
1695306351050 30897.43 376000
1695306382508 30906.687 380000
1695306417636 31328.797 384000
1695306452187 31736.261 388000
1695306486441 32095.081 392000
1695306519893 32389.84 396000
1695306554064 32712.816 400000
1695306586070 32867.4 404000
1695306620770 33090.938 408000
1695306653668 33241.788 412000
1695306687358 33350.729 416000
1695306720447 33510.843 420000
1695306752921 33244.108 424000
1695306786074 33104.817 428000
1695306823365 33407.286 432000
1695306860194 33741.73 436000
1695306893541 33657.477 440000
1695306927013 33804.026 444000
1695306961091 33740.984 448000
1695306995309 33872.397 452000
1695307028912 33864.318 456000
1695307061150 33779.325 460000
1695307093364 33752.373 464000
1695307128179 33915.844 468000
1695307160894 33457.266 472000
1695307193728 33059.155 476000
1695307226882 33040.224 480000
1695307261294 33134.307 484000
1695307295765 33175.046 488000
1695307328556 33032.55 492000
1695307362185 33034.268 496000
1695307398520 33442.445 500000
1695307433772 33744.775 504000
1695307466804 33564.595 508000
1695307502300 33842.042 512000
1695307540866 34408.832 516000
1695307575759 34580.398 520000
1695307615179 35079.427 524000
1695307652907 35402.084 528000
1695307688969 35725.25 532000
1695307724744 35934.08 536000
1695307759375 35764.783 540000
1695307803595 36656.582 544000
1695307846203 37610.714 548000
1695307880678 37507.857 552000
1695307919608 37548.297 556000
1695307956774 37773.273 560000
1695307994854 37638.535 564000
1695308028009 37182.562 568000
1695308062879 37065.302 572000
1695308098084 37013.619 576000
1695308132097 36950.276 580000
1695308167208 36043.435 584000
1695308204588 35521.898 588000
1695308240213 35637.383 592000
1695308275252 35245.419 596000
1695308317616 35763.624 600000
1695308353391 35532.341 604000
1695308394729 36343.768 608000
1695308433115 36690.58 612000
1695308469734 36829.703 616000
1695308516169 38068.612 620000
1695308552747 38213.099 624000
1695308589926 38190.981 628000
1695308629710 38603.805 632000
1695308665762 38702.61 636000
1695308703947 38282.38 640000
1695308741021 38413.165 644000
1695308776426 37823.964 648000
1695308813101 37654.764 652000
1695308854499 38130.73 656000
1695308889152 36955.608 660000
1695308922247 36609.044 664000
1695308955620 36232.357 668000
1695308990633 35757.122 672000
1695309025564 35644.158 676000
1695309064258 35694.559 680000
1695309102430 35800.71 684000
1695309138044 35820.17 688000
1695309173160 35663.593 692000
1695309207170 34925.894 696000
1695309241593 34901.154 700000
1695309278099 35240.387 704000
1695309314242 35513.279 708000
1695309350713 35658.858 712000
1695309387560 35855.638 716000
1695309422275 35462.804 720000
1695309457119 35134.181 724000
1695309489511 34815.116 728000
1695309522279 34583.493 732000
1695309555454 34501.6 736000
1695309590313 34545.278 740000
1695309624573 34321.684 744000
1695309658545 34108.427 748000
1695309692336 33842.866 752000
1695309730416 33963.087 756000
1695309764985 33945.665 760000
1695309797476 33712.286 764000
1695309829830 33708.381 768000
1695309863398 33786.712 772000
1695309897304 33858.384 776000
1695309932668 33908.257 780000
1695309969931 34205.843 784000
1695310015821 35395.72 788000
1695310052558 35687.528 792000
1695310087730 35396.502 796000
1695310125634 35730.538 800000
1695310160744 35989.02 804000
1695310197732 36449.266 808000
1695310240323 37346.197 812000
1695310277551 37676.222 816000
1695310312658 37649.979 820000
1695310348297 37486.573 824000
1695310386621 36727.619 828000
1695310421491 36538.344 832000
1695310455153 36390.237 836000
1695310493987 36482.935 840000
1695310538693 37440.559 844000
1695310575920 37464.399 848000
1695310616836 37291.546 852000
1695310655443 37423.667 856000
1695310690306 37399.98 860000
1695310724023 37211.305 864000
1695310758910 36870.312 868000
