1695136485625 0.0 4000
1695136522523 0.0 8000
1695136560458 0.0 12000
1695136594687 0.0 16000
1695136626325 0.0 20000
1695136659454 0.0 24000
1695136692941 0.0 28000
1695136726844 0.0 32000
1695136760602 0.0 36000
1695136795224 0.0 40000
1695136829859 0.0 44000
1695136863897 0.0 48000
1695136896327 0.0 52000
1695136932777 0.0 56000
1695136966884 0.0 60000
1695136999781 0.0 64000
1695137033478 0.0 68000
1695137066530 0.0 72000
1695137103808 0.0 76000
1695137142194 0.0 80000
1695137179766 0.0 84000
1695137217189 0.0 88000
1695137252687 0.0 92000
1695137286565 0.0 96000
1695137322186 0.0 100000
1695137356735 0.0 104000
1695137389762 0.0 108000
1695137421508 0.0 112000
1695137453472 0.0 116000
1695137486575 0.0 120000
1695137518826 0.0 124000
1695137553003 0.0 128000
1695137587517 0.0 132000
1695137620413 0.0 136000
1695137652412 0.0 140000
1695137685749 0.0 144000
1695137720458 0.0 148000
1695137753158 0.0 152000
1695137785969 0.0 156000
1695137819443 0.0 160000
