1695136485627 1.0 4000
1695136522524 1.0 8000
1695136560460 1.0 12000
1695136594689 1.0 16000
1695136626326 1.0 20000
1695136659456 1.0 24000
1695136692942 1.0 28000
1695136726845 1.0 32000
1695136760603 1.0 36000
1695136795225 1.0 40000
1695136829861 1.0 44000
1695136863899 1.0 48000
1695136896328 1.0 52000
1695136932778 1.0 56000
1695136966885 1.0 60000
1695136999783 1.0 64000
1695137033480 1.0 68000
1695137066532 1.0 72000
1695137103810 1.0 76000
1695137142195 1.0 80000
1695137179768 1.0 84000
1695137217191 1.0 88000
1695137252689 1.0 92000
1695137286566 1.0 96000
1695137322188 1.0 100000
1695137356736 1.0 104000
1695137389764 1.0 108000
1695137421510 1.0 112000
1695137453474 1.0 116000
1695137486577 1.0 120000
1695137518827 1.0 124000
1695137553005 1.0 128000
1695137587518 1.0 132000
1695137620415 1.0 136000
1695137652414 1.0 140000
1695137685751 1.0 144000
1695137720460 1.0 148000
1695137753159 1.0 152000
1695137785971 1.0 156000
1695137819444 0.0 160000
