1695136485626 0.0 4000
1695136522524 0.0 8000
1695136560459 0.0 12000
1695136594689 0.0 16000
1695136626326 0.0 20000
1695136659455 0.0 24000
1695136692942 0.0 28000
1695136726845 0.0 32000
1695136760603 0.0 36000
1695136795225 0.0 40000
1695136829861 0.0 44000
1695136863898 0.0 48000
1695136896328 0.0 52000
1695136932778 0.0 56000
1695136966885 0.0 60000
1695136999782 0.0 64000
1695137033479 0.0 68000
1695137066531 0.0 72000
1695137103810 0.0 76000
1695137142195 0.0 80000
1695137179768 0.0 84000
1695137217190 0.0 88000
1695137252688 0.0 92000
1695137286566 0.0 96000
1695137322187 0.0 100000
1695137356736 0.0 104000
1695137389764 0.0 108000
1695137421510 0.0 112000
1695137453474 0.0 116000
1695137486576 0.0 120000
1695137518827 0.0 124000
1695137553005 0.0 128000
1695137587518 0.0 132000
1695137620414 0.0 136000
1695137652413 0.0 140000
1695137685750 0.0 144000
1695137720460 0.0 148000
1695137753159 0.0 152000
1695137785970 0.0 156000
1695137819444 0.0 160000
