1695136485626 0.13333333333333333 4000
1695136522524 0.25 8000
1695136560459 0.25 12000
1695136594688 0.2857142857142857 16000
1695136626325 0.25510204081632654 20000
1695136659455 0.29 24000
1695136692941 0.27 28000
1695136726845 0.22 32000
1695136760603 0.24 36000
1695136795225 0.23 40000
1695136829860 0.16 44000
1695136863898 0.18 48000
1695136896328 0.17 52000
1695136932777 0.14 56000
1695136966885 0.12 60000
1695136999782 0.12 64000
1695137033479 0.09 68000
1695137066531 0.07 72000
1695137103809 0.08 76000
1695137142194 0.09 80000
1695137179767 0.06 84000
1695137217190 0.05 88000
1695137252688 0.11 92000
1695137286565 0.1 96000
1695137322187 0.09 100000
1695137356735 0.08 104000
1695137389763 0.08 108000
1695137421509 0.05 112000
1695137453473 0.06 116000
1695137486576 0.04 120000
1695137518826 0.03 124000
1695137553004 0.0603448275862069 128000
1695137587518 0.08 132000
1695137620414 0.12 136000
1695137652413 0.11 140000
1695137685750 0.08 144000
1695137720459 0.07142857142857142 148000
1695137753159 0.06060606060606061 152000
1695137785970 0.03676470588235294 156000
1695137819443 0.0 160000
