1695136485629 0.0 4000
1695136522527 0.0 8000
1695136560462 0.0 12000
1695136594691 0.0 16000
1695136626328 0.0 20000
1695136659458 0.0 24000
1695136692944 0.0 28000
1695136726847 0.0 32000
1695136760606 0.0 36000
1695136795228 0.0 40000
1695136829864 0.0 44000
1695136863901 0.0 48000
1695136896331 0.0 52000
1695136932780 0.0 56000
1695136966887 0.0 60000
1695136999785 0.0 64000
1695137033482 0.0 68000
1695137066534 0.0 72000
1695137103812 0.0 76000
1695137142198 0.0 80000
1695137179770 0.0 84000
1695137217193 0.0 88000
1695137252691 0.0 92000
1695137286568 0.0 96000
1695137322190 0.0 100000
1695137356738 0.0 104000
1695137389766 0.0 108000
1695137421512 0.0 112000
1695137453476 0.0 116000
1695137486579 0.0 120000
1695137518830 0.0 124000
1695137553007 0.0 128000
1695137587520 0.0 132000
1695137620417 0.0 136000
1695137652416 0.0 140000
1695137685753 0.0 144000
1695137720462 0.0 148000
1695137753161 0.0 152000
1695137785973 0.0 156000
1695137819446 0.0 160000
