1695136485628 0.13333333333333333 4000
1695136522526 0.25 8000
1695136560461 0.25 12000
1695136594690 0.2857142857142857 16000
1695136626328 0.25510204081632654 20000
1695136659457 0.29 24000
1695136692944 0.27 28000
1695136726847 0.22 32000
1695136760605 0.24 36000
1695136795227 0.23 40000
1695136829863 0.16 44000
1695136863900 0.18 48000
1695136896330 0.17 52000
1695136932780 0.14 56000
1695136966887 0.12 60000
1695136999784 0.12 64000
1695137033482 0.09 68000
1695137066533 0.07 72000
1695137103812 0.08 76000
1695137142197 0.09 80000
1695137179770 0.06 84000
1695137217192 0.05 88000
1695137252690 0.11 92000
1695137286568 0.1 96000
1695137322189 0.09 100000
1695137356738 0.08 104000
1695137389766 0.08 108000
1695137421512 0.05 112000
1695137453476 0.06 116000
1695137486578 0.04 120000
1695137518830 0.03 124000
1695137553007 0.0603448275862069 128000
1695137587520 0.08 132000
1695137620416 0.12 136000
1695137652416 0.11 140000
1695137685752 0.08 144000
1695137720462 0.07142857142857142 148000
1695137753161 0.06060606060606061 152000
1695137785972 0.03676470588235294 156000
1695137819446 0.0 160000
