1695136485629 1.0 4000
1695136522527 1.0 8000
1695136560462 1.0 12000
1695136594691 1.0 16000
1695136626329 1.0 20000
1695136659458 1.0 24000
1695136692945 1.0 28000
1695136726848 1.0 32000
1695136760606 1.0 36000
1695136795228 1.0 40000
1695136829864 1.0 44000
1695136863901 1.0 48000
1695136896331 1.0 52000
1695136932781 1.0 56000
1695136966888 1.0 60000
1695136999785 1.0 64000
1695137033482 1.0 68000
1695137066534 1.0 72000
1695137103813 1.0 76000
1695137142198 1.0 80000
1695137179771 1.0 84000
1695137217193 1.0 88000
1695137252691 1.0 92000
1695137286569 1.0 96000
1695137322190 1.0 100000
1695137356739 1.0 104000
1695137389766 1.0 108000
1695137421513 1.0 112000
1695137453476 1.0 116000
1695137486579 1.0 120000
1695137518831 1.0 124000
1695137553008 1.0 128000
1695137587521 1.0 132000
1695137620417 1.0 136000
1695137652417 1.0 140000
1695137685753 1.0 144000
1695137720463 1.0 148000
1695137753162 1.0 152000
1695137785973 1.0 156000
1695137819447 0.0 160000
