1695136485628 0.0 4000
1695136522525 0.0 8000
1695136560461 0.0 12000
1695136594690 0.0 16000
1695136626327 0.0 20000
1695136659457 0.0 24000
1695136692943 0.0 28000
1695136726846 0.0 32000
1695136760604 0.0 36000
1695136795226 0.0 40000
1695136829862 0.0 44000
1695136863899 0.0 48000
1695136896329 0.0 52000
1695136932779 0.0 56000
1695136966886 0.0 60000
1695136999784 0.0 64000
1695137033481 0.0 68000
1695137066532 0.0 72000
1695137103811 0.0 76000
1695137142196 0.0 80000
1695137179769 0.0 84000
1695137217192 0.0 88000
1695137252690 0.0 92000
1695137286567 0.0 96000
1695137322188 0.0 100000
1695137356737 0.0 104000
1695137389765 0.0 108000
1695137421511 0.0 112000
1695137453475 0.0 116000
1695137486577 0.0 120000
1695137518829 0.0 124000
1695137553006 0.0 128000
1695137587519 0.0 132000
1695137620416 0.0 136000
1695137652415 0.0 140000
1695137685751 0.0 144000
1695137720461 0.0 148000
1695137753160 0.0 152000
1695137785971 0.0 156000
1695137819445 0.0 160000
