1695136485627 0.4666666666666667 4000
1695136522525 0.425 8000
1695136560460 0.375 12000
1695136594689 0.4025974025974026 16000
1695136626327 0.41836734693877553 20000
1695136659456 0.41 24000
1695136692943 0.43 28000
1695136726846 0.51 32000
1695136760604 0.48 36000
1695136795226 0.55 40000
1695136829862 0.63 44000
1695136863899 0.69 48000
1695136896329 0.72 52000
1695136932779 0.78 56000
1695136966886 0.8 60000
1695136999783 0.8 64000
1695137033480 0.83 68000
1695137066532 0.9 72000
1695137103810 0.87 76000
1695137142196 0.86 80000
1695137179768 0.88 84000
1695137217191 0.92 88000
1695137252689 0.86 92000
1695137286567 0.86 96000
1695137322188 0.89 100000
1695137356737 0.92 104000
1695137389764 0.92 108000
1695137421510 0.93 112000
1695137453474 0.92 116000
1695137486577 0.93 120000
1695137518828 0.93 124000
1695137553006 0.9224137931034483 128000
1695137587519 0.89 132000
1695137620415 0.84 136000
1695137652415 0.83 140000
1695137685751 0.86 144000
1695137720460 0.8392857142857143 148000
1695137753160 0.9090909090909091 152000
1695137785971 0.9264705882352942 156000
1695137819445 0.9133858267716536 160000
