1695136485628 1.0 4000
1695136522526 1.0 8000
1695136560461 1.0 12000
1695136594690 1.0 16000
1695136626327 1.0 20000
1695136659457 1.0 24000
1695136692943 1.0 28000
1695136726847 1.0 32000
1695136760605 1.0 36000
1695136795227 1.0 40000
1695136829863 1.0 44000
1695136863900 1.0 48000
1695136896330 1.0 52000
1695136932779 1.0 56000
1695136966887 1.0 60000
1695136999784 1.0 64000
1695137033481 1.0 68000
1695137066533 1.0 72000
1695137103811 1.0 76000
1695137142197 1.0 80000
1695137179769 1.0 84000
1695137217192 1.0 88000
1695137252690 1.0 92000
1695137286567 1.0 96000
1695137322189 1.0 100000
1695137356738 1.0 104000
1695137389765 1.0 108000
1695137421511 1.0 112000
1695137453475 1.0 116000
1695137486578 1.0 120000
1695137518829 1.0 124000
1695137553007 1.0 128000
1695137587520 1.0 132000
1695137620416 1.0 136000
1695137652415 1.0 140000
1695137685752 1.0 144000
1695137720461 1.0 148000
1695137753161 1.0 152000
1695137785972 1.0 156000
1695137819445 1.0 160000
