1695136485552 0.0 4000
1695136522433 0.0 8000
1695136560375 0.0 12000
1695136594618 0.0 16000
1695136626254 0.0 20000
1695136659381 0.0 24000
1695136692867 0.0 28000
1695136726774 0.0 32000
1695136760527 0.0 36000
1695136795150 0.0 40000
1695136829779 0.0 44000
1695136863827 0.0 48000
1695136896252 0.0 52000
1695136932703 0.0 56000
1695136966813 0.0 60000
1695136999707 0.0 64000
1695137033400 0.0 68000
1695137066458 0.0 72000
1695137103729 0.0 76000
1695137142115 0.0 80000
1695137179691 0.0 84000
1695137217114 0.0 88000
1695137252611 0.0 92000
1695137286491 0.0 96000
1695137322117 0.0 100000
1695137356650 0.0 104000
1695137389692 0.0 108000
1695137421436 0.0 112000
1695137453405 0.0 116000
1695137486504 0.0 120000
1695137518747 0.0 124000
1695137552919 0.0 128000
1695137587449 0.0 132000
1695137620343 0.0 136000
1695137652342 0.0 140000
1695137685672 0.0 144000
1695137720381 0.0 148000
1695137753088 0.0 152000
1695137785901 0.0 156000
1695137819366 0.0 160000
