1695136485552 15.0 4000
1695136522433 40.0 8000
1695136560376 56.0 12000
1695136594618 77.0 16000
1695136626255 98.0 20000
1695136659382 119.0 24000
1695136692867 145.0 28000
1695136726774 168.0 32000
1695136760527 195.0 36000
1695136795150 222.0 40000
1695136829779 253.0 44000
1695136863828 286.0 48000
1695136896252 328.0 52000
1695136932704 369.0 56000
1695136966813 416.0 60000
1695136999708 456.0 64000
1695137033401 491.0 68000
1695137066459 543.0 72000
1695137103729 589.0 76000
1695137142115 638.0 80000
1695137179691 690.0 84000
1695137217114 758.0 88000
1695137252612 819.0 92000
1695137286492 867.0 96000
1695137322118 940.0 100000
1695137356650 1020.0 104000
1695137389692 1090.0 108000
1695137421436 1148.0 112000
1695137453405 1210.0 116000
1695137486504 1278.0 120000
1695137518748 1358.0 124000
1695137552919 1474.0 128000
1695137587449 1564.0 132000
1695137620343 1661.0 136000
1695137652342 1744.0 140000
1695137685673 1844.0 144000
1695137720382 1956.0 148000
1695137753088 2088.0 152000
1695137785902 2224.0 156000
1695137819366 2351.0 160000
