1695136485545 15.0 4000
1695136522425 25.0 8000
1695136560367 16.0 12000
1695136594612 21.0 16000
1695136626248 21.0 20000
1695136659374 21.0 24000
1695136692860 26.0 28000
1695136726767 23.0 32000
1695136760520 27.0 36000
1695136795143 27.0 40000
1695136829772 31.0 44000
1695136863821 33.0 48000
1695136896245 42.0 52000
1695136932697 41.0 56000
1695136966806 47.0 60000
1695136999701 40.0 64000
1695137033393 35.0 68000
1695137066452 52.0 72000
1695137103722 46.0 76000
1695137142108 49.0 80000
1695137179684 52.0 84000
1695137217107 68.0 88000
1695137252604 61.0 92000
1695137286485 48.0 96000
1695137322111 73.0 100000
1695137356642 80.0 104000
1695137389685 70.0 108000
1695137421429 58.0 112000
1695137453399 62.0 116000
1695137486497 68.0 120000
1695137518740 80.0 124000
1695137552912 116.0 128000
1695137587443 90.0 132000
1695137620336 97.0 136000
1695137652335 83.0 140000
1695137685665 100.0 144000
1695137720374 112.0 148000
1695137753081 132.0 152000
1695137785895 136.0 156000
1695137819359 127.0 160000
