1695136485543 0.9269999999999999 4000
1695136522423 0.9269999999999999 8000
1695136560365 1.343 12000
1695136594610 1.343 16000
1695136626246 1.343 20000
1695136659372 1.343 24000
1695136692858 1.343 28000
1695136726765 1.121 32000
1695136760518 1.121 36000
1695136795141 1.2570000000000001 40000
1695136829769 1.2570000000000001 44000
1695136863819 1.344 48000
1695136896243 1.387 52000
1695136932695 1.387 56000
1695136966804 1.109 60000
1695136999699 1.109 64000
1695137033391 1.109 68000
1695137066450 0.9219999999999999 72000
1695137103720 0.9219999999999999 76000
1695137142106 1.786 80000
1695137179682 1.786 84000
1695137217105 1.342 88000
1695137252602 1.342 92000
1695137286483 1.121 96000
1695137322109 0.9489999999999998 100000
1695137356640 0.9489999999999998 104000
1695137389683 0.9670000000000001 108000
1695137421427 1.1760000000000002 112000
1695137453397 1.3079999999999998 116000
1695137486495 1.151 120000
1695137518739 1.302 124000
1695137552910 1.217 128000
1695137587441 1.4100000000000001 132000
1695137620334 1.405 136000
1695137652334 1.5290000000000001 140000
1695137685663 1.437 144000
1695137720372 1.888 148000
1695137753079 1.422 152000
1695137785893 1.427 156000
1695137819357 1.766 160000
