1695136485543 -0.4800000000000001 4000
1695136522423 -0.8089999999999999 8000
1695136560365 -0.8089999999999999 12000
1695136594610 -0.8370000000000001 16000
1695136626247 -0.8370000000000001 20000
1695136659373 -0.925 24000
1695136692859 -0.925 28000
1695136726766 -0.925 32000
1695136760519 -0.925 36000
1695136795141 -0.7760000000000001 40000
1695136829770 -0.7760000000000001 44000
1695136863819 -0.9540000000000001 48000
1695136896243 -0.9540000000000001 52000
1695136932695 -0.7180000000000001 56000
1695136966804 -0.6710000000000002 60000
1695136999699 -0.6710000000000002 64000
1695137033392 -0.5100000000000001 68000
1695137066450 -0.744 72000
1695137103720 -0.744 76000
1695137142107 -0.55 80000
1695137179683 -0.55 84000
1695137217106 -0.363 88000
1695137252603 -0.358 92000
1695137286483 -0.5650000000000001 96000
1695137322110 -0.499 100000
1695137356640 -0.4810000000000001 104000
1695137389684 -0.718 108000
1695137421428 -0.718 112000
1695137453398 -0.8310000000000001 116000
1695137486496 -0.8310000000000001 120000
1695137518739 -0.514 124000
1695137552910 -0.44900000000000007 128000
1695137587441 -0.44599999999999995 132000
1695137620335 -0.44199999999999995 136000
1695137652334 -0.541 140000
1695137685664 -0.42400000000000004 144000
1695137720373 -0.22399999999999998 148000
1695137753080 -0.377 152000
1695137785894 -0.43200000000000005 156000
1695137819357 -0.31500000000000006 160000
