1695136485544 181.2 4000
1695136522424 173.65 8000
1695136560366 192.375 12000
1695136594611 190.72727272727272 16000
1695136626248 194.9795918367347 20000
1695136659374 195.62 24000
1695136692860 188.18 28000
1695136726767 178.23 32000
1695136760520 170.34 36000
1695136795142 154.04 40000
1695136829771 152.03 44000
1695136863820 131.59 48000
1695136896244 116.99 52000
1695136932696 104.4 56000
1695136966805 96.05 60000
1695136999700 97.09 64000
1695137033393 94.32 68000
1695137066451 87.74 72000
1695137103721 88.08 76000
1695137142108 82.18 80000
1695137179684 78.67 84000
1695137217107 61.5 88000
1695137252604 59.98 92000
1695137286484 69.42 96000
1695137322111 70.35 100000
1695137356641 48.13 104000
1695137389684 55.57 108000
1695137421429 65.07 112000
1695137453399 66.87 116000
1695137486497 64.49 120000
1695137518740 54.28 124000
1695137552911 35.672413793103445 128000
1695137587442 42.49 132000
1695137620336 43.08 136000
1695137652335 48.24 140000
1695137685665 40.94 144000
1695137720374 34.38392857142857 148000
1695137753081 31.984848484848484 152000
1695137785894 29.75 156000
1695137819358 30.937007874015748 160000
