1695136485544 0.16713333333333327 4000
1695136522424 0.07487499999999997 8000
1695136560366 0.1294285714285714 12000
1695136594611 0.06797402597402594 16000
1695136626247 0.05518367346938771 20000
1695136659373 0.04161999999999997 24000
1695136692859 0.03475999999999996 28000
1695136726766 0.02841999999999996 32000
1695136760519 0.06830999999999998 36000
1695136795142 0.07982999999999998 40000
1695136829771 0.08710999999999998 44000
1695136863820 0.043629999999999974 48000
1695136896244 0.013139999999999976 52000
1695136932696 0.011259999999999977 56000
1695136966805 0.05438999999999997 60000
1695136999700 0.11032999999999998 64000
1695137033392 0.12364000000000001 68000
1695137066451 0.06313999999999999 72000
1695137103721 0.054869999999999954 76000
1695137142107 0.09043999999999995 80000
1695137179683 0.07229999999999999 84000
1695137217106 0.09916 88000
1695137252603 0.11830999999999996 92000
1695137286484 0.11569999999999997 96000
1695137322110 0.06391999999999998 100000
1695137356641 0.08886999999999999 104000
1695137389684 0.10927000000000002 108000
1695137421428 0.09194000000000001 112000
1695137453398 0.05629999999999998 116000
1695137486496 0.09875 120000
1695137518739 0.14098999999999998 124000
1695137552911 0.10836206896551721 128000
1695137587442 0.10624999999999998 132000
1695137620335 0.14978999999999998 136000
1695137652335 0.20804999999999996 140000
1695137685664 0.21077999999999997 144000
1695137720373 0.2809910714285714 148000
1695137753080 0.19905303030303026 152000
1695137785894 0.17228676470588236 156000
1695137819358 0.24325196850393702 160000
