1695136485556 1.0 4000
1695136522437 2.0 8000
1695136560379 3.0 12000
1695136594621 4.0 16000
1695136626258 5.0 20000
1695136659385 6.0 24000
1695136692870 7.0 28000
1695136726777 8.0 32000
1695136760530 9.0 36000
1695136795153 10.0 40000
1695136829783 11.0 44000
1695136863830 12.0 48000
1695136896255 13.0 52000
1695136932707 14.0 56000
1695136966816 15.0 60000
1695136999711 16.0 64000
1695137033404 17.0 68000
1695137066462 18.0 72000
1695137103733 19.0 76000
1695137142119 20.0 80000
1695137179694 21.0 84000
1695137217117 22.0 88000
1695137252615 23.0 92000
1695137286495 24.0 96000
1695137322121 25.0 100000
1695137356653 26.0 104000
1695137389695 27.0 108000
1695137421439 28.0 112000
1695137453408 29.0 116000
1695137486507 30.0 120000
1695137518751 31.0 124000
1695137552923 32.0 128000
1695137587452 33.0 132000
1695137620346 34.0 136000
1695137652345 35.0 140000
1695137685676 36.0 144000
1695137720385 37.0 148000
1695137753091 38.0 152000
1695137785905 39.0 156000
1695137819369 40.0 160000
