1695136485545 0.0 4000
1695136522425 0.0 8000
1695136560367 0.0 12000
1695136594612 0.0 16000
1695136626248 0.0 20000
1695136659375 0.0 24000
1695136692860 0.0 28000
1695136726768 0.0 32000
1695136760520 0.0 36000
1695136795143 0.0 40000
1695136829772 0.0 44000
1695136863821 0.0 48000
1695136896245 0.0 52000
1695136932697 0.0 56000
1695136966806 0.0 60000
1695136999701 0.0 64000
1695137033394 0.0 68000
1695137066452 0.0 72000
1695137103722 0.0 76000
1695137142108 0.0 80000
1695137179684 0.0 84000
1695137217107 0.0 88000
1695137252604 0.0 92000
1695137286485 0.0 96000
1695137322111 0.0 100000
1695137356642 0.0 104000
1695137389685 0.0 108000
1695137421429 0.0 112000
1695137453399 0.0 116000
1695137486497 0.0 120000
1695137518741 0.0 124000
1695137552912 0.0 128000
1695137587443 0.0 132000
1695137620336 0.0 136000
1695137652336 0.0 140000
1695137685666 0.0 144000
1695137720375 0.0 148000
1695137753081 0.0 152000
1695137785895 0.0 156000
1695137819359 0.0 160000
