1695136485549 4000.0 4000
1695136522430 4000.0 8000
1695136560372 4000.0 12000
1695136594616 4000.0 16000
1695136626252 4000.0 20000
1695136659379 4000.0 24000
1695136692864 4000.0 28000
1695136726771 4000.0 32000
1695136760524 4000.0 36000
1695136795147 4000.0 40000
1695136829776 4000.0 44000
1695136863825 4000.0 48000
1695136896249 4000.0 52000
1695136932701 4000.0 56000
1695136966810 4000.0 60000
1695136999705 4000.0 64000
1695137033398 4000.0 68000
1695137066456 4000.0 72000
1695137103726 4000.0 76000
1695137142112 4000.0 80000
1695137179688 4000.0 84000
1695137217111 4000.0 88000
1695137252609 4000.0 92000
1695137286489 4000.0 96000
1695137322115 4000.0 100000
1695137356647 4000.0 104000
1695137389689 4000.0 108000
1695137421433 4000.0 112000
1695137453403 4000.0 116000
1695137486501 4000.0 120000
1695137518745 4000.0 124000
1695137552916 4000.0 128000
1695137587447 4000.0 132000
1695137620340 4000.0 136000
1695137652340 4000.0 140000
1695137685670 4000.0 144000
1695137720379 4000.0 148000
1695137753085 4000.0 152000
1695137785899 4000.0 156000
1695137819363 4000.0 160000
