1695136485546 0.0 4000
1695136522426 0.0 8000
1695136560369 0.0 12000
1695136594613 0.0 16000
1695136626249 0.0 20000
1695136659376 0.0 24000
1695136692861 0.0 28000
1695136726768 0.0 32000
1695136760521 0.0 36000
1695136795144 0.0 40000
1695136829773 0.0 44000
1695136863822 0.0 48000
1695136896246 0.0 52000
1695136932698 0.0 56000
1695136966807 0.0 60000
1695136999702 0.0 64000
1695137033394 0.0 68000
1695137066453 0.0 72000
1695137103723 0.0 76000
1695137142109 0.0 80000
1695137179685 0.0 84000
1695137217108 0.0 88000
1695137252605 0.0 92000
1695137286486 0.0 96000
1695137322112 0.0 100000
1695137356643 0.0 104000
1695137389686 0.0 108000
1695137421430 0.0 112000
1695137453400 0.0 116000
1695137486498 0.0 120000
1695137518742 0.0 124000
1695137552913 0.0 128000
1695137587444 0.0 132000
1695137620337 0.0 136000
1695137652337 0.0 140000
1695137685667 0.0 144000
1695137720376 0.0 148000
1695137753082 0.0 152000
1695137785896 0.0 156000
1695137819360 0.0 160000
