1695136485548 4000.0 4000
1695136522429 8000.0 8000
1695136560371 12000.0 12000
1695136594615 16000.0 16000
1695136626251 20000.0 20000
1695136659378 24000.0 24000
1695136692863 28000.0 28000
1695136726770 32000.0 32000
1695136760524 36000.0 36000
1695136795146 40000.0 40000
1695136829775 44000.0 44000
1695136863824 48000.0 48000
1695136896248 52000.0 52000
1695136932700 56000.0 56000
1695136966809 60000.0 60000
1695136999704 64000.0 64000
1695137033397 68000.0 68000
1695137066455 72000.0 72000
1695137103725 76000.0 76000
1695137142111 80000.0 80000
1695137179687 84000.0 84000
1695137217110 88000.0 88000
1695137252608 92000.0 92000
1695137286488 96000.0 96000
1695137322114 100000.0 100000
1695137356646 104000.0 104000
1695137389688 108000.0 108000
1695137421432 112000.0 112000
1695137453402 116000.0 116000
1695137486500 120000.0 120000
1695137518744 124000.0 124000
1695137552915 128000.0 128000
1695137587446 132000.0 132000
1695137620339 136000.0 136000
1695137652339 140000.0 140000
1695137685669 144000.0 144000
1695137720378 148000.0 148000
1695137753084 152000.0 152000
1695137785898 156000.0 156000
1695137819362 160000.0 160000
