1695136485550 132.82416028731768 4000
1695136522431 109.14923111416834 8000
1695136560373 106.16957862376559 12000
1695136594616 117.63207830980116 16000
1695136626253 127.30130163127343 20000
1695136659380 121.558448363517 24000
1695136692865 120.28111680177739 28000
1695136726772 118.76819492825915 32000
1695136760525 119.30370371044604 36000
1695136795148 116.33090167644212 40000
1695136829777 116.38146337764876 44000
1695136863825 118.33657607960986 48000
1695136896250 124.24952737168073 52000
1695136932702 110.46680833828843 56000
1695136966811 118.07022241104707 60000
1695136999706 122.46542732062446 64000
1695137033398 119.5749796742257 68000
1695137066457 121.9196375859894 72000
1695137103727 108.00550968429424 76000
1695137142113 104.90206601887166 80000
1695137179689 107.22474370359927 84000
1695137217112 107.59044918726008 88000
1695137252609 113.49994168801621 92000
1695137286490 118.91604259111382 96000
1695137322116 113.05024910052694 100000
1695137356648 116.72452423523914 104000
1695137389690 122.01102473265516 108000
1695137421434 126.94227234319797 112000
1695137453404 126.04230827532265 116000
1695137486502 121.69734455199585 120000
1695137518746 125.04486300299351 124000
1695137552917 117.97746211546132 128000
1695137587447 116.71738883389267 132000
1695137620341 122.48595466961012 136000
1695137652340 125.943912208502 140000
1695137685671 120.90861542968507 144000
1695137720380 116.10890322638868 148000
1695137753086 123.27092744296971 152000
1695137785900 122.77798456396827 156000
1695137819364 120.40770671457344 160000
