1695136485551 4000.0 4000
1695136522432 4000.0 8000
1695136560374 4000.0 12000
1695136594617 4000.0 16000
1695136626254 4000.0 20000
1695136659381 4000.0 24000
1695136692866 4000.0 28000
1695136726773 4000.0 32000
1695136760526 4000.0 36000
1695136795149 4000.0 40000
1695136829778 4000.0 44000
1695136863826 4000.0 48000
1695136896251 4000.0 52000
1695136932703 4000.0 56000
1695136966812 4000.0 60000
1695136999707 4000.0 64000
1695137033399 4000.0 68000
1695137066458 4000.0 72000
1695137103728 4000.0 76000
1695137142114 4000.0 80000
1695137179690 4000.0 84000
1695137217113 4000.0 88000
1695137252610 4000.0 92000
1695137286491 4000.0 96000
1695137322117 4000.0 100000
1695137356649 4000.0 104000
1695137389691 4000.0 108000
1695137421435 4000.0 112000
1695137453404 4000.0 116000
1695137486503 4000.0 120000
1695137518746 4000.0 124000
1695137552918 4000.0 128000
1695137587448 4000.0 132000
1695137620342 4000.0 136000
1695137652341 4000.0 140000
1695137685672 4000.0 144000
1695137720380 4000.0 148000
1695137753087 4000.0 152000
1695137785900 4000.0 156000
1695137819365 4000.0 160000
