1695136485546 10.0 4000
1695136522426 10.0 8000
1695136560368 10.0 12000
1695136594612 10.0 16000
1695136626249 10.0 20000
1695136659375 10.0 24000
1695136692861 10.0 28000
1695136726768 10.0 32000
1695136760521 10.0 36000
1695136795143 10.0 40000
1695136829772 10.0 44000
1695136863821 10.0 48000
1695136896246 10.0 52000
1695136932698 10.0 56000
1695136966807 10.0 60000
1695136999701 10.0 64000
1695137033394 10.0 68000
1695137066452 10.0 72000
1695137103723 10.0 76000
1695137142109 10.0 80000
1695137179685 10.0 84000
1695137217108 10.0 88000
1695137252605 10.0 92000
1695137286485 10.0 96000
1695137322112 10.0 100000
1695137356643 10.0 104000
1695137389686 10.0 108000
1695137421430 10.0 112000
1695137453400 10.0 116000
1695137486498 10.0 120000
1695137518741 10.0 124000
1695137552913 10.0 128000
1695137587444 10.0 132000
1695137620337 10.0 136000
1695137652336 10.0 140000
1695137685666 10.0 144000
1695137720375 10.0 148000
1695137753082 10.0 152000
1695137785896 10.0 156000
1695137819360 10.0 160000
