1695136485547 0.0 4000
1695136522427 0.0 8000
1695136560369 0.0 12000
1695136594613 0.0 16000
1695136626250 0.0 20000
1695136659376 0.0 24000
1695136692862 0.0 28000
1695136726769 0.0 32000
1695136760522 0.0 36000
1695136795144 0.0 40000
1695136829773 0.0 44000
1695136863822 0.0 48000
1695136896247 0.0 52000
1695136932698 0.0 56000
1695136966808 0.0 60000
1695136999702 0.0 64000
1695137033395 0.0 68000
1695137066453 0.0 72000
1695137103724 0.0 76000
1695137142110 0.0 80000
1695137179686 0.0 84000
1695137217109 0.0 88000
1695137252606 0.0 92000
1695137286486 0.0 96000
1695137322113 0.0 100000
1695137356644 0.0 104000
1695137389686 0.0 108000
1695137421431 0.0 112000
1695137453401 0.0 116000
1695137486499 0.0 120000
1695137518742 0.0 124000
1695137552914 0.0 128000
1695137587444 0.0 132000
1695137620338 0.0 136000
1695137652337 0.0 140000
1695137685667 0.0 144000
1695137720376 0.0 148000
1695137753083 0.0 152000
1695137785896 0.0 156000
1695137819361 0.0 160000
