1695136485555 721.0 4000
1695136522436 721.0 8000
1695136560378 721.0 12000
1695136594620 721.0 16000
1695136626257 721.0 20000
1695136659384 721.0 24000
1695136692869 721.0 28000
1695136726776 721.0 32000
1695136760529 721.0 36000
1695136795152 721.0 40000
1695136829782 721.0 44000
1695136863830 721.0 48000
1695136896254 721.0 52000
1695136932706 721.0 56000
1695136966815 721.0 60000
1695136999710 721.0 64000
1695137033403 721.0 68000
1695137066461 721.0 72000
1695137103732 721.0 76000
1695137142118 721.0 80000
1695137179693 721.0 84000
1695137217116 721.0 88000
1695137252614 721.0 92000
1695137286494 721.0 96000
1695137322120 721.0 100000
1695137356652 721.0 104000
1695137389694 721.0 108000
1695137421438 721.0 112000
1695137453407 721.0 116000
1695137486506 721.0 120000
1695137518750 721.0 124000
1695137552922 721.0 128000
1695137587451 721.0 132000
1695137620345 721.0 136000
1695137652344 721.0 140000
1695137685675 721.0 144000
1695137720384 721.0 148000
1695137753090 721.0 152000
1695137785904 721.0 156000
1695137819368 721.0 160000
