1695136485555 30.122058868408203 4000
1695136522436 66.7791199684143 8000
1695136560379 104.46568536758423 12000
1695136594621 138.4804606437683 16000
1695136626257 169.91373109817505 20000
1695136659384 202.8317573070526 24000
1695136692870 236.09998536109924 28000
1695136726777 269.7913429737091 32000
1695136760530 303.3318181037903 36000
1695136795153 337.72929191589355 40000
1695136829782 372.1128008365631 44000
1695136863830 405.92717957496643 48000
1695136896255 438.134339094162 52000
1695136932706 474.3575563430786 56000
1695136966815 508.2488417625427 60000
1695136999710 540.9240002632141 64000
1695137033403 574.3894274234772 68000
1695137066461 607.2102515697479 72000
1695137103732 644.2594556808472 76000
1695137142118 682.4044790267944 80000
1695137179694 719.7232687473297 84000
1695137217117 756.9154787063599 88000
1695137252614 792.1716198921204 92000
1695137286494 825.8220634460449 96000
1695137322120 861.216833114624 100000
1695137356653 895.5160796642303 104000
1695137389694 928.3129277229309 108000
1695137421439 959.8371975421906 112000
1695137453408 991.585461139679 116000
1695137486507 1024.4676928520203 120000
1695137518750 1056.4697256088257 124000
1695137552922 1090.3924934864044 128000
1695137587452 1124.6760301589966 132000
1695137620345 1157.346419095993 136000
1695137652345 1189.1201496124268 140000
1695137685676 1222.2179999351501 144000
1695137720384 1256.6838235855103 148000
1695137753090 1289.1489000320435 152000
1695137785904 1321.7431814670563 156000
1695137819369 1354.982712507248 160000
