1695136485551 4000.0 4000
1695136522431 8000.0 8000
1695136560374 12000.0 12000
1695136594617 16000.0 16000
1695136626253 20000.0 20000
1695136659380 24000.0 24000
1695136692866 28000.0 28000
1695136726772 32000.0 32000
1695136760526 36000.0 36000
1695136795148 40000.0 40000
1695136829778 44000.0 44000
1695136863826 48000.0 48000
1695136896250 52000.0 52000
1695136932702 56000.0 56000
1695136966811 60000.0 60000
1695136999706 64000.0 64000
1695137033399 68000.0 68000
1695137066457 72000.0 72000
1695137103728 76000.0 76000
1695137142114 80000.0 80000
1695137179690 84000.0 84000
1695137217113 88000.0 88000
1695137252610 92000.0 92000
1695137286490 96000.0 96000
1695137322116 100000.0 100000
1695137356648 104000.0 104000
1695137389690 108000.0 108000
1695137421434 112000.0 112000
1695137453404 116000.0 116000
1695137486503 120000.0 120000
1695137518746 124000.0 124000
1695137552918 128000.0 128000
1695137587448 132000.0 132000
1695137620341 136000.0 136000
1695137652341 140000.0 140000
1695137685671 144000.0 144000
1695137720380 148000.0 148000
1695137753086 152000.0 152000
1695137785900 156000.0 156000
1695137819364 160000.0 160000
