1695136485554 30.122058868408203 4000
1695136522435 36.6570611000061 8000
1695136560377 37.68656539916992 12000
1695136594620 34.01477527618408 16000
1695136626256 31.43327045440674 20000
1695136659383 32.91802620887756 24000
1695136692868 33.26822805404663 28000
1695136726775 33.69135761260986 32000
1695136760529 33.54047513008118 36000
1695136795151 34.39747381210327 40000
1695136829781 34.383508920669556 44000
1695136863829 33.81437873840332 48000
1695136896253 32.20715951919556 52000
1695136932705 36.223217248916626 56000
1695136966814 33.89128541946411 60000
1695136999709 32.67515850067139 64000
1695137033402 33.46542716026306 68000
1695137066460 32.82082414627075 72000
1695137103731 37.04920411109924 76000
1695137142117 38.145023345947266 80000
1695137179693 37.31878972053528 84000
1695137217116 37.19220995903015 88000
1695137252613 35.2561411857605 92000
1695137286493 33.65044355392456 96000
1695137322119 35.3947696685791 100000
1695137356652 34.29924654960632 104000
1695137389693 32.79684805870056 108000
1695137421437 31.524269819259644 112000
1695137453407 31.748263597488403 116000
1695137486505 32.88223171234131 120000
1695137518749 32.00203275680542 124000
1695137552921 33.922767877578735 128000
1695137587451 34.28353667259216 132000
1695137620344 32.67038893699646 136000
1695137652344 31.773730516433716 140000
1695137685674 33.09785032272339 144000
1695137720383 34.46582365036011 148000
1695137753089 32.4650764465332 152000
1695137785903 32.59428143501282 156000
1695137819368 33.23953104019165 160000
