1695136485553 1695136485.0 4000
1695136522434 1695136522.0 8000
1695136560377 1695136560.0 12000
1695136594619 1695136594.0 16000
1695136626256 1695136626.0 20000
1695136659383 1695136659.0 24000
1695136692868 1695136692.0 28000
1695136726775 1695136726.0 32000
1695136760528 1695136760.0 36000
1695136795151 1695136795.0 40000
1695136829780 1695136829.0 44000
1695136863828 1695136863.0 48000
1695136896253 1695136896.0 52000
1695136932705 1695136932.0 56000
1695136966814 1695136966.0 60000
1695136999709 1695136999.0 64000
1695137033401 1695137033.0 68000
1695137066460 1695137066.0 72000
1695137103730 1695137103.0 76000
1695137142116 1695137142.0 80000
1695137179692 1695137179.0 84000
1695137217115 1695137217.0 88000
1695137252613 1695137252.0 92000
1695137286492 1695137286.0 96000
1695137322119 1695137322.0 100000
1695137356651 1695137356.0 104000
1695137389693 1695137389.0 108000
1695137421437 1695137421.0 112000
1695137453406 1695137453.0 116000
1695137486505 1695137486.0 120000
1695137518749 1695137518.0 124000
1695137552921 1695137552.0 128000
1695137587450 1695137587.0 132000
1695137620344 1695137620.0 136000
1695137652343 1695137652.0 140000
1695137685674 1695137685.0 144000
1695137720383 1695137720.0 148000
1695137753089 1695137753.0 152000
1695137785903 1695137785.0 156000
1695137819367 1695137819.0 160000
