1695136485553 1.0 4000
1695136522434 2.0 8000
1695136560376 3.0 12000
1695136594619 4.0 16000
1695136626255 5.0 20000
1695136659382 6.0 24000
1695136692868 7.0 28000
1695136726775 8.0 32000
1695136760528 9.0 36000
1695136795150 10.0 40000
1695136829780 11.0 44000
1695136863828 12.0 48000
1695136896253 13.0 52000
1695136932704 14.0 56000
1695136966813 15.0 60000
1695136999708 16.0 64000
1695137033401 17.0 68000
1695137066459 18.0 72000
1695137103730 19.0 76000
1695137142116 20.0 80000
1695137179692 21.0 84000
1695137217115 22.0 88000
1695137252612 23.0 92000
1695137286492 24.0 96000
1695137322118 25.0 100000
1695137356651 26.0 104000
1695137389692 27.0 108000
1695137421437 28.0 112000
1695137453406 29.0 116000
1695137486505 30.0 120000
1695137518748 31.0 124000
1695137552920 32.0 128000
1695137587450 33.0 132000
1695137620343 34.0 136000
1695137652343 35.0 140000
1695137685673 36.0 144000
1695137720382 37.0 148000
1695137753088 38.0 152000
1695137785902 39.0 156000
1695137819367 40.0 160000
