1695136485639 0.0 4000
1695136522537 0.0 8000
1695136560472 0.0 12000
1695136594700 0.0 16000
1695136626337 0.0 20000
1695136659467 0.0 24000
1695136692953 0.0 28000
1695136726856 0.0 32000
1695136760615 0.0 36000
1695136795237 0.0 40000
1695136829874 0.0 44000
1695136863910 0.0 48000
1695136896340 0.0 52000
1695136932790 0.0 56000
1695136966897 0.0 60000
1695136999794 0.0 64000
1695137033492 0.0 68000
1695137066542 0.0 72000
1695137103822 0.0 76000
1695137142208 0.0 80000
1695137179780 0.0 84000
1695137217203 0.0 88000
1695137252702 0.0 92000
1695137286577 0.0 96000
1695137322198 0.0 100000
1695137356749 0.0 104000
1695137389775 0.0 108000
1695137421521 0.0 112000
1695137453485 0.0 116000
1695137486588 0.0 120000
1695137518840 0.0 124000
1695137553017 0.0 128000
1695137587530 0.0 132000
1695137620426 0.0 136000
1695137652425 0.0 140000
1695137685762 0.0 144000
1695137720472 0.0 148000
1695137753170 0.0 152000
1695137785981 0.0 156000
1695137819456 0.0 160000
