1695136485650 -1.0 4000
1695136522551 -1.0 8000
1695136560485 -1.0 12000
1695136594711 -1.0 16000
1695136626348 -1.0 20000
1695136659478 -1.0 24000
1695136692964 -1.0 28000
1695136726867 -1.0 32000
1695136760627 -1.0 36000
1695136795248 -1.0 40000
1695136829886 -1.0 44000
1695136863921 -1.0 48000
1695136896351 -1.0 52000
1695136932801 -1.0 56000
1695136966908 -1.0 60000
1695136999805 -1.0 64000
1695137033504 -1.0 68000
1695137066553 -1.0 72000
1695137103834 -1.0 76000
1695137142220 -1.0 80000
1695137179791 -1.0 84000
1695137217215 -1.0 88000
1695137252714 -1.0 92000
1695137286588 -1.0 96000
1695137322209 -1.0 100000
1695137356761 -1.0 104000
1695137389786 -1.0 108000
1695137421533 -1.0 112000
1695137453496 -1.0 116000
1695137486599 -1.0 120000
1695137518852 -1.0 124000
1695137553030 -1.0 128000
1695137587541 -1.0 132000
1695137620437 -1.0 136000
1695137652436 -1.0 140000
1695137685774 -1.0 144000
1695137720484 -1.0 148000
1695137753181 -1.0 152000
1695137785991 -1.0 156000
1695137819467 -1.0 160000
