1695136485649 0.0 4000
1695136522550 0.0 8000
1695136560484 0.0 12000
1695136594710 0.0 16000
1695136626347 0.0 20000
1695136659478 0.0 24000
1695136692963 0.0 28000
1695136726866 0.0 32000
1695136760626 0.0 36000
1695136795247 0.0 40000
1695136829885 0.0 44000
1695136863920 0.0 48000
1695136896351 0.0 52000
1695136932800 0.0 56000
1695136966907 0.0 60000
1695136999804 0.0 64000
1695137033503 0.0 68000
1695137066552 0.0 72000
1695137103833 0.0 76000
1695137142219 0.0 80000
1695137179790 0.0 84000
1695137217214 0.0 88000
1695137252713 0.0 92000
1695137286588 0.0 96000
1695137322208 0.0 100000
1695137356760 0.0 104000
1695137389785 0.0 108000
1695137421532 0.0 112000
1695137453495 0.0 116000
1695137486598 0.0 120000
1695137518851 0.0 124000
1695137553029 0.0 128000
1695137587540 0.0 132000
1695137620436 0.0 136000
1695137652435 0.0 140000
1695137685773 0.0 144000
1695137720483 0.0 148000
1695137753180 0.0 152000
1695137785991 0.0 156000
1695137819466 0.0 160000
