1695136485647 0.0 4000
1695136522547 0.0 8000
1695136560481 0.0 12000
1695136594708 0.0 16000
1695136626345 0.0 20000
1695136659475 0.0 24000
1695136692961 0.0 28000
1695136726864 0.0 32000
1695136760624 0.0 36000
1695136795245 0.0 40000
1695136829883 0.0 44000
1695136863917 0.0 48000
1695136896348 0.0 52000
1695136932798 0.0 56000
1695136966904 0.0 60000
1695136999802 0.0 64000
1695137033501 0.0 68000
1695137066550 0.0 72000
1695137103831 0.0 76000
1695137142217 0.0 80000
1695137179788 0.0 84000
1695137217211 0.0 88000
1695137252711 0.0 92000
1695137286585 0.0 96000
1695137322206 0.0 100000
1695137356758 0.0 104000
1695137389783 0.0 108000
1695137421529 0.0 112000
1695137453493 0.0 116000
1695137486596 0.0 120000
1695137518849 0.0 124000
1695137553027 0.0 128000
1695137587538 0.0 132000
1695137620434 0.0 136000
1695137652433 0.0 140000
1695137685771 0.0 144000
1695137720480 0.0 148000
1695137753178 0.0 152000
1695137785989 0.0 156000
1695137819464 0.0 160000
