1695136485646 2.0 4000
1695136522547 2.0 8000
1695136560481 2.0 12000
1695136594707 2.0 16000
1695136626344 2.0 20000
1695136659475 2.0 24000
1695136692961 2.0 28000
1695136726863 2.0 32000
1695136760623 2.0 36000
1695136795245 2.0 40000
1695136829882 2.0 44000
1695136863917 2.0 48000
1695136896348 2.0 52000
1695136932797 2.0 56000
1695136966904 2.0 60000
1695136999801 2.0 64000
1695137033500 2.0 68000
1695137066549 2.0 72000
1695137103830 2.0 76000
1695137142216 2.0 80000
1695137179787 2.0 84000
1695137217211 2.0 88000
1695137252710 2.0 92000
1695137286585 2.0 96000
1695137322206 2.0 100000
1695137356757 2.0 104000
1695137389782 2.0 108000
1695137421529 2.0 112000
1695137453492 2.0 116000
1695137486595 2.0 120000
1695137518848 2.0 124000
1695137553026 2.0 128000
1695137587538 2.0 132000
1695137620433 2.0 136000
1695137652433 2.0 140000
1695137685770 2.0 144000
1695137720480 2.0 148000
1695137753177 2.0 152000
1695137785988 2.0 156000
1695137819464 2.0 160000
