1695136485644 64.0 4000
1695136522544 64.0 8000
1695136560478 64.0 12000
1695136594705 64.0 16000
1695136626342 64.0 20000
1695136659472 64.0 24000
1695136692958 64.0 28000
1695136726861 64.0 32000
1695136760621 64.0 36000
1695136795242 64.0 40000
1695136829880 64.0 44000
1695136863915 64.0 48000
1695136896345 64.0 52000
1695136932795 64.0 56000
1695136966902 64.0 60000
1695136999799 64.0 64000
1695137033498 64.0 68000
1695137066547 64.0 72000
1695137103828 64.0 76000
1695137142213 64.0 80000
1695137179785 64.0 84000
1695137217208 64.0 88000
1695137252708 64.0 92000
1695137286582 64.0 96000
1695137322203 64.0 100000
1695137356754 64.0 104000
1695137389780 64.0 108000
1695137421527 64.0 112000
1695137453490 64.0 116000
1695137486593 64.0 120000
1695137518846 64.0 124000
1695137553023 64.0 128000
1695137587535 64.0 132000
1695137620431 64.0 136000
1695137652430 64.0 140000
1695137685768 64.0 144000
1695137720478 64.0 148000
1695137753175 64.0 152000
1695137785986 64.0 156000
1695137819461 64.0 160000
