1695136485645 32.0 4000
1695136522545 32.0 8000
1695136560479 32.0 12000
1695136594706 32.0 16000
1695136626343 32.0 20000
1695136659473 32.0 24000
1695136692959 32.0 28000
1695136726862 32.0 32000
1695136760622 32.0 36000
1695136795243 32.0 40000
1695136829881 32.0 44000
1695136863915 32.0 48000
1695136896346 32.0 52000
1695136932796 32.0 56000
1695136966903 32.0 60000
1695136999800 32.0 64000
1695137033498 32.0 68000
1695137066548 32.0 72000
1695137103828 32.0 76000
1695137142214 32.0 80000
1695137179786 32.0 84000
1695137217209 32.0 88000
1695137252709 32.0 92000
1695137286583 32.0 96000
1695137322204 32.0 100000
1695137356755 32.0 104000
1695137389780 32.0 108000
1695137421527 32.0 112000
1695137453491 32.0 116000
1695137486594 32.0 120000
1695137518847 32.0 124000
1695137553024 32.0 128000
1695137587536 32.0 132000
1695137620432 32.0 136000
1695137652431 32.0 140000
1695137685769 32.0 144000
1695137720478 32.0 148000
1695137753176 32.0 152000
1695137785987 32.0 156000
1695137819462 32.0 160000
