1695136485644 1.0 4000
1695136522543 1.0 8000
1695136560478 1.0 12000
1695136594705 1.0 16000
1695136626341 1.0 20000
1695136659472 1.0 24000
1695136692958 1.0 28000
1695136726861 1.0 32000
1695136760620 1.0 36000
1695136795242 1.0 40000
1695136829879 1.0 44000
1695136863914 1.0 48000
1695136896345 1.0 52000
1695136932794 1.0 56000
1695136966901 1.0 60000
1695136999798 1.0 64000
1695137033497 1.0 68000
1695137066547 1.0 72000
1695137103827 1.0 76000
1695137142213 1.0 80000
1695137179785 1.0 84000
1695137217208 1.0 88000
1695137252707 1.0 92000
1695137286582 1.0 96000
1695137322203 1.0 100000
1695137356754 1.0 104000
1695137389779 1.0 108000
1695137421526 1.0 112000
1695137453490 1.0 116000
1695137486593 1.0 120000
1695137518845 1.0 124000
1695137553023 1.0 128000
1695137587535 1.0 132000
1695137620430 1.0 136000
1695137652430 1.0 140000
1695137685767 1.0 144000
1695137720477 1.0 148000
1695137753175 1.0 152000
1695137785986 1.0 156000
1695137819461 1.0 160000
