1695136485646 32.0 4000
1695136522546 32.0 8000
1695136560480 32.0 12000
1695136594707 32.0 16000
1695136626344 32.0 20000
1695136659474 32.0 24000
1695136692960 32.0 28000
1695136726863 32.0 32000
1695136760623 32.0 36000
1695136795244 32.0 40000
1695136829882 32.0 44000
1695136863917 32.0 48000
1695136896347 32.0 52000
1695136932797 32.0 56000
1695136966904 32.0 60000
1695136999801 32.0 64000
1695137033500 32.0 68000
1695137066549 32.0 72000
1695137103830 32.0 76000
1695137142216 32.0 80000
1695137179787 32.0 84000
1695137217210 32.0 88000
1695137252710 32.0 92000
1695137286584 32.0 96000
1695137322205 32.0 100000
1695137356757 32.0 104000
1695137389782 32.0 108000
1695137421529 32.0 112000
1695137453492 32.0 116000
1695137486595 32.0 120000
1695137518848 32.0 124000
1695137553026 32.0 128000
1695137587537 32.0 132000
1695137620433 32.0 136000
1695137652432 32.0 140000
1695137685770 32.0 144000
1695137720480 32.0 148000
1695137753177 32.0 152000
1695137785988 32.0 156000
1695137819463 32.0 160000
