1695136485644 1.0 4000
1695136522544 1.0 8000
1695136560478 1.0 12000
1695136594705 1.0 16000
1695136626342 1.0 20000
1695136659473 1.0 24000
1695136692959 1.0 28000
1695136726862 1.0 32000
1695136760621 1.0 36000
1695136795243 1.0 40000
1695136829880 1.0 44000
1695136863915 1.0 48000
1695136896346 1.0 52000
1695136932795 1.0 56000
1695136966902 1.0 60000
1695136999799 1.0 64000
1695137033498 1.0 68000
1695137066547 1.0 72000
1695137103828 1.0 76000
1695137142214 1.0 80000
1695137179785 1.0 84000
1695137217209 1.0 88000
1695137252708 1.0 92000
1695137286583 1.0 96000
1695137322204 1.0 100000
1695137356755 1.0 104000
1695137389780 1.0 108000
1695137421527 1.0 112000
1695137453491 1.0 116000
1695137486593 1.0 120000
1695137518846 1.0 124000
1695137553024 1.0 128000
1695137587536 1.0 132000
1695137620431 1.0 136000
1695137652431 1.0 140000
1695137685768 1.0 144000
1695137720478 1.0 148000
1695137753175 1.0 152000
1695137785986 1.0 156000
1695137819462 1.0 160000
