1695136485646 50.0 4000
1695136522546 50.0 8000
1695136560480 50.0 12000
1695136594707 50.0 16000
1695136626344 50.0 20000
1695136659474 50.0 24000
1695136692960 50.0 28000
1695136726863 50.0 32000
1695136760622 50.0 36000
1695136795244 50.0 40000
1695136829882 50.0 44000
1695136863916 50.0 48000
1695136896347 50.0 52000
1695136932796 50.0 56000
1695136966903 50.0 60000
1695136999800 50.0 64000
1695137033499 50.0 68000
1695137066549 50.0 72000
1695137103829 50.0 76000
1695137142215 50.0 80000
1695137179787 50.0 84000
1695137217210 50.0 88000
1695137252710 50.0 92000
1695137286584 50.0 96000
1695137322205 50.0 100000
1695137356756 50.0 104000
1695137389781 50.0 108000
1695137421528 50.0 112000
1695137453492 50.0 116000
1695137486595 50.0 120000
1695137518848 50.0 124000
1695137553025 50.0 128000
1695137587537 50.0 132000
1695137620432 50.0 136000
1695137652432 50.0 140000
1695137685769 50.0 144000
1695137720479 50.0 148000
1695137753177 50.0 152000
1695137785987 50.0 156000
1695137819463 50.0 160000
