1695136485648 84.0 4000
1695136522549 84.0 8000
1695136560482 84.0 12000
1695136594709 84.0 16000
1695136626346 84.0 20000
1695136659476 84.0 24000
1695136692962 84.0 28000
1695136726865 84.0 32000
1695136760625 84.0 36000
1695136795246 84.0 40000
1695136829884 84.0 44000
1695136863919 84.0 48000
1695136896349 84.0 52000
1695136932799 84.0 56000
1695136966906 84.0 60000
1695136999803 84.0 64000
1695137033502 84.0 68000
1695137066551 84.0 72000
1695137103832 84.0 76000
1695137142218 84.0 80000
1695137179789 84.0 84000
1695137217212 84.0 88000
1695137252712 84.0 92000
1695137286586 84.0 96000
1695137322207 84.0 100000
1695137356759 84.0 104000
1695137389784 84.0 108000
1695137421531 84.0 112000
1695137453494 84.0 116000
1695137486597 84.0 120000
1695137518850 84.0 124000
1695137553028 84.0 128000
1695137587539 84.0 132000
1695137620435 84.0 136000
1695137652434 84.0 140000
1695137685772 84.0 144000
1695137720482 84.0 148000
1695137753179 84.0 152000
1695137785990 84.0 156000
1695137819465 84.0 160000
