1695136485648 1.0 4000
1695136522548 1.0 8000
1695136560482 1.0 12000
1695136594708 1.0 16000
1695136626346 1.0 20000
1695136659476 1.0 24000
1695136692962 1.0 28000
1695136726865 1.0 32000
1695136760624 1.0 36000
1695136795246 1.0 40000
1695136829884 1.0 44000
1695136863918 1.0 48000
1695136896349 1.0 52000
1695136932798 1.0 56000
1695136966905 1.0 60000
1695136999802 1.0 64000
1695137033501 1.0 68000
1695137066550 1.0 72000
1695137103831 1.0 76000
1695137142217 1.0 80000
1695137179789 1.0 84000
1695137217212 1.0 88000
1695137252712 1.0 92000
1695137286586 1.0 96000
1695137322207 1.0 100000
1695137356759 1.0 104000
1695137389783 1.0 108000
1695137421530 1.0 112000
1695137453494 1.0 116000
1695137486597 1.0 120000
1695137518850 1.0 124000
1695137553027 1.0 128000
1695137587539 1.0 132000
1695137620434 1.0 136000
1695137652434 1.0 140000
1695137685772 1.0 144000
1695137720481 1.0 148000
1695137753178 1.0 152000
1695137785989 1.0 156000
1695137819465 1.0 160000
