1695136485648 0.0 4000
1695136522549 0.0 8000
1695136560483 0.0 12000
1695136594709 0.0 16000
1695136626346 0.0 20000
1695136659477 0.0 24000
1695136692963 0.0 28000
1695136726865 0.0 32000
1695136760625 0.0 36000
1695136795247 0.0 40000
1695136829885 0.0 44000
1695136863919 0.0 48000
1695136896350 0.0 52000
1695136932799 0.0 56000
1695136966906 0.0 60000
1695136999803 0.0 64000
1695137033502 0.0 68000
1695137066551 0.0 72000
1695137103832 0.0 76000
1695137142218 0.0 80000
1695137179790 0.0 84000
1695137217213 0.0 88000
1695137252712 0.0 92000
1695137286587 0.0 96000
1695137322207 0.0 100000
1695137356759 0.0 104000
1695137389784 0.0 108000
1695137421531 0.0 112000
1695137453494 0.0 116000
1695137486597 0.0 120000
1695137518851 0.0 124000
1695137553028 0.0 128000
1695137587539 0.0 132000
1695137620435 0.0 136000
1695137652435 0.0 140000
1695137685772 0.0 144000
1695137720482 0.0 148000
1695137753179 0.0 152000
1695137785990 0.0 156000
1695137819466 0.0 160000
