1695136485642 0.0 4000
1695136522541 0.0 8000
1695136560476 0.0 12000
1695136594703 0.0 16000
1695136626340 0.0 20000
1695136659470 0.0 24000
1695136692957 0.0 28000
1695136726859 0.0 32000
1695136760619 0.0 36000
1695136795240 0.0 40000
1695136829878 0.0 44000
1695136863913 0.0 48000
1695136896343 0.0 52000
1695136932793 0.0 56000
1695136966900 0.0 60000
1695136999797 0.0 64000
1695137033495 0.0 68000
1695137066545 0.0 72000
1695137103825 0.0 76000
1695137142211 0.0 80000
1695137179783 0.0 84000
1695137217206 0.0 88000
1695137252705 0.0 92000
1695137286580 0.0 96000
1695137322201 0.0 100000
1695137356752 0.0 104000
1695137389778 0.0 108000
1695137421525 0.0 112000
1695137453488 0.0 116000
1695137486591 0.0 120000
1695137518843 0.0 124000
1695137553021 0.0 128000
1695137587533 0.0 132000
1695137620429 0.0 136000
1695137652428 0.0 140000
1695137685766 0.0 144000
1695137720475 0.0 148000
1695137753173 0.0 152000
1695137785984 0.0 156000
1695137819459 0.0 160000
