1695136485642 256.0 4000
1695136522541 256.0 8000
1695136560475 256.0 12000
1695136594703 256.0 16000
1695136626340 256.0 20000
1695136659470 256.0 24000
1695136692956 256.0 28000
1695136726859 256.0 32000
1695136760618 256.0 36000
1695136795240 256.0 40000
1695136829877 256.0 44000
1695136863912 256.0 48000
1695136896343 256.0 52000
1695136932792 256.0 56000
1695136966899 256.0 60000
1695136999797 256.0 64000
1695137033495 256.0 68000
1695137066545 256.0 72000
1695137103825 256.0 76000
1695137142211 256.0 80000
1695137179783 256.0 84000
1695137217206 256.0 88000
1695137252705 256.0 92000
1695137286580 256.0 96000
1695137322201 256.0 100000
1695137356752 256.0 104000
1695137389777 256.0 108000
1695137421524 256.0 112000
1695137453488 256.0 116000
1695137486591 256.0 120000
1695137518843 256.0 124000
1695137553020 256.0 128000
1695137587533 256.0 132000
1695137620429 256.0 136000
1695137652428 256.0 140000
1695137685765 256.0 144000
1695137720475 256.0 148000
1695137753173 256.0 152000
1695137785984 256.0 156000
1695137819459 256.0 160000
