1695136485641 20.0 4000
1695136522540 20.0 8000
1695136560475 20.0 12000
1695136594702 20.0 16000
1695136626339 20.0 20000
1695136659470 20.0 24000
1695136692956 20.0 28000
1695136726859 20.0 32000
1695136760618 20.0 36000
1695136795239 20.0 40000
1695136829877 20.0 44000
1695136863912 20.0 48000
1695136896342 20.0 52000
1695136932792 20.0 56000
1695136966899 20.0 60000
1695136999796 20.0 64000
1695137033494 20.0 68000
1695137066544 20.0 72000
1695137103825 20.0 76000
1695137142210 20.0 80000
1695137179782 20.0 84000
1695137217205 20.0 88000
1695137252705 20.0 92000
1695137286580 20.0 96000
1695137322201 20.0 100000
1695137356751 20.0 104000
1695137389777 20.0 108000
1695137421524 20.0 112000
1695137453487 20.0 116000
1695137486590 20.0 120000
1695137518843 20.0 124000
1695137553020 20.0 128000
1695137587533 20.0 132000
1695137620428 20.0 136000
1695137652427 20.0 140000
1695137685765 20.0 144000
1695137720475 20.0 148000
1695137753172 20.0 152000
1695137785983 20.0 156000
1695137819458 20.0 160000
