1695136485640 0.0 4000
1695136522539 0.0 8000
1695136560474 0.0 12000
1695136594701 0.0 16000
1695136626338 0.0 20000
1695136659468 0.0 24000
1695136692955 0.0 28000
1695136726857 0.0 32000
1695136760617 0.0 36000
1695136795238 0.0 40000
1695136829875 0.0 44000
1695136863911 0.0 48000
1695136896341 0.0 52000
1695136932791 0.0 56000
1695136966898 0.0 60000
1695136999795 0.0 64000
1695137033493 0.0 68000
1695137066543 0.0 72000
1695137103823 0.0 76000
1695137142209 0.0 80000
1695137179781 0.0 84000
1695137217204 0.0 88000
1695137252703 0.0 92000
1695137286578 0.0 96000
1695137322199 0.0 100000
1695137356750 0.0 104000
1695137389776 0.0 108000
1695137421523 0.0 112000
1695137453486 0.0 116000
1695137486589 0.0 120000
1695137518841 0.0 124000
1695137553019 0.0 128000
1695137587531 0.0 132000
1695137620427 0.0 136000
1695137652426 0.0 140000
1695137685764 0.0 144000
1695137720473 0.0 148000
1695137753171 0.0 152000
1695137785982 0.0 156000
1695137819457 0.0 160000
