1695136485643 0.0 4000
1695136522543 0.0 8000
1695136560477 0.0 12000
1695136594704 0.0 16000
1695136626341 0.0 20000
1695136659472 0.0 24000
1695136692958 0.0 28000
1695136726860 0.0 32000
1695136760620 0.0 36000
1695136795241 0.0 40000
1695136829879 0.0 44000
1695136863914 0.0 48000
1695136896344 0.0 52000
1695136932794 0.0 56000
1695136966901 0.0 60000
1695136999798 0.0 64000
1695137033497 0.0 68000
1695137066546 0.0 72000
1695137103827 0.0 76000
1695137142212 0.0 80000
1695137179784 0.0 84000
1695137217207 0.0 88000
1695137252707 0.0 92000
1695137286582 0.0 96000
1695137322203 0.0 100000
1695137356754 0.0 104000
1695137389779 0.0 108000
1695137421526 0.0 112000
1695137453489 0.0 116000
1695137486592 0.0 120000
1695137518845 0.0 124000
1695137553023 0.0 128000
1695137587535 0.0 132000
1695137620430 0.0 136000
1695137652429 0.0 140000
1695137685767 0.0 144000
1695137720477 0.0 148000
1695137753174 0.0 152000
1695137785985 0.0 156000
1695137819460 0.0 160000
