1695136485641 0.0 4000
1695136522540 0.0 8000
1695136560474 0.0 12000
1695136594702 0.0 16000
1695136626339 0.0 20000
1695136659469 0.0 24000
1695136692955 0.0 28000
1695136726858 0.0 32000
1695136760617 0.0 36000
1695136795239 0.0 40000
1695136829876 0.0 44000
1695136863912 0.0 48000
1695136896342 0.0 52000
1695136932792 0.0 56000
1695136966899 0.0 60000
1695136999796 0.0 64000
1695137033494 0.0 68000
1695137066544 0.0 72000
1695137103824 0.0 76000
1695137142210 0.0 80000
1695137179782 0.0 84000
1695137217205 0.0 88000
1695137252704 0.0 92000
1695137286579 0.0 96000
1695137322200 0.0 100000
1695137356751 0.0 104000
1695137389777 0.0 108000
1695137421523 0.0 112000
1695137453487 0.0 116000
1695137486590 0.0 120000
1695137518842 0.0 124000
1695137553020 0.0 128000
1695137587532 0.0 132000
1695137620428 0.0 136000
1695137652427 0.0 140000
1695137685764 0.0 144000
1695137720474 0.0 148000
1695137753172 0.0 152000
1695137785983 0.0 156000
1695137819458 0.0 160000
