1695303109677 -0.1926 4000
1695303138366 0.08448387096774192 8000
1695303167501 0.0353653846153846 12000
1695303196272 0.06490277777777778 16000
1695303230332 0.06662365591397845 20000
1695303262665 0.15962 24000
1695303295812 0.14095 28000
1695303328644 0.16987 32000
1695303360532 0.296 36000
1695303392663 0.3191 40000
1695303425030 0.51771 44000
1695303456216 0.63239 48000
1695303487941 0.6851600000000001 52000
1695303518684 0.7386 56000
1695303550397 0.8471899999999999 60000
1695303581587 0.8341599999999998 64000
1695303615321 0.7823500000000001 68000
1695303648061 0.8759699999999999 72000
1695303680730 0.9886116504854368 76000
1695303712480 0.856877358490566 80000
1695303753677 0.8164684684684684 84000
1695303786191 1.0188285714285714 88000
1695303816915 1.0233247863247863 92000
1695303852605 0.9808979591836735 96000
1695303897730 1.0167195121951218 100000
1695303939881 1.0404264705882353 104000
1695303972601 0.9932046511627907 108000
1695304013127 0.9813722943722943 112000
1695304058298 1.0409680365296803 116000
1695304101510 1.0182295081967212 120000
1695304142272 1.022839357429719 124000
1695304191986 1.045808429118774 128000
1695304235685 1.0409236641221373 132000
1695304278798 1.0412518248175182 136000
1695304323054 1.050426923076923 140000
1695304364656 1.0111423841059604 144000
1695304406524 1.0700627177700348 148000
1695304450405 1.080544483985765 152000
1695304491881 1.0727266666666666 156000
1695304533233 1.1248033898305083 160000
1695304577678 1.1034423076923077 164000
1695304622826 1.076212765957447 168000
1695304666314 1.0967508532423207 172000
1695304711433 1.1325108695652173 176000
1695304751002 1.187267361111111 180000
1695304788708 1.1707310344827586 184000
1695304832512 1.2004362416107384 188000
1695304872627 1.1915709677419355 192000
1695304909344 1.201032258064516 196000
1695304945210 1.1885319865319866 200000
1695304982294 1.1937083333333334 204000
1695305024969 1.2741866666666666 208000
1695305061202 1.2256847826086958 212000
1695305097662 1.1833214285714286 216000
1695305135833 1.308439024390244 220000
1695305173051 1.2908498293515358 224000
1695305208264 1.2470887372013653 228000
1695305242114 1.2989176470588233 232000
1695305272962 1.302035087719298 236000
1695305303637 1.3040100334448161 240000
1695305334994 1.3404264150943395 244000
1695305365400 1.2882439024390244 248000
1695305395837 1.3127622377622377 252000
1695305426343 1.3225016949152544 256000
1695305457087 1.314202846975089 260000
1695305487695 1.307199275362319 264000
1695305518362 1.3044225352112677 268000
1695305548761 1.3158194444444444 272000
1695305579468 1.3631840277777778 276000
1695305610925 1.340891089108911 280000
1695305641252 1.3393707482993196 284000
1695305672087 1.3462380952380952 288000
1695305702326 1.310360294117647 292000
1695305733741 1.3590942760942761 296000
1695305763902 1.37415 300000
1695305794924 1.361913669064748 304000
1695305825330 1.400232472324723 308000
1695305856186 1.3656303630363038 312000
1695305886448 1.3408344594594597 316000
1695305917073 1.3534224422442245 320000
1695305947558 1.3103926174496647 324000
1695305978485 1.3854752475247525 328000
1695306008640 1.3864141414141415 332000
1695306039501 1.3516336633663366 336000
1695306070870 1.344077922077922 340000
1695306101774 1.3873885350318473 344000
1695306132238 1.3445938566552902 348000
1695306162864 1.397875 352000
1695306193353 1.3839383116883117 356000
1695306224276 1.3626891891891892 360000
1695306254691 1.4037301038062284 364000
1695306287111 1.3688715277777779 368000
1695306318477 1.3868775510204083 372000
1695306351046 1.4000833333333333 376000
1695306382505 1.387443365695793 380000
1695306417632 1.3627424749163881 384000
1695306452183 1.298767213114754 388000
1695306486437 1.371621794871795 392000
1695306519890 1.3731719745222932 396000
1695306554060 1.4238591065292094 400000
1695306586066 1.3835394736842106 404000
1695306620766 1.392829268292683 408000
1695306653665 1.4011198630136987 412000
1695306687354 1.3795792880258901 416000
1695306720443 1.3955095541401277 420000
1695306752917 1.3926968641114983 424000
1695306786070 1.4161466666666667 428000
1695306823360 1.3993357400722022 432000
1695306860190 1.3682358803986712 436000
1695306893537 1.3804477124183008 440000
1695306927009 1.4038983606557376 444000
1695306961087 1.4059864864864866 448000
1695306995306 1.375854785478548 452000
1695307028908 1.399283870967742 456000
1695307061146 1.3810000000000002 460000
1695307093360 1.4212817869415808 464000
1695307128175 1.3486351791530946 468000
1695307160890 1.3743716216216217 472000
1695307193724 1.3944410774410774 476000
1695307226878 1.3936402640264027 480000
1695307261290 1.367823717948718 484000
1695307295761 1.3940771929824562 488000
1695307328552 1.3680650684931508 492000
1695307362181 1.4140245614035087 496000
1695307398516 1.3803729372937295 500000
1695307433768 1.396825657894737 504000
1695307466800 1.4084675767918091 508000
1695307502296 1.4071274509803922 512000
1695307540859 1.4176345514950166 516000
1695307575755 1.4221883116883118 520000
1695307615175 1.3974774193548385 524000
1695307652903 1.3996445182724253 528000
1695307688965 1.3643831168831169 532000
1695307724740 1.388405063291139 536000
1695307759372 1.448084690553746 540000
1695307803589 1.4243164556962027 544000
1695307846199 1.3776818181818182 548000
1695307880674 1.391675496688742 552000
1695307919604 1.3891521035598706 556000
1695307956769 1.4015230263157894 560000
1695307994850 1.385418006430868 564000
1695308028005 1.3881732026143792 568000
1695308062876 1.3886644736842104 572000
1695308098081 1.4098181818181819 576000
1695308132092 1.4057381703470033 580000
1695308167205 1.394785016286645 584000
1695308204584 1.4054163934426231 588000
1695308240209 1.396176848874598 592000
1695308275247 1.4081071428571428 596000
1695308317612 1.4360319488817894 600000
1695308353386 1.3981577287066247 604000
1695308394723 1.3837654723127037 608000
1695308433111 1.3949090909090909 612000
1695308469730 1.4009527027027027 616000
1695308516164 1.3986655737704918 620000
1695308552743 1.3884565916398712 624000
1695308589922 1.4059315960912055 628000
1695308629706 1.409338658146965 632000
1695308665758 1.428951219512195 636000
1695308703943 1.4043527508090614 640000
1695308741018 1.4100095541401276 644000
1695308776422 1.4318984126984127 648000
1695308813096 1.410768729641694 652000
1695308854494 1.4395686274509805 656000
1695308889148 1.354927672955975 660000
1695308922244 1.3853355048859934 664000
1695308955616 1.3990033222591363 668000
1695308990629 1.4075244299674268 672000
1695309025560 1.4091143790849674 676000
1695309064253 1.4210756578947368 680000
1695309102426 1.3956972789115647 684000
1695309138040 1.4103546325878595 688000
1695309173156 1.4117216828478965 692000
1695309207166 1.4274823151125402 696000
1695309241589 1.3927843137254903 700000
1695309278095 1.4376315789473686 704000
1695309314237 1.389418300653595 708000
1695309350709 1.3703071895424837 712000
1695309387556 1.3944983922829584 716000
1695309422271 1.407064308681672 720000
1695309457116 1.379768253968254 724000
1695309489508 1.4228444444444446 728000
1695309522276 1.3906993006993007 732000
1695309555450 1.390408945686901 736000
1695309590310 1.4275980392156864 740000
1695309624569 1.3795973597359736 744000
1695309658541 1.3665187500000002 748000
1695309692333 1.4127263513513515 752000
1695309730411 1.4246230031948883 756000
1695309764981 1.3727031250000001 760000
1695309797472 1.3777854671280276 764000
1695309829826 1.4088367346938775 768000
1695309863394 1.3967240259740261 772000
1695309897300 1.3687981072555206 776000
1695309932665 1.4184338983050846 780000
1695309969927 1.4157639344262294 784000
1695310015817 1.3777820512820516 788000
1695310052554 1.4086845425867507 792000
1695310087726 1.402343137254902 796000
1695310125630 1.3936369636963697 800000
1695310160741 1.3922806451612904 804000
1695310197727 1.4116803797468356 808000
1695310240318 1.4174440894568692 812000
1695310277547 1.3914462025316456 816000
1695310312654 1.3907452229299364 820000
1695310348292 1.4052968750000001 824000
1695310386616 1.4075280528052805 828000
1695310421487 1.4021505016722409 832000
1695310455149 1.4199182389937108 836000
1695310493982 1.4176731391585762 840000
1695310538689 1.3958745980707397 844000
1695310575916 1.4179485530546625 848000
1695310616831 1.387626198083067 852000
1695310655439 1.4119398734177215 856000
1695310690302 1.4185062893081761 860000
1695310724019 1.4152108626198086 864000
1695310758906 1.3799870967741936 868000
