1695136485575 0.2619253033315353 4000
1695136522459 0.2682197636045025 8000
1695136560400 0.2735295920569205 12000
1695136594639 0.27838991213791237 16000
1695136626276 0.28041461787062943 20000
1695136659403 0.28476971243866755 24000
1695136692889 0.28694063477492565 28000
1695136726795 0.2854775554914123 32000
1695136760549 0.2841041339320609 36000
1695136795172 0.28451139469414016 40000
1695136829803 0.2859654572363323 44000
1695136863848 0.286875557799325 48000
1695136896274 0.2879536223835155 52000
1695136932725 0.2883870703495525 56000
1695136966834 0.2886549132749255 60000
1695136999729 0.28871945579467817 64000
1695137033423 0.2889677261594784 68000
1695137066480 0.2887875334648629 72000
1695137103753 0.28984011932573117 76000
1695137142138 0.29220261908411443 80000
1695137179714 0.29512528683326555 84000
1695137217136 0.29812480629016996 88000
1695137252634 0.2993675613753727 92000
1695137286513 0.2986510250243268 96000
1695137322138 0.2986255370419899 100000
1695137356675 0.29799565025196584 104000
1695137389713 0.29931353942940275 108000
1695137421457 0.29868118729418947 112000
1695137453425 0.29721334432570984 116000
1695137486525 0.29661436435658706 120000
1695137518770 0.2948446314593709 124000
1695137552943 0.294622726622107 128000
1695137587469 0.29518064835184427 132000
1695137620364 0.29485553005752774 136000
1695137652363 0.29383917643501256 140000
1695137685695 0.2935172653754513 144000
1695137720404 0.2935536681322259 148000
1695137753109 0.29329959074164724 152000
1695137785922 0.292736839439856 156000
1695137819389 0.2922897473903161 160000
