1695136485573 0.5914826841029345 4000
1695136522457 0.6119650113238977 8000
1695136560399 0.62518525227419 12000
1695136594638 0.6362731852675283 16000
1695136626274 0.641079793985697 20000
1695136659402 0.6527981143491567 24000
1695136692888 0.658580383612899 28000
1695136726794 0.6563082815478036 32000
1695136760548 0.6546684480283439 36000
1695136795171 0.6562100330430108 40000
1695136829802 0.6588135123814556 44000
1695136863847 0.6603650928784057 48000
1695136896273 0.6618849145690882 52000
1695136932724 0.6630390559040218 56000
1695136966833 0.6638119136167556 60000
1695136999728 0.6644360497656223 64000
1695137033421 0.6652945303488464 68000
1695137066479 0.6667350788295292 72000
1695137103752 0.6691721048147101 76000
1695137142137 0.672342235474645 80000
1695137179712 0.6766343808251947 84000
1695137217135 0.6831894473537639 88000
1695137252633 0.686431258592278 92000
1695137286511 0.6836900172291742 96000
1695137322137 0.6840657712157341 100000
1695137356673 0.684211682797576 104000
1695137389712 0.6865965916533778 108000
1695137421456 0.6860431652294389 112000
1695137453424 0.6831920008624269 116000
1695137486524 0.6827051449926662 120000
1695137518768 0.6810478971787143 124000
1695137552941 0.6815000733386185 128000
1695137587468 0.6833687912610423 132000
1695137620363 0.6833752588715842 136000
1695137652362 0.6821322745262308 140000
1695137685694 0.6823008085785537 144000
1695137720403 0.6832030328003756 148000
1695137753108 0.6833926040452349 152000
1695137785921 0.6840157722442192 156000
1695137819388 0.68394663033862 160000
