1695136485575 0.0 4000
1695136522459 0.0 8000
1695136560401 0.0 12000
1695136594640 0.0 16000
1695136626276 0.0 20000
1695136659404 0.0 24000
1695136692889 0.0 28000
1695136726795 0.0 32000
1695136760550 0.0 36000
1695136795172 0.0 40000
1695136829803 0.0 44000
1695136863849 0.0 48000
1695136896275 0.0 52000
1695136932726 0.0 56000
1695136966834 0.0 60000
1695136999730 0.0 64000
1695137033423 0.0 68000
1695137066481 0.0 72000
1695137103754 0.0 76000
1695137142139 0.0 80000
1695137179714 0.0 84000
1695137217136 0.0 88000
1695137252634 0.0 92000
1695137286513 0.0 96000
1695137322139 0.0 100000
1695137356676 0.0 104000
1695137389713 0.0 108000
1695137421458 0.0 112000
1695137453426 0.0 116000
1695137486526 0.0 120000
1695137518771 0.0 124000
1695137552943 0.0 128000
1695137587470 0.0 132000
1695137620365 0.0 136000
1695137652364 0.0 140000
1695137685695 0.0 144000
1695137720405 0.0 148000
1695137753109 0.0 152000
1695137785923 0.0 156000
1695137819389 0.0 160000
