1695136485574 4.207735862319706 4000
1695136522458 4.318402472429552 8000
1695136560399 4.411886635700858 12000
1695136594638 4.488875434662967 16000
1695136626275 4.521451927276063 20000
1695136659403 4.594308517629893 24000
1695136692888 4.635606521220626 28000
1695136726794 4.6130555130360245 32000
1695136760548 4.593202256841137 36000
1695136795171 4.596719126072769 40000
1695136829802 4.608802060357806 44000
1695136863847 4.61478053051494 48000
1695136896273 4.623432283274251 52000
1695136932724 4.62496087488635 56000
1695136966833 4.627355291728192 60000
1695136999728 4.627444809292089 64000
1695137033422 4.626295687781959 68000
1695137066479 4.62198190884731 72000
1695137103752 4.633352642395611 76000
1695137142137 4.65355200255249 80000
1695137179713 4.682267638042675 84000
1695137217135 4.714926283562201 88000
1695137252633 4.728506378453027 92000
1695137286512 4.717842763260075 96000
1695137322137 4.715871961751727 100000
1695137356674 4.709618638843187 104000
1695137389712 4.72989508723657 108000
1695137421456 4.720928974727031 112000
1695137453424 4.701580506025448 116000
1695137486524 4.695571019853552 120000
1695137518769 4.672413363511807 124000
1695137552942 4.669829504980231 128000
1695137587468 4.6765785104021 132000
1695137620363 4.676149215118726 136000
1695137652362 4.662789309091198 140000
1695137685694 4.65688649717863 144000
1695137720403 4.658449867236835 148000
1695137753108 4.653765483674894 152000
1695137785922 4.64697248965356 156000
1695137819388 4.64046599174062 160000
