1695136485574 0.17960787017644692 4000
1695136522458 0.18469073687507054 8000
1695136560400 0.18868888118172977 12000
1695136594639 0.19227577298931273 16000
1695136626275 0.19391676661549062 20000
1695136659403 0.19732534154824224 24000
1695136692889 0.199312561202391 28000
1695136726794 0.1984374460710425 32000
1695136760549 0.19762173334837846 36000
1695136795172 0.19790376854283792 40000
1695136829802 0.1986976624307171 44000
1695136863848 0.19912731615810994 48000
1695136896274 0.19979043954107 52000
1695136932725 0.20013160471559424 56000
1695136966834 0.2003044569576646 60000
1695136999729 0.20032815579187307 64000
1695137033422 0.20040345119033767 68000
1695137066480 0.20024081111585323 72000
1695137103753 0.20085582388575415 76000
1695137142138 0.20214807652715386 80000
1695137179713 0.2038664006421382 84000
1695137217135 0.2056278404117059 88000
1695137252633 0.20635104156865075 92000
1695137286512 0.20585271643814326 96000
1695137322138 0.2058324702941818 100000
1695137356674 0.2053592815337934 104000
1695137389712 0.20631431986631632 108000
1695137421457 0.2059597788150375 112000
1695137453425 0.20503248846688563 116000
1695137486525 0.20471378265757018 120000
1695137518770 0.20341532832659368 124000
1695137552942 0.2032999666381789 128000
1695137587469 0.20364000508858965 132000
1695137620364 0.20350385605104157 136000
1695137652363 0.20287584382804094 140000
1695137685695 0.20252301273937984 144000
1695137720404 0.2024962752963994 148000
1695137753108 0.20237490422050777 152000
1695137785922 0.20191779649224803 156000
1695137819388 0.20162187806990792 160000
