1695303109754 479.5 4000
1695303138442 479.5 8000
1695303167577 479.5 12000
1695303196349 479.5 16000
1695303230419 479.5 20000
1695303262741 479.5 24000
1695303295885 479.5 28000
1695303328717 479.5 32000
1695303360612 479.5 36000
1695303392739 479.5 40000
1695303425103 479.5 44000
1695303456292 479.5 48000
1695303488015 479.5 52000
1695303518758 479.5 56000
1695303550470 479.5 60000
1695303581660 479.5 64000
1695303615400 479.5 68000
1695303648132 479.5 72000
1695303680803 479.5 76000
1695303712552 479.5 80000
1695303753755 479.5 84000
1695303786263 479.5 88000
1695303816992 479.5 92000
1695303852700 479.5 96000
1695303897892 479.5 100000
1695303939953 479.5 104000
1695303972688 479.5 108000
1695304013218 479.5 112000
1695304058396 479.5 116000
1695304101597 479.5 120000
1695304142361 479.5 124000
1695304192102 479.5 128000
1695304235781 479.5 132000
1695304278894 479.5 136000
1695304323150 479.5 140000
1695304364754 479.5 144000
1695304406635 479.5 148000
1695304450502 479.5 152000
1695304491964 479.5 156000
1695304533325 479.5 160000
1695304577768 479.5 164000
1695304622923 479.5 168000
1695304666400 479.5 172000
1695304711504 479.5 176000
1695304751085 479.5 180000
1695304788793 479.5 184000
1695304832593 479.5 188000
1695304872713 479.5 192000
1695304909435 479.5 196000
1695304945290 479.5 200000
1695304982376 479.5 204000
1695305025058 479.5 208000
1695305061283 479.5 212000
1695305097746 479.5 216000
1695305135915 479.5 220000
1695305173133 479.5 224000
1695305208342 479.5 228000
1695305242183 479.5 232000
1695305273030 479.5 236000
1695305303718 479.5 240000
1695305335064 479.5 244000
1695305365473 479.5 248000
1695305395906 479.5 252000
1695305426418 479.5 256000
1695305457155 479.5 260000
1695305487769 479.5 264000
1695305518430 479.5 268000
1695305548835 479.5 272000
1695305579534 479.5 276000
1695305610996 479.5 280000
1695305641321 479.5 284000
1695305672152 479.5 288000
1695305702395 479.5 292000
1695305733809 479.5 296000
1695305763987 479.5 300000
1695305794993 479.5 304000
1695305825399 479.5 308000
1695305856254 479.5 312000
1695305886514 479.5 316000
1695305917142 479.5 320000
1695305947628 479.5 324000
1695305978550 479.5 328000
1695306008710 479.5 332000
1695306039573 479.5 336000
1695306070940 479.5 340000
1695306101845 479.5 344000
1695306132306 479.5 348000
1695306162933 479.5 352000
1695306193422 479.5 356000
1695306224345 479.5 360000
1695306254760 479.5 364000
1695306287179 479.5 368000
1695306318547 479.5 372000
1695306351126 479.5 376000
1695306382570 479.5 380000
1695306417708 479.5 384000
1695306452271 479.5 388000
1695306486514 479.5 392000
1695306519959 479.5 396000
1695306554137 479.5 400000
1695306586138 479.5 404000
1695306620844 479.5 408000
1695306653735 479.5 412000
1695306687434 479.5 416000
1695306720516 479.5 420000
1695306752989 479.5 424000
1695306786141 479.5 428000
1695306823462 479.5 432000
1695306860265 479.5 436000
1695306893610 479.5 440000
1695306927088 479.5 444000
1695306961161 479.5 448000
1695306995378 479.5 452000
1695307028981 479.5 456000
1695307061220 479.5 460000
1695307093436 479.5 464000
1695307128248 479.5 468000
1695307160969 479.5 472000
1695307193798 479.5 476000
1695307226956 479.5 480000
1695307261365 479.5 484000
1695307295832 479.5 488000
1695307328626 479.5 492000
1695307362257 479.5 496000
1695307398599 479.5 500000
1695307433842 479.5 504000
1695307466881 479.5 508000
1695307502380 479.5 512000
1695307540943 479.5 516000
1695307575830 479.5 520000
1695307615263 479.5 524000
1695307652976 479.5 528000
1695307689047 479.5 532000
1695307724816 479.5 536000
1695307759444 479.5 540000
1695307803703 479.5 544000
1695307846272 479.5 548000
1695307880757 479.5 552000
1695307919682 479.5 556000
1695307956856 479.5 560000
1695307994926 479.5 564000
1695308028078 479.5 568000
1695308062952 479.5 572000
1695308098153 479.5 576000
1695308132171 479.5 580000
1695308167279 479.5 584000
1695308204671 479.5 588000
1695308240282 479.5 592000
1695308275332 479.5 596000
1695308317697 479.5 600000
1695308353466 479.5 604000
1695308394826 479.5 608000
1695308433184 479.5 612000
1695308469816 479.5 616000
1695308516247 479.5 620000
1695308552824 479.5 624000
1695308590010 479.5 628000
1695308629791 479.5 632000
1695308665858 479.5 636000
1695308704029 479.5 640000
1695308741092 479.5 644000
1695308776504 479.5 648000
1695308813185 479.5 652000
1695308854567 479.5 656000
1695308889222 479.5 660000
1695308922318 479.5 664000
1695308955692 479.5 668000
1695308990711 479.5 672000
1695309025650 479.5 676000
1695309064347 479.5 680000
1695309102506 479.5 684000
1695309138121 479.5 688000
1695309173232 479.5 692000
1695309207246 479.5 696000
1695309241663 479.5 700000
1695309278174 479.5 704000
1695309314325 479.5 708000
1695309350782 479.5 712000
1695309387634 479.5 716000
1695309422344 479.5 720000
1695309457188 479.5 724000
1695309489577 479.5 728000
1695309522348 479.5 732000
1695309555525 479.5 736000
1695309590386 479.5 740000
1695309624644 479.5 744000
1695309658615 479.5 748000
1695309692405 479.5 752000
1695309730512 479.5 756000
1695309765054 479.5 760000
1695309797542 479.5 764000
1695309829900 479.5 768000
1695309863467 479.5 772000
1695309897377 479.5 776000
1695309932740 479.5 780000
1695309970007 479.5 784000
1695310015893 479.5 788000
1695310052633 479.5 792000
1695310087807 479.5 796000
1695310125712 479.5 800000
1695310160811 479.5 804000
1695310197811 479.5 808000
1695310240402 479.5 812000
1695310277622 479.5 816000
1695310312732 479.5 820000
1695310348375 479.5 824000
1695310386719 479.5 828000
1695310421557 479.5 832000
1695310455226 479.5 836000
1695310494064 479.5 840000
1695310538761 479.5 844000
1695310575995 479.5 848000
1695310616941 479.5 852000
1695310655512 479.5 856000
1695310690376 479.5 860000
1695310724091 479.5 864000
1695310758979 479.5 868000
