1695303109754 480.5 4000
1695303138441 1440.5 8000
1695303167577 2400.5 12000
1695303196349 3360.5 16000
1695303230418 4320.5 20000
1695303262740 5280.5 24000
1695303295885 6240.5 28000
1695303328717 7200.5 32000
1695303360611 8160.5 36000
1695303392738 9120.5 40000
1695303425102 10080.5 44000
1695303456291 11040.5 48000
1695303488015 12000.5 52000
1695303518758 12960.5 56000
1695303550470 13920.5 60000
1695303581660 14880.5 64000
1695303615400 15840.5 68000
1695303648131 16800.5 72000
1695303680803 17760.5 76000
1695303712551 18720.5 80000
1695303753754 19680.5 84000
1695303786263 20640.5 88000
1695303816992 21600.5 92000
1695303852699 22560.5 96000
1695303897892 23520.5 100000
1695303939953 24480.5 104000
1695303972688 25440.5 108000
1695304013218 26400.5 112000
1695304058396 27360.5 116000
1695304101597 28320.5 120000
1695304142361 29280.5 124000
1695304192102 30240.5 128000
1695304235781 31200.5 132000
1695304278894 32160.5 136000
1695304323149 33120.5 140000
1695304364753 34080.5 144000
1695304406635 35040.5 148000
1695304450501 36000.5 152000
1695304491964 36960.5 156000
1695304533325 37920.5 160000
1695304577767 38880.5 164000
1695304622923 39840.5 168000
1695304666399 40800.5 172000
1695304711503 41760.5 176000
1695304751084 42720.5 180000
1695304788793 43680.5 184000
1695304832593 44640.5 188000
1695304872713 45600.5 192000
1695304909434 46560.5 196000
1695304945289 47520.5 200000
1695304982376 48480.5 204000
1695305025057 49440.5 208000
1695305061283 50400.5 212000
1695305097746 51360.5 216000
1695305135914 52320.5 220000
1695305173133 53280.5 224000
1695305208342 54240.5 228000
1695305242183 55200.5 232000
1695305273030 56160.5 236000
1695305303718 57120.5 240000
1695305335064 58080.5 244000
1695305365473 59040.5 248000
1695305395905 60000.5 252000
1695305426418 60960.5 256000
1695305457154 61920.5 260000
1695305487769 62880.5 264000
1695305518429 63840.5 268000
1695305548834 64800.5 272000
1695305579533 65760.5 276000
1695305610995 66720.5 280000
1695305641321 67680.5 284000
1695305672152 68640.5 288000
1695305702394 69600.5 292000
1695305733809 70560.5 296000
1695305763987 71520.5 300000
1695305794993 72480.5 304000
1695305825398 73440.5 308000
1695305856254 74400.5 312000
1695305886513 75360.5 316000
1695305917141 76320.5 320000
1695305947628 77280.5 324000
1695305978550 78240.5 328000
1695306008709 79200.5 332000
1695306039572 80160.5 336000
1695306070939 81120.5 340000
1695306101844 82080.5 344000
1695306132306 83040.5 348000
1695306162933 84000.5 352000
1695306193422 84960.5 356000
1695306224344 85920.5 360000
1695306254760 86880.5 364000
1695306287179 87840.5 368000
1695306318546 88800.5 372000
1695306351126 89760.5 376000
1695306382570 90720.5 380000
1695306417708 91680.5 384000
1695306452271 92640.5 388000
1695306486513 93600.5 392000
1695306519959 94560.5 396000
1695306554136 95520.5 400000
1695306586138 96480.5 404000
1695306620844 97440.5 408000
1695306653734 98400.5 412000
1695306687434 99360.5 416000
1695306720516 100320.5 420000
1695306752988 101280.5 424000
1695306786140 102240.5 428000
1695306823461 103200.5 432000
1695306860265 104160.5 436000
1695306893609 105120.5 440000
1695306927088 106080.5 444000
1695306961160 107040.5 448000
1695306995378 108000.5 452000
1695307028980 108960.5 456000
1695307061220 109920.5 460000
1695307093435 110880.5 464000
1695307128248 111840.5 468000
1695307160969 112800.5 472000
1695307193798 113760.5 476000
1695307226955 114720.5 480000
1695307261364 115680.5 484000
1695307295832 116640.5 488000
1695307328626 117600.5 492000
1695307362257 118560.5 496000
1695307398599 119520.5 500000
1695307433842 120480.5 504000
1695307466880 121440.5 508000
1695307502379 122400.5 512000
1695307540943 123360.5 516000
1695307575829 124320.5 520000
1695307615262 125280.5 524000
1695307652976 126240.5 528000
1695307689046 127200.5 532000
1695307724816 128160.5 536000
1695307759444 129120.5 540000
1695307803702 130080.5 544000
1695307846272 131040.5 548000
1695307880756 132000.5 552000
1695307919681 132960.5 556000
1695307956856 133920.5 560000
1695307994925 134880.5 564000
1695308028078 135840.5 568000
1695308062952 136800.5 572000
1695308098153 137760.5 576000
1695308132171 138720.5 580000
1695308167278 139680.5 584000
1695308204670 140640.5 588000
1695308240282 141600.5 592000
1695308275331 142560.5 596000
1695308317696 143520.5 600000
1695308353466 144480.5 604000
1695308394825 145440.5 608000
1695308433183 146400.5 612000
1695308469815 147360.5 616000
1695308516247 148320.5 620000
1695308552824 149280.5 624000
1695308590009 150240.5 628000
1695308629790 151200.5 632000
1695308665857 152160.5 636000
1695308704028 153120.5 640000
1695308741092 154080.5 644000
1695308776503 155040.5 648000
1695308813184 156000.5 652000
1695308854567 156960.5 656000
1695308889222 157920.5 660000
1695308922317 158880.5 664000
1695308955692 159840.5 668000
1695308990710 160800.5 672000
1695309025650 161760.5 676000
1695309064346 162720.5 680000
1695309102506 163680.5 684000
1695309138120 164640.5 688000
1695309173232 165600.5 692000
1695309207245 166560.5 696000
1695309241662 167520.5 700000
1695309278174 168480.5 704000
1695309314325 169440.5 708000
1695309350781 170400.5 712000
1695309387634 171360.5 716000
1695309422343 172320.5 720000
1695309457188 173280.5 724000
1695309489576 174240.5 728000
1695309522347 175200.5 732000
1695309555525 176160.5 736000
1695309590386 177120.5 740000
1695309624644 178080.5 744000
1695309658614 179040.5 748000
1695309692404 180000.5 752000
1695309730511 180960.5 756000
1695309765054 181920.5 760000
1695309797542 182880.5 764000
1695309829900 183840.5 768000
1695309863467 184800.5 772000
1695309897377 185760.5 776000
1695309932740 186720.5 780000
1695309970007 187680.5 784000
1695310015893 188640.5 788000
1695310052633 189600.5 792000
1695310087807 190560.5 796000
1695310125711 191520.5 800000
1695310160811 192480.5 804000
1695310197810 193440.5 808000
1695310240401 194400.5 812000
1695310277622 195360.5 816000
1695310312732 196320.5 820000
1695310348375 197280.5 824000
1695310386718 198240.5 828000
1695310421557 199200.5 832000
1695310455226 200160.5 836000
1695310494064 201120.5 840000
1695310538761 202080.5 844000
1695310575995 203040.5 848000
1695310616941 204000.5 852000
1695310655512 204960.5 856000
1695310690376 205920.5 860000
1695310724091 206880.5 864000
1695310758979 207840.5 868000
