1695303109661 0.0 4000
1695303138350 0.0 8000
1695303167487 0.019230769230769232 12000
1695303196256 0.013888888888888888 16000
1695303230314 0.010752688172043012 20000
1695303262650 0.01 24000
1695303295796 0.01 28000
1695303328629 0.0 32000
1695303360517 0.0 36000
1695303392648 0.0 40000
1695303425014 0.0 44000
1695303456200 0.0 48000
1695303487926 0.0 52000
1695303518670 0.0 56000
1695303550382 0.0 60000
1695303581573 0.0 64000
1695303615306 0.02 68000
1695303648047 0.03 72000
1695303680715 0.009708737864077669 76000
1695303712466 0.009433962264150943 80000
1695303753661 0.009009009009009009 84000
1695303786176 0.007142857142857143 88000
1695303816900 0.008547008547008548 92000
1695303852587 0.0 96000
1695303897701 0.012195121951219513 100000
1695303939868 0.004901960784313725 104000
1695303972586 0.0 108000
1695304013109 0.0 112000
1695304058278 0.0045662100456621 116000
1695304101493 0.0 120000
1695304142255 0.004016064257028112 124000
1695304191964 0.0038314176245210726 128000
1695304235667 0.0 132000
1695304278778 0.0072992700729927005 136000
1695304323035 0.011538461538461539 140000
1695304364634 0.013245033112582781 144000
1695304406497 0.013937282229965157 148000
1695304450386 0.010676156583629894 152000
1695304491865 0.02 156000
1695304533213 0.010169491525423728 160000
1695304577659 0.009615384615384616 164000
1695304622801 0.02127659574468085 168000
1695304666297 0.006825938566552901 172000
1695304711418 0.014492753623188406 176000
1695304750985 0.0 180000
1695304788692 0.027586206896551724 184000
1695304832498 0.016778523489932886 188000
1695304872610 0.02258064516129032 192000
1695304909328 0.035842293906810034 196000
1695304945194 0.037037037037037035 200000
1695304982278 0.041666666666666664 204000
1695305024950 0.04 208000
1695305061187 0.06521739130434782 212000
1695305097646 0.05519480519480519 216000
1695305135816 0.09407665505226481 220000
1695305173034 0.06143344709897611 224000
1695305208248 0.07508532423208192 228000
1695305242101 0.07450980392156863 232000
1695305272948 0.08070175438596491 236000
1695305303621 0.07357859531772576 240000
1695305334981 0.07169811320754717 244000
1695305365385 0.08362369337979095 248000
1695305395823 0.11188811188811189 252000
1695305426328 0.09491525423728814 256000
1695305457074 0.10320284697508897 260000
1695305487680 0.13405797101449277 264000
1695305518348 0.14788732394366197 268000
1695305548746 0.16666666666666666 272000
1695305579454 0.17708333333333334 276000
1695305610911 0.1419141914191419 280000
1695305641238 0.1564625850340136 284000
1695305672074 0.1564625850340136 288000
1695305702312 0.15808823529411764 292000
1695305733727 0.17845117845117844 296000
1695305763888 0.13333333333333333 300000
1695305794911 0.1366906474820144 304000
1695305825316 0.16605166051660517 308000
1695305856172 0.17491749174917492 312000
1695305886435 0.1554054054054054 316000
1695305917059 0.16831683168316833 320000
1695305947545 0.19463087248322147 324000
1695305978472 0.1848184818481848 328000
1695306008626 0.1717171717171717 332000
1695306039487 0.1782178217821782 336000
1695306070856 0.18181818181818182 340000
1695306101760 0.1942675159235669 344000
1695306132225 0.19795221843003413 348000
1695306162850 0.16891891891891891 352000
1695306193338 0.1396103896103896 356000
1695306224262 0.19594594594594594 360000
1695306254677 0.17647058823529413 364000
1695306287096 0.1597222222222222 368000
1695306318463 0.17687074829931973 372000
1695306351033 0.20666666666666667 376000
1695306382491 0.16181229773462782 380000
1695306417617 0.2140468227424749 384000
1695306452169 0.1901639344262295 388000
1695306486423 0.15384615384615385 392000
1695306519876 0.17834394904458598 396000
1695306554046 0.2027491408934708 400000
1695306586051 0.20394736842105263 404000
1695306620751 0.2508710801393728 408000
1695306653651 0.2534246575342466 412000
1695306687338 0.16181229773462782 416000
1695306720428 0.1751592356687898 420000
1695306752903 0.20557491289198607 424000
1695306786056 0.16666666666666666 428000
1695306823344 0.16606498194945848 432000
1695306860175 0.23255813953488372 436000
1695306893522 0.20915032679738563 440000
1695306926992 0.19672131147540983 444000
1695306961073 0.19256756756756757 448000
1695306995291 0.1848184818481848 452000
1695307028894 0.18387096774193548 456000
1695307061130 0.1917808219178082 460000
1695307093346 0.2027491408934708 464000
1695307128160 0.14006514657980457 468000
1695307160874 0.20608108108108109 472000
1695307193710 0.18518518518518517 476000
1695307226863 0.20132013201320131 480000
1695307261275 0.21153846153846154 484000
1695307295747 0.19298245614035087 488000
1695307328538 0.20205479452054795 492000
1695307362166 0.18947368421052632 496000
1695307398500 0.20132013201320131 500000
1695307433754 0.19407894736842105 504000
1695307466784 0.18430034129692832 508000
1695307502280 0.19607843137254902 512000
1695307540839 0.18604651162790697 516000
1695307575740 0.19155844155844157 520000
1695307615158 0.1774193548387097 524000
1695307652889 0.25249169435215946 528000
1695307688942 0.18506493506493507 532000
1695307724724 0.17405063291139242 536000
1695307759357 0.21172638436482086 540000
1695307803561 0.16139240506329114 544000
1695307846185 0.19480519480519481 548000
1695307880657 0.25496688741721857 552000
1695307919589 0.18770226537216828 556000
1695307956750 0.21052631578947367 560000
1695307994831 0.18006430868167203 564000
1695308027990 0.20261437908496732 568000
1695308062860 0.21052631578947367 572000
1695308098067 0.1888111888111888 576000
1695308132077 0.2082018927444795 580000
1695308167190 0.1237785016286645 584000
1695308204566 0.16393442622950818 588000
1695308240194 0.18971061093247588 592000
1695308275231 0.16558441558441558 596000
1695308317595 0.1853035143769968 600000
1695308353371 0.19242902208201892 604000
1695308394702 0.1986970684039088 608000
1695308433097 0.22727272727272727 612000
1695308469714 0.20270270270270271 616000
1695308516148 0.18032786885245902 620000
1695308552727 0.19292604501607716 624000
1695308589905 0.16938110749185667 628000
1695308629689 0.1501597444089457 632000
1695308665741 0.18815331010452963 636000
1695308703926 0.16828478964401294 640000
1695308741003 0.1592356687898089 644000
1695308776407 0.1523809523809524 648000
1695308813079 0.20195439739413681 652000
1695308854480 0.1568627450980392 656000
1695308889133 0.13522012578616352 660000
1695308922229 0.13029315960912052 664000
1695308955601 0.15282392026578073 668000
1695308990612 0.16612377850162866 672000
1695309025542 0.1830065359477124 676000
1695309064236 0.20065789473684212 680000
1695309102408 0.2108843537414966 684000
1695309138023 0.1853035143769968 688000
1695309173141 0.15857605177993528 692000
1695309207151 0.2090032154340836 696000
1695309241575 0.19607843137254902 700000
1695309278078 0.24342105263157895 704000
1695309314220 0.20588235294117646 708000
1695309350695 0.1895424836601307 712000
1695309387540 0.17684887459807075 716000
1695309422256 0.20257234726688103 720000
1695309457101 0.2 724000
1695309489494 0.17777777777777778 728000
1695309522261 0.21678321678321677 732000
1695309555436 0.1757188498402556 736000
1695309590294 0.16993464052287582 740000
1695309624555 0.1485148514851485 744000
1695309658527 0.184375 748000
1695309692319 0.23648648648648649 752000
1695309730393 0.19488817891373802 756000
1695309764967 0.15 760000
1695309797458 0.2179930795847751 764000
1695309829812 0.20408163265306123 768000
1695309863380 0.21103896103896103 772000
1695309897285 0.15141955835962145 776000
1695309932650 0.1864406779661017 780000
1695309969907 0.17704918032786884 784000
1695310015802 0.16025641025641027 788000
1695310052539 0.17034700315457413 792000
1695310087710 0.20588235294117646 796000
1695310125615 0.17491749174917492 800000
1695310160727 0.15483870967741936 804000
1695310197711 0.17405063291139242 808000
1695310240302 0.16293929712460065 812000
1695310277533 0.14873417721518986 816000
1695310312639 0.1910828025477707 820000
1695310348276 0.153125 824000
1695310386600 0.21782178217821782 828000
1695310421472 0.16387959866220736 832000
1695310455134 0.16037735849056603 836000
1695310493967 0.17475728155339806 840000
1695310538674 0.1832797427652733 844000
1695310575900 0.21221864951768488 848000
1695310616811 0.18210862619808307 852000
1695310655424 0.2120253164556962 856000
1695310690288 0.16981132075471697 860000
1695310724005 0.22044728434504793 864000
1695310758891 0.18064516129032257 868000
