1695303109662 0.0 4000
1695303138351 0.0 8000
1695303167487 0.0 12000
1695303196257 0.0 16000
1695303230314 0.0 20000
1695303262650 0.0 24000
1695303295797 0.0 28000
1695303328629 0.0 32000
1695303360518 0.0 36000
1695303392649 0.0 40000
1695303425015 0.0 44000
1695303456201 0.0 48000
1695303487926 0.0 52000
1695303518670 0.0 56000
1695303550383 0.0 60000
1695303581573 0.0 64000
1695303615306 0.0 68000
1695303648048 0.0 72000
1695303680715 0.0 76000
1695303712466 0.0 80000
1695303753662 0.0 84000
1695303786177 0.0 88000
1695303816900 0.0 92000
1695303852588 0.0 96000
1695303897702 0.0 100000
1695303939868 0.0 104000
1695303972586 0.0 108000
1695304013110 0.0 112000
1695304058279 0.0 116000
1695304101493 0.0 120000
1695304142255 0.0 124000
1695304191964 0.0 128000
1695304235667 0.0 132000
1695304278779 0.0 136000
1695304323035 0.0 140000
1695304364635 0.0 144000
1695304406498 0.0 148000
1695304450386 0.0 152000
1695304491865 0.0 156000
1695304533214 0.0 160000
1695304577659 0.0 164000
1695304622802 0.0 168000
1695304666297 0.0 172000
1695304711419 0.0 176000
1695304750986 0.0 180000
1695304788693 0.0 184000
1695304832498 0.0 188000
1695304872611 0.0 192000
1695304909329 0.0 196000
1695304945195 0.0 200000
1695304982279 0.0 204000
1695305024950 0.0 208000
1695305061187 0.0 212000
1695305097646 0.0 216000
1695305135816 0.0 220000
1695305173035 0.0 224000
1695305208248 0.0 228000
1695305242101 0.0 232000
1695305272948 0.0 236000
1695305303621 0.0 240000
1695305334981 0.0 244000
1695305365386 0.0 248000
1695305395824 0.0 252000
1695305426329 0.0 256000
1695305457075 0.0 260000
1695305487680 0.0 264000
1695305518348 0.0 268000
1695305548746 0.0 272000
1695305579454 0.0 276000
1695305610912 0.0 280000
1695305641238 0.0 284000
1695305672074 0.0 288000
1695305702312 0.0 292000
1695305733727 0.0 296000
1695305763889 0.0 300000
1695305794911 0.0 304000
1695305825316 0.0 308000
1695305856172 0.0 312000
1695305886435 0.0 316000
1695305917059 0.0 320000
1695305947545 0.0 324000
1695305978472 0.0 328000
1695306008626 0.0 332000
1695306039488 0.0 336000
1695306070856 0.0 340000
1695306101760 0.0 344000
1695306132225 0.0 348000
1695306162851 0.0 352000
1695306193339 0.0 356000
1695306224262 0.0 360000
1695306254678 0.0 364000
1695306287096 0.0 368000
1695306318464 0.0 372000
1695306351033 0.0 376000
1695306382492 0.0 380000
1695306417617 0.0 384000
1695306452170 0.0 388000
1695306486423 0.0 392000
1695306519876 0.0 396000
1695306554046 0.0 400000
1695306586052 0.0 404000
1695306620751 0.0 408000
1695306653651 0.0 412000
1695306687338 0.0 416000
1695306720429 0.0 420000
1695306752903 0.0 424000
1695306786057 0.0 428000
1695306823344 0.0 432000
1695306860176 0.0 436000
1695306893523 0.0 440000
1695306926992 0.0 444000
1695306961073 0.0 448000
1695306995292 0.0 452000
1695307028894 0.0 456000
1695307061131 0.0 460000
1695307093346 0.0 464000
1695307128160 0.0 468000
1695307160875 0.0 472000
1695307193710 0.0 476000
1695307226864 0.0 480000
1695307261276 0.0 484000
1695307295747 0.0 488000
1695307328538 0.0 492000
1695307362167 0.0 496000
1695307398501 0.0 500000
1695307433754 0.0 504000
1695307466784 0.0 508000
1695307502280 0.0 512000
1695307540839 0.0 516000
1695307575741 0.0 520000
1695307615158 0.0 524000
1695307652889 0.0 528000
1695307688942 0.0 532000
1695307724724 0.0 536000
1695307759358 0.0 540000
1695307803562 0.0 544000
1695307846185 0.0 548000
1695307880658 0.0 552000
1695307919589 0.0 556000
1695307956750 0.0 560000
1695307994831 0.0 564000
1695308027990 0.0 568000
1695308062861 0.0 572000
1695308098067 0.0 576000
1695308132077 0.0 580000
1695308167190 0.0 584000
1695308204567 0.0 588000
1695308240195 0.0 592000
1695308275232 0.0 596000
1695308317596 0.0 600000
1695308353372 0.0 604000
1695308394703 0.0 608000
1695308433097 0.0 612000
1695308469714 0.0 616000
1695308516149 0.0 620000
1695308552727 0.0 624000
1695308589905 0.0 628000
1695308629689 0.0 632000
1695308665742 0.0 636000
1695308703927 0.0 640000
1695308741004 0.0 644000
1695308776408 0.0 648000
1695308813080 0.0 652000
1695308854480 0.0 656000
1695308889133 0.0 660000
1695308922229 0.0 664000
1695308955602 0.0 668000
1695308990613 0.0 672000
1695309025543 0.0 676000
1695309064236 0.0 680000
1695309102408 0.0 684000
1695309138024 0.0 688000
1695309173141 0.0 692000
1695309207152 0.0 696000
1695309241575 0.0 700000
1695309278079 0.0 704000
1695309314220 0.0 708000
1695309350696 0.0 712000
1695309387540 0.0 716000
1695309422257 0.0 720000
1695309457101 0.0 724000
1695309489494 0.0 728000
1695309522262 0.0 732000
1695309555436 0.0 736000
1695309590295 0.0 740000
1695309624555 0.0 744000
1695309658527 0.0 748000
1695309692319 0.0 752000
1695309730394 0.0 756000
1695309764968 0.0 760000
1695309797459 0.0 764000
1695309829812 0.0 768000
1695309863380 0.0 772000
1695309897286 0.0 776000
1695309932650 0.0 780000
1695309969907 0.0 784000
1695310015802 0.0 788000
1695310052539 0.0 792000
1695310087711 0.0 796000
1695310125615 0.0 800000
1695310160727 0.0 804000
1695310197711 0.0 808000
1695310240302 0.0 812000
1695310277533 0.0 816000
1695310312639 0.0 820000
1695310348276 0.0 824000
1695310386600 0.0 828000
1695310421472 0.0 832000
1695310455134 0.0 836000
1695310493967 0.0 840000
1695310538675 0.0 844000
1695310575900 0.0 848000
1695310616812 0.0 852000
1695310655425 0.0 856000
1695310690288 0.0 860000
1695310724005 0.0 864000
1695310758892 0.0 868000
