1695303109662 0.0 4000
1695303138351 0.0 8000
1695303167487 1.0 12000
1695303196257 1.0 16000
1695303230315 1.0 20000
1695303262650 1.0 24000
1695303295797 1.0 28000
1695303328630 0.0 32000
1695303360518 0.0 36000
1695303392649 0.0 40000
1695303425015 0.0 44000
1695303456201 0.0 48000
1695303487927 0.0 52000
1695303518670 0.0 56000
1695303550383 0.0 60000
1695303581573 0.0 64000
1695303615306 1.0 68000
1695303648048 1.0 72000
1695303680716 1.0 76000
1695303712466 1.0 80000
1695303753662 1.0 84000
1695303786177 1.0 88000
1695303816901 1.0 92000
1695303852588 0.0 96000
1695303897703 1.0 100000
1695303939868 1.0 104000
1695303972586 0.0 108000
1695304013110 0.0 112000
1695304058279 1.0 116000
1695304101494 0.0 120000
1695304142256 1.0 124000
1695304191965 1.0 128000
1695304235668 0.0 132000
1695304278779 1.0 136000
1695304323036 1.0 140000
1695304364635 1.0 144000
1695304406499 1.0 148000
1695304450387 1.0 152000
1695304491866 1.0 156000
1695304533214 1.0 160000
1695304577660 1.0 164000
1695304622802 1.0 168000
1695304666297 1.0 172000
1695304711419 1.0 176000
1695304750986 0.0 180000
1695304788693 1.0 184000
1695304832498 1.0 188000
1695304872611 1.0 192000
1695304909329 1.0 196000
1695304945195 1.0 200000
1695304982279 1.0 204000
1695305024951 1.0 208000
1695305061188 1.0 212000
1695305097647 1.0 216000
1695305135817 1.0 220000
1695305173035 1.0 224000
1695305208249 1.0 228000
1695305242101 1.0 232000
1695305272948 1.0 236000
1695305303621 1.0 240000
1695305334982 1.0 244000
1695305365386 1.0 248000
1695305395824 1.0 252000
1695305426329 1.0 256000
1695305457075 1.0 260000
1695305487680 1.0 264000
1695305518349 1.0 268000
1695305548746 1.0 272000
1695305579455 1.0 276000
1695305610912 1.0 280000
1695305641239 1.0 284000
1695305672074 1.0 288000
1695305702312 1.0 292000
1695305733728 1.0 296000
1695305763889 1.0 300000
1695305794911 1.0 304000
1695305825316 1.0 308000
1695305856173 1.0 312000
1695305886436 1.0 316000
1695305917060 1.0 320000
1695305947546 1.0 324000
1695305978473 1.0 328000
1695306008627 1.0 332000
1695306039488 1.0 336000
1695306070857 1.0 340000
1695306101760 1.0 344000
1695306132226 1.0 348000
1695306162851 1.0 352000
1695306193339 1.0 356000
1695306224263 1.0 360000
1695306254678 1.0 364000
1695306287097 1.0 368000
1695306318464 1.0 372000
1695306351033 1.0 376000
1695306382492 1.0 380000
1695306417618 1.0 384000
1695306452170 1.0 388000
1695306486424 1.0 392000
1695306519877 1.0 396000
1695306554046 1.0 400000
1695306586052 1.0 404000
1695306620751 1.0 408000
1695306653652 1.0 412000
1695306687339 1.0 416000
1695306720429 1.0 420000
1695306752903 1.0 424000
1695306786057 1.0 428000
1695306823345 1.0 432000
1695306860176 1.0 436000
1695306893523 1.0 440000
1695306926992 1.0 444000
1695306961074 1.0 448000
1695306995292 1.0 452000
1695307028894 1.0 456000
1695307061131 1.0 460000
1695307093347 1.0 464000
1695307128161 1.0 468000
1695307160875 1.0 472000
1695307193711 1.0 476000
1695307226864 1.0 480000
1695307261276 1.0 484000
1695307295748 1.0 488000
1695307328538 1.0 492000
1695307362167 1.0 496000
1695307398501 1.0 500000
1695307433755 1.0 504000
1695307466784 1.0 508000
1695307502281 1.0 512000
1695307540839 1.0 516000
1695307575741 1.0 520000
1695307615159 1.0 524000
1695307652889 1.0 528000
1695307688943 1.0 532000
1695307724725 1.0 536000
1695307759358 1.0 540000
1695307803563 1.0 544000
1695307846185 1.0 548000
1695307880658 1.0 552000
1695307919590 1.0 556000
1695307956751 1.0 560000
1695307994832 1.0 564000
1695308027991 1.0 568000
1695308062861 1.0 572000
1695308098067 1.0 576000
1695308132078 1.0 580000
1695308167191 1.0 584000
1695308204567 1.0 588000
1695308240195 1.0 592000
1695308275232 1.0 596000
1695308317596 1.0 600000
1695308353372 1.0 604000
1695308394703 1.0 608000
1695308433097 1.0 612000
1695308469714 1.0 616000
1695308516149 1.0 620000
1695308552728 1.0 624000
1695308589906 1.0 628000
1695308629690 1.0 632000
1695308665742 1.0 636000
1695308703927 1.0 640000
1695308741004 1.0 644000
1695308776408 1.0 648000
1695308813080 1.0 652000
1695308854481 1.0 656000
1695308889134 1.0 660000
1695308922229 1.0 664000
1695308955602 1.0 668000
1695308990613 1.0 672000
1695309025543 1.0 676000
1695309064236 1.0 680000
1695309102409 1.0 684000
1695309138024 1.0 688000
1695309173142 1.0 692000
1695309207152 1.0 696000
1695309241576 1.0 700000
1695309278080 1.0 704000
1695309314220 1.0 708000
1695309350696 1.0 712000
1695309387541 1.0 716000
1695309422257 1.0 720000
1695309457102 1.0 724000
1695309489494 1.0 728000
1695309522262 1.0 732000
1695309555437 1.0 736000
1695309590295 1.0 740000
1695309624556 1.0 744000
1695309658527 1.0 748000
1695309692320 1.0 752000
1695309730394 1.0 756000
1695309764968 1.0 760000
1695309797459 1.0 764000
1695309829813 1.0 768000
1695309863381 1.0 772000
1695309897286 1.0 776000
1695309932651 1.0 780000
1695309969908 1.0 784000
1695310015803 1.0 788000
1695310052539 1.0 792000
1695310087711 1.0 796000
1695310125616 1.0 800000
1695310160727 1.0 804000
1695310197712 1.0 808000
1695310240302 1.0 812000
1695310277533 1.0 816000
1695310312640 1.0 820000
1695310348277 1.0 824000
1695310386601 1.0 828000
1695310421473 1.0 832000
1695310455134 1.0 836000
1695310493967 1.0 840000
1695310538675 1.0 844000
1695310575901 1.0 848000
1695310616812 1.0 852000
1695310655425 1.0 856000
1695310690289 1.0 860000
1695310724005 1.0 864000
1695310758892 1.0 868000
