1695303109665 1.0 4000
1695303138355 1.0 8000
1695303167491 1.0 12000
1695303196261 1.0 16000
1695303230319 1.0 20000
1695303262654 1.0 24000
1695303295801 1.0 28000
1695303328633 1.0 32000
1695303360522 1.0 36000
1695303392653 1.0 40000
1695303425019 1.0 44000
1695303456205 1.0 48000
1695303487930 1.0 52000
1695303518674 1.0 56000
1695303550386 1.0 60000
1695303581577 1.0 64000
1695303615310 1.0 68000
1695303648051 1.0 72000
1695303680719 1.0 76000
1695303712470 1.0 80000
1695303753666 1.0 84000
1695303786181 1.0 88000
1695303816904 1.0 92000
1695303852592 1.0 96000
1695303897711 1.0 100000
1695303939872 1.0 104000
1695303972590 1.0 108000
1695304013114 1.0 112000
1695304058284 1.0 116000
1695304101498 1.0 120000
1695304142260 1.0 124000
1695304191970 1.0 128000
1695304235672 1.0 132000
1695304278784 1.0 136000
1695304323040 1.0 140000
1695304364642 1.0 144000
1695304406504 1.0 148000
1695304450391 1.0 152000
1695304491869 1.0 156000
1695304533219 1.0 160000
1695304577664 1.0 164000
1695304622807 1.0 168000
1695304666301 1.0 172000
1695304711423 1.0 176000
1695304750990 1.0 180000
1695304788697 1.0 184000
1695304832502 1.0 188000
1695304872615 1.0 192000
1695304909333 1.0 196000
1695304945199 1.0 200000
1695304982283 1.0 204000
1695305024956 1.0 208000
1695305061192 1.0 212000
1695305097650 1.0 216000
1695305135821 1.0 220000
1695305173039 1.0 224000
1695305208253 1.0 228000
1695305242105 1.0 232000
1695305272952 1.0 236000
1695305303625 1.0 240000
1695305334985 1.0 244000
1695305365390 1.0 248000
1695305395827 1.0 252000
1695305426333 1.0 256000
1695305457078 1.0 260000
1695305487684 1.0 264000
1695305518352 1.0 268000
1695305548750 1.0 272000
1695305579458 1.0 276000
1695305610915 1.0 280000
1695305641242 1.0 284000
1695305672077 1.0 288000
1695305702316 1.0 292000
1695305733731 1.0 296000
1695305763892 1.0 300000
1695305794914 1.0 304000
1695305825320 1.0 308000
1695305856176 1.0 312000
1695305886439 1.0 316000
1695305917063 1.0 320000
1695305947549 1.0 324000
1695305978476 1.0 328000
1695306008630 1.0 332000
1695306039491 1.0 336000
1695306070860 1.0 340000
1695306101764 1.0 344000
1695306132229 1.0 348000
1695306162854 1.0 352000
1695306193343 1.0 356000
1695306224266 1.0 360000
1695306254681 1.0 364000
1695306287102 1.0 368000
1695306318467 1.0 372000
1695306351036 1.0 376000
1695306382496 1.0 380000
1695306417621 1.0 384000
1695306452173 1.0 388000
1695306486427 1.0 392000
1695306519880 1.0 396000
1695306554050 1.0 400000
1695306586055 1.0 404000
1695306620755 1.0 408000
1695306653655 1.0 412000
1695306687342 1.0 416000
1695306720433 1.0 420000
1695306752907 1.0 424000
1695306786060 1.0 428000
1695306823349 1.0 432000
1695306860180 1.0 436000
1695306893527 1.0 440000
1695306926996 1.0 444000
1695306961077 1.0 448000
1695306995295 1.0 452000
1695307028898 1.0 456000
1695307061135 1.0 460000
1695307093350 1.0 464000
1695307128164 1.0 468000
1695307160879 1.0 472000
1695307193714 1.0 476000
1695307226868 1.0 480000
1695307261280 1.0 484000
1695307295751 1.0 488000
1695307328542 1.0 492000
1695307362171 1.0 496000
1695307398505 1.0 500000
1695307433758 1.0 504000
1695307466788 1.0 508000
1695307502285 1.0 512000
1695307540843 1.0 516000
1695307575745 1.0 520000
1695307615163 1.0 524000
1695307652893 1.0 528000
1695307688949 1.0 532000
1695307724729 1.0 536000
1695307759362 1.0 540000
1695307803569 1.0 544000
1695307846189 1.0 548000
1695307880662 1.0 552000
1695307919593 1.0 556000
1695307956756 1.0 560000
1695307994838 1.0 564000
1695308027994 1.0 568000
1695308062865 1.0 572000
1695308098071 1.0 576000
1695308132081 1.0 580000
1695308167194 1.0 584000
1695308204571 1.0 588000
1695308240199 1.0 592000
1695308275236 1.0 596000
1695308317600 1.0 600000
1695308353376 1.0 604000
1695308394709 1.0 608000
1695308433101 1.0 612000
1695308469718 1.0 616000
1695308516153 1.0 620000
1695308552731 1.0 624000
1695308589910 1.0 628000
1695308629694 1.0 632000
1695308665746 1.0 636000
1695308703931 1.0 640000
1695308741008 1.0 644000
1695308776411 1.0 648000
1695308813084 1.0 652000
1695308854484 1.0 656000
1695308889137 1.0 660000
1695308922233 1.0 664000
1695308955606 1.0 668000
1695308990617 1.0 672000
1695309025548 1.0 676000
1695309064241 1.0 680000
1695309102413 1.0 684000
1695309138028 1.0 688000
1695309173145 1.0 692000
1695309207156 1.0 696000
1695309241579 1.0 700000
1695309278083 1.0 704000
1695309314225 1.0 708000
1695309350699 1.0 712000
1695309387545 1.0 716000
1695309422260 1.0 720000
1695309457105 1.0 724000
1695309489498 1.0 728000
1695309522265 1.0 732000
1695309555440 1.0 736000
1695309590299 1.0 740000
1695309624559 1.0 744000
1695309658531 1.0 748000
1695309692323 1.0 752000
1695309730398 1.0 756000
1695309764971 1.0 760000
1695309797462 1.0 764000
1695309829816 1.0 768000
1695309863384 1.0 772000
1695309897290 1.0 776000
1695309932654 1.0 780000
1695309969912 1.0 784000
1695310015806 1.0 788000
1695310052543 1.0 792000
1695310087715 1.0 796000
1695310125619 1.0 800000
1695310160731 1.0 804000
1695310197716 1.0 808000
1695310240306 1.0 812000
1695310277537 1.0 816000
1695310312643 1.0 820000
1695310348281 1.0 824000
1695310386604 1.0 828000
1695310421477 1.0 832000
1695310455138 1.0 836000
1695310493971 1.0 840000
1695310538678 1.0 844000
1695310575905 1.0 848000
1695310616817 1.0 852000
1695310655429 1.0 856000
1695310690292 1.0 860000
1695310724009 1.0 864000
1695310758896 1.0 868000
