1695303109663 1.0 4000
1695303138352 1.0 8000
1695303167489 1.0 12000
1695303196258 1.0 16000
1695303230316 1.0 20000
1695303262652 1.0 24000
1695303295798 1.0 28000
1695303328631 1.0 32000
1695303360519 1.0 36000
1695303392650 1.0 40000
1695303425016 1.0 44000
1695303456202 1.0 48000
1695303487928 1.0 52000
1695303518672 1.0 56000
1695303550384 1.0 60000
1695303581574 1.0 64000
1695303615308 1.0 68000
1695303648049 1.0 72000
1695303680717 1.0 76000
1695303712467 1.0 80000
1695303753664 1.0 84000
1695303786178 1.0 88000
1695303816902 1.0 92000
1695303852590 1.0 96000
1695303897706 1.0 100000
1695303939869 1.0 104000
1695303972588 1.0 108000
1695304013112 1.0 112000
1695304058281 1.0 116000
1695304101495 1.0 120000
1695304142257 1.0 124000
1695304191966 1.0 128000
1695304235669 1.0 132000
1695304278781 1.0 136000
1695304323037 1.0 140000
1695304364638 1.0 144000
1695304406500 1.0 148000
1695304450388 1.0 152000
1695304491867 1.0 156000
1695304533216 1.0 160000
1695304577661 1.0 164000
1695304622804 1.0 168000
1695304666299 1.0 172000
1695304711420 1.0 176000
1695304750987 1.0 180000
1695304788694 1.0 184000
1695304832500 1.0 188000
1695304872612 1.0 192000
1695304909330 1.0 196000
1695304945196 1.0 200000
1695304982280 1.0 204000
1695305024953 1.0 208000
1695305061189 1.0 212000
1695305097648 1.0 216000
1695305135818 1.0 220000
1695305173037 1.0 224000
1695305208250 1.0 228000
1695305242102 1.0 232000
1695305272949 1.0 236000
1695305303623 1.0 240000
1695305334983 1.0 244000
1695305365387 1.0 248000
1695305395825 1.0 252000
1695305426330 1.0 256000
1695305457076 1.0 260000
1695305487682 1.0 264000
1695305518350 1.0 268000
1695305548747 1.0 272000
1695305579456 1.0 276000
1695305610913 1.0 280000
1695305641240 1.0 284000
1695305672075 1.0 288000
1695305702313 1.0 292000
1695305733729 1.0 296000
1695305763890 1.0 300000
1695305794912 1.0 304000
1695305825318 1.0 308000
1695305856174 1.0 312000
1695305886437 1.0 316000
1695305917061 1.0 320000
1695305947547 1.0 324000
1695305978474 1.0 328000
1695306008628 1.0 332000
1695306039489 1.0 336000
1695306070858 1.0 340000
1695306101762 1.0 344000
1695306132227 1.0 348000
1695306162852 1.0 352000
1695306193340 1.0 356000
1695306224264 1.0 360000
1695306254679 1.0 364000
1695306287098 1.0 368000
1695306318465 1.0 372000
1695306351034 1.0 376000
1695306382494 1.0 380000
1695306417619 1.0 384000
1695306452171 1.0 388000
1695306486425 1.0 392000
1695306519878 1.0 396000
1695306554048 1.0 400000
1695306586053 1.0 404000
1695306620753 1.0 408000
1695306653653 1.0 412000
1695306687340 1.0 416000
1695306720430 1.0 420000
1695306752905 1.0 424000
1695306786058 1.0 428000
1695306823346 1.0 432000
1695306860177 1.0 436000
1695306893524 1.0 440000
1695306926994 1.0 444000
1695306961075 1.0 448000
1695306995293 1.0 452000
1695307028896 1.0 456000
1695307061132 1.0 460000
1695307093348 1.0 464000
1695307128162 1.0 468000
1695307160876 1.0 472000
1695307193712 1.0 476000
1695307226865 1.0 480000
1695307261277 1.0 484000
1695307295749 1.0 488000
1695307328540 1.0 492000
1695307362168 1.0 496000
1695307398502 1.0 500000
1695307433756 1.0 504000
1695307466786 1.0 508000
1695307502282 1.0 512000
1695307540841 1.0 516000
1695307575742 1.0 520000
1695307615160 1.0 524000
1695307652890 1.0 528000
1695307688945 1.0 532000
1695307724726 1.0 536000
1695307759359 1.0 540000
1695307803565 1.0 544000
1695307846187 1.0 548000
1695307880660 1.0 552000
1695307919591 1.0 556000
1695307956752 1.0 560000
1695307994834 1.0 564000
1695308027992 1.0 568000
1695308062862 1.0 572000
1695308098068 1.0 576000
1695308132079 1.0 580000
1695308167192 1.0 584000
1695308204568 1.0 588000
1695308240196 1.0 592000
1695308275233 1.0 596000
1695308317597 1.0 600000
1695308353373 1.0 604000
1695308394704 1.0 608000
1695308433099 1.0 612000
1695308469716 1.0 616000
1695308516150 1.0 620000
1695308552729 1.0 624000
1695308589907 1.0 628000
1695308629691 1.0 632000
1695308665744 1.0 636000
1695308703928 1.0 640000
1695308741005 1.0 644000
1695308776409 1.0 648000
1695308813081 1.0 652000
1695308854482 1.0 656000
1695308889135 1.0 660000
1695308922231 1.0 664000
1695308955603 1.0 668000
1695308990615 1.0 672000
1695309025545 1.0 676000
1695309064238 1.0 680000
1695309102410 1.0 684000
1695309138026 1.0 688000
1695309173143 1.0 692000
1695309207153 1.0 696000
1695309241577 1.0 700000
1695309278081 1.0 704000
1695309314222 1.0 708000
1695309350697 1.0 712000
1695309387542 1.0 716000
1695309422258 1.0 720000
1695309457103 1.0 724000
1695309489496 1.0 728000
1695309522263 1.0 732000
1695309555438 1.0 736000
1695309590296 1.0 740000
1695309624557 1.0 744000
1695309658529 1.0 748000
1695309692321 1.0 752000
1695309730395 1.0 756000
1695309764969 1.0 760000
1695309797460 1.0 764000
1695309829814 1.0 768000
1695309863382 1.0 772000
1695309897287 1.0 776000
1695309932652 1.0 780000
1695309969909 1.0 784000
1695310015804 1.0 788000
1695310052541 1.0 792000
1695310087712 1.0 796000
1695310125617 1.0 800000
1695310160729 1.0 804000
1695310197713 1.0 808000
1695310240304 1.0 812000
1695310277535 1.0 816000
1695310312641 1.0 820000
1695310348278 1.0 824000
1695310386602 1.0 828000
1695310421474 1.0 832000
1695310455136 1.0 836000
1695310493969 1.0 840000
1695310538676 1.0 844000
1695310575902 1.0 848000
1695310616814 1.0 852000
1695310655426 1.0 856000
1695310690290 1.0 860000
1695310724007 1.0 864000
1695310758893 1.0 868000
