1695303109663 0.0 4000
1695303138352 0.0 8000
1695303167488 0.0 12000
1695303196258 0.0 16000
1695303230316 0.0 20000
1695303262651 0.0 24000
1695303295798 0.0 28000
1695303328631 0.0 32000
1695303360519 0.0 36000
1695303392650 0.0 40000
1695303425016 0.0 44000
1695303456202 0.0 48000
1695303487928 0.0 52000
1695303518671 0.0 56000
1695303550384 0.0 60000
1695303581574 0.0 64000
1695303615307 0.0 68000
1695303648049 0.0 72000
1695303680716 0.0 76000
1695303712467 0.0 80000
1695303753663 0.0 84000
1695303786178 0.0 88000
1695303816902 0.0 92000
1695303852589 0.0 96000
1695303897705 0.0 100000
1695303939869 0.0 104000
1695303972587 0.0 108000
1695304013111 0.0 112000
1695304058281 0.0 116000
1695304101495 0.0 120000
1695304142257 0.0 124000
1695304191966 0.0 128000
1695304235668 0.0 132000
1695304278780 0.0 136000
1695304323037 0.0 140000
1695304364637 0.0 144000
1695304406500 0.0 148000
1695304450388 0.0 152000
1695304491867 0.0 156000
1695304533215 0.0 160000
1695304577661 0.0 164000
1695304622803 0.0 168000
1695304666298 0.0 172000
1695304711420 0.0 176000
1695304750987 0.0 180000
1695304788694 0.0 184000
1695304832499 0.0 188000
1695304872612 0.0 192000
1695304909330 0.0 196000
1695304945196 0.0 200000
1695304982280 0.0 204000
1695305024952 0.0 208000
1695305061189 0.0 212000
1695305097648 0.0 216000
1695305135818 0.0 220000
1695305173036 0.0 224000
1695305208250 0.0 228000
1695305242102 0.0 232000
1695305272949 0.0 236000
1695305303622 0.0 240000
1695305334982 0.0 244000
1695305365387 0.0 248000
1695305395825 0.0 252000
1695305426330 0.0 256000
1695305457075 0.0 260000
1695305487681 0.0 264000
1695305518350 0.0 268000
1695305548747 0.0 272000
1695305579456 0.0 276000
1695305610913 0.0 280000
1695305641240 0.0 284000
1695305672075 0.0 288000
1695305702313 0.0 292000
1695305733728 0.0 296000
1695305763890 0.0 300000
1695305794912 0.0 304000
1695305825317 0.0 308000
1695305856173 0.0 312000
1695305886436 0.0 316000
1695305917060 0.0 320000
1695305947546 0.0 324000
1695305978474 0.0 328000
1695306008627 0.0 332000
1695306039489 0.0 336000
1695306070857 0.0 340000
1695306101761 0.0 344000
1695306132226 0.0 348000
1695306162852 0.0 352000
1695306193340 0.0 356000
1695306224263 0.0 360000
1695306254679 0.0 364000
1695306287097 0.0 368000
1695306318465 0.0 372000
1695306351034 0.0 376000
1695306382493 0.0 380000
1695306417619 0.0 384000
1695306452171 0.0 388000
1695306486424 0.0 392000
1695306519877 0.0 396000
1695306554047 0.0 400000
1695306586053 0.0 404000
1695306620752 0.0 408000
1695306653652 0.0 412000
1695306687340 0.0 416000
1695306720430 0.0 420000
1695306752904 0.0 424000
1695306786058 0.0 428000
1695306823346 0.0 432000
1695306860177 0.0 436000
1695306893524 0.0 440000
1695306926993 0.0 444000
1695306961075 0.0 448000
1695306995293 0.0 452000
1695307028895 0.0 456000
1695307061132 0.0 460000
1695307093347 0.0 464000
1695307128162 0.0 468000
1695307160876 0.0 472000
1695307193712 0.0 476000
1695307226865 0.0 480000
1695307261277 0.0 484000
1695307295748 0.0 488000
1695307328539 0.0 492000
1695307362168 0.0 496000
1695307398502 0.0 500000
1695307433755 0.0 504000
1695307466785 0.0 508000
1695307502282 0.0 512000
1695307540840 0.0 516000
1695307575742 0.0 520000
1695307615160 0.0 524000
1695307652890 0.0 528000
1695307688944 0.0 532000
1695307724726 0.0 536000
1695307759359 0.0 540000
1695307803564 0.0 544000
1695307846186 0.0 548000
1695307880659 0.0 552000
1695307919590 0.0 556000
1695307956752 0.0 560000
1695307994833 0.0 564000
1695308027991 0.0 568000
1695308062862 0.0 572000
1695308098068 0.0 576000
1695308132078 0.0 580000
1695308167192 0.0 584000
1695308204568 0.0 588000
1695308240196 0.0 592000
1695308275233 0.0 596000
1695308317597 0.0 600000
1695308353373 0.0 604000
1695308394704 0.0 608000
1695308433098 0.0 612000
1695308469715 0.0 616000
1695308516150 0.0 620000
1695308552728 0.0 624000
1695308589906 0.0 628000
1695308629691 0.0 632000
1695308665743 0.0 636000
1695308703928 0.0 640000
1695308741005 0.0 644000
1695308776409 0.0 648000
1695308813081 0.0 652000
1695308854481 0.0 656000
1695308889135 0.0 660000
1695308922230 0.0 664000
1695308955603 0.0 668000
1695308990614 0.0 672000
1695309025544 0.0 676000
1695309064237 0.0 680000
1695309102410 0.0 684000
1695309138025 0.0 688000
1695309173143 0.0 692000
1695309207153 0.0 696000
1695309241576 0.0 700000
1695309278080 0.0 704000
1695309314221 0.0 708000
1695309350697 0.0 712000
1695309387542 0.0 716000
1695309422258 0.0 720000
1695309457102 0.0 724000
1695309489495 0.0 728000
1695309522263 0.0 732000
1695309555437 0.0 736000
1695309590296 0.0 740000
1695309624556 0.0 744000
1695309658528 0.0 748000
1695309692320 0.0 752000
1695309730395 0.0 756000
1695309764969 0.0 760000
1695309797460 0.0 764000
1695309829813 0.0 768000
1695309863381 0.0 772000
1695309897287 0.0 776000
1695309932651 0.0 780000
1695309969909 0.0 784000
1695310015803 0.0 788000
1695310052540 0.0 792000
1695310087712 0.0 796000
1695310125616 0.0 800000
1695310160728 0.0 804000
1695310197713 0.0 808000
1695310240303 0.0 812000
1695310277534 0.0 816000
1695310312640 0.0 820000
1695310348277 0.0 824000
1695310386601 0.0 828000
1695310421473 0.0 832000
1695310455135 0.0 836000
1695310493968 0.0 840000
1695310538676 0.0 844000
1695310575902 0.0 848000
1695310616813 0.0 852000
1695310655426 0.0 856000
1695310690290 0.0 860000
1695310724006 0.0 864000
1695310758893 0.0 868000
