1695303109665 0.0 4000
1695303138354 0.0 8000
1695303167490 0.0 12000
1695303196260 0.0 16000
1695303230319 0.0 20000
1695303262654 0.0 24000
1695303295800 0.0 28000
1695303328633 0.0 32000
1695303360521 0.0 36000
1695303392652 0.0 40000
1695303425018 0.0 44000
1695303456204 0.0 48000
1695303487930 0.0 52000
1695303518674 0.0 56000
1695303550386 0.0 60000
1695303581576 0.0 64000
1695303615310 0.0 68000
1695303648051 0.0 72000
1695303680719 0.0 76000
1695303712469 0.0 80000
1695303753666 0.0 84000
1695303786180 0.0 88000
1695303816904 0.0 92000
1695303852592 0.0 96000
1695303897710 0.0 100000
1695303939871 0.0 104000
1695303972590 0.0 108000
1695304013114 0.0 112000
1695304058283 0.0 116000
1695304101497 0.0 120000
1695304142259 0.0 124000
1695304191969 0.0 128000
1695304235671 0.0 132000
1695304278783 0.0 136000
1695304323040 0.0 140000
1695304364641 0.0 144000
1695304406504 0.0 148000
1695304450391 0.0 152000
1695304491869 0.0 156000
1695304533218 0.0 160000
1695304577663 0.0 164000
1695304622806 0.0 168000
1695304666301 0.0 172000
1695304711422 0.0 176000
1695304750990 0.0 180000
1695304788696 0.0 184000
1695304832501 0.0 188000
1695304872615 0.0 192000
1695304909332 0.0 196000
1695304945198 0.0 200000
1695304982283 0.0 204000
1695305024956 0.0 208000
1695305061191 0.0 212000
1695305097650 0.0 216000
1695305135820 0.0 220000
1695305173039 0.0 224000
1695305208252 0.0 228000
1695305242104 0.0 232000
1695305272951 0.0 236000
1695305303625 0.0 240000
1695305334984 0.0 244000
1695305365389 0.0 248000
1695305395827 0.0 252000
1695305426332 0.0 256000
1695305457078 0.0 260000
1695305487683 0.0 264000
1695305518352 0.0 268000
1695305548750 0.0 272000
1695305579458 0.0 276000
1695305610915 0.0 280000
1695305641242 0.0 284000
1695305672077 0.0 288000
1695305702315 0.0 292000
1695305733730 0.0 296000
1695305763892 0.0 300000
1695305794914 0.0 304000
1695305825319 0.0 308000
1695305856176 0.0 312000
1695305886439 0.0 316000
1695305917063 0.0 320000
1695305947548 0.0 324000
1695305978476 0.0 328000
1695306008629 0.0 332000
1695306039491 0.0 336000
1695306070860 0.0 340000
1695306101763 0.0 344000
1695306132229 0.0 348000
1695306162854 0.0 352000
1695306193342 0.0 356000
1695306224266 0.0 360000
1695306254681 0.0 364000
1695306287101 0.0 368000
1695306318467 0.0 372000
1695306351036 0.0 376000
1695306382495 0.0 380000
1695306417621 0.0 384000
1695306452173 0.0 388000
1695306486427 0.0 392000
1695306519880 0.0 396000
1695306554049 0.0 400000
1695306586055 0.0 404000
1695306620755 0.0 408000
1695306653655 0.0 412000
1695306687342 0.0 416000
1695306720432 0.0 420000
1695306752906 0.0 424000
1695306786060 0.0 428000
1695306823348 0.0 432000
1695306860179 0.0 436000
1695306893526 0.0 440000
1695306926996 0.0 444000
1695306961077 0.0 448000
1695306995295 0.0 452000
1695307028897 0.0 456000
1695307061134 0.0 460000
1695307093350 0.0 464000
1695307128164 0.0 468000
1695307160879 0.0 472000
1695307193714 0.0 476000
1695307226867 0.0 480000
1695307261279 0.0 484000
1695307295751 0.0 488000
1695307328541 0.0 492000
1695307362170 0.0 496000
1695307398504 0.0 500000
1695307433758 0.0 504000
1695307466788 0.0 508000
1695307502284 0.0 512000
1695307540843 0.0 516000
1695307575744 0.0 520000
1695307615162 0.0 524000
1695307652892 0.0 528000
1695307688948 0.0 532000
1695307724728 0.0 536000
1695307759361 0.0 540000
1695307803569 0.0 544000
1695307846188 0.0 548000
1695307880662 0.0 552000
1695307919593 0.0 556000
1695307956755 0.0 560000
1695307994837 0.0 564000
1695308027994 0.0 568000
1695308062865 0.0 572000
1695308098070 0.0 576000
1695308132081 0.0 580000
1695308167194 0.0 584000
1695308204571 0.0 588000
1695308240198 0.0 592000
1695308275235 0.0 596000
1695308317600 0.0 600000
1695308353375 0.0 604000
1695308394708 0.0 608000
1695308433101 0.0 612000
1695308469718 0.0 616000
1695308516152 0.0 620000
1695308552731 0.0 624000
1695308589909 0.0 628000
1695308629693 0.0 632000
1695308665746 0.0 636000
1695308703931 0.0 640000
1695308741007 0.0 644000
1695308776411 0.0 648000
1695308813084 0.0 652000
1695308854484 0.0 656000
1695308889137 0.0 660000
1695308922233 0.0 664000
1695308955605 0.0 668000
1695308990617 0.0 672000
1695309025547 0.0 676000
1695309064240 0.0 680000
1695309102412 0.0 684000
1695309138028 0.0 688000
1695309173145 0.0 692000
1695309207155 0.0 696000
1695309241579 0.0 700000
1695309278083 0.0 704000
1695309314225 0.0 708000
1695309350699 0.0 712000
1695309387544 0.0 716000
1695309422260 0.0 720000
1695309457105 0.0 724000
1695309489497 0.0 728000
1695309522265 0.0 732000
1695309555440 0.0 736000
1695309590298 0.0 740000
1695309624559 0.0 744000
1695309658531 0.0 748000
1695309692322 0.0 752000
1695309730398 0.0 756000
1695309764971 0.0 760000
1695309797462 0.0 764000
1695309829816 0.0 768000
1695309863384 0.0 772000
1695309897289 0.0 776000
1695309932654 0.0 780000
1695309969911 0.0 784000
1695310015806 0.0 788000
1695310052543 0.0 792000
1695310087714 0.0 796000
1695310125619 0.0 800000
1695310160730 0.0 804000
1695310197715 0.0 808000
1695310240306 0.0 812000
1695310277536 0.0 816000
1695310312643 0.0 820000
1695310348280 0.0 824000
1695310386604 0.0 828000
1695310421476 0.0 832000
1695310455138 0.0 836000
1695310493971 0.0 840000
1695310538678 0.0 844000
1695310575905 0.0 848000
1695310616816 0.0 852000
1695310655428 0.0 856000
1695310690292 0.0 860000
1695310724008 0.0 864000
1695310758895 0.0 868000
