1695303109664 0.4 4000
1695303138353 0.25806451612903225 8000
1695303167489 0.3076923076923077 12000
1695303196259 0.2916666666666667 16000
1695303230317 0.2903225806451613 20000
1695303262652 0.24 24000
1695303295799 0.26 28000
1695303328631 0.25 32000
1695303360520 0.23 36000
1695303392651 0.24 40000
1695303425017 0.17 44000
1695303456203 0.12 48000
1695303487928 0.12 52000
1695303518672 0.1 56000
1695303550385 0.06 60000
1695303581575 0.08 64000
1695303615308 0.09 68000
1695303648050 0.06 72000
1695303680717 0.019417475728155338 76000
1695303712468 0.08490566037735849 80000
1695303753664 0.0990990990990991 84000
1695303786179 0.04285714285714286 88000
1695303816902 0.017094017094017096 92000
1695303852590 0.04081632653061224 96000
1695303897707 0.036585365853658534 100000
1695303939870 0.029411764705882353 104000
1695303972588 0.046511627906976744 108000
1695304013112 0.05194805194805195 112000
1695304058282 0.0319634703196347 116000
1695304101496 0.045081967213114756 120000
1695304142258 0.04417670682730924 124000
1695304191967 0.0421455938697318 128000
1695304235669 0.03816793893129771 132000
1695304278781 0.0364963503649635 136000
1695304323038 0.04230769230769231 140000
1695304364638 0.056291390728476824 144000
1695304406501 0.041811846689895474 148000
1695304450389 0.03202846975088968 152000
1695304491867 0.04666666666666667 156000
1695304533216 0.03389830508474576 160000
1695304577661 0.038461538461538464 164000
1695304622804 0.04609929078014184 168000
1695304666299 0.051194539249146756 172000
1695304711421 0.03985507246376811 176000
1695304750988 0.024305555555555556 180000
1695304788695 0.041379310344827586 184000
1695304832500 0.030201342281879196 188000
1695304872613 0.03870967741935484 192000
1695304909331 0.02867383512544803 196000
1695304945197 0.03367003367003367 200000
1695304982281 0.03819444444444445 204000
1695305024953 0.023333333333333334 208000
1695305061189 0.036231884057971016 212000
1695305097648 0.05844155844155844 216000
1695305135819 0.017421602787456445 220000
1695305173037 0.023890784982935155 224000
1695305208251 0.04778156996587031 228000
1695305242103 0.03137254901960784 232000
1695305272950 0.03859649122807018 236000
1695305303623 0.030100334448160536 240000
1695305334983 0.03018867924528302 244000
1695305365388 0.04529616724738676 248000
1695305395825 0.04195804195804196 252000
1695305426331 0.03728813559322034 256000
1695305457076 0.03202846975088968 260000
1695305487682 0.03260869565217391 264000
1695305518350 0.045774647887323945 268000
1695305548748 0.04513888888888889 272000
1695305579456 0.017361111111111112 276000
1695305610914 0.026402640264026403 280000
1695305641240 0.04081632653061224 284000
1695305672076 0.04081632653061224 288000
1695305702314 0.04779411764705882 292000
1695305733729 0.020202020202020204 296000
1695305763890 0.02666666666666667 300000
1695305794913 0.02877697841726619 304000
1695305825318 0.007380073800738007 308000
1695305856174 0.0231023102310231 312000
1695305886437 0.030405405405405407 316000
1695305917061 0.036303630363036306 320000
1695305947547 0.050335570469798654 324000
1695305978474 0.019801980198019802 328000
1695306008628 0.020202020202020204 332000
1695306039489 0.039603960396039604 336000
1695306070858 0.04220779220779221 340000
1695306101762 0.01910828025477707 344000
1695306132227 0.04778156996587031 348000
1695306162853 0.02364864864864865 352000
1695306193341 0.025974025974025976 356000
1695306224264 0.037162162162162164 360000
1695306254680 0.020761245674740483 364000
1695306287098 0.03819444444444445 368000
1695306318466 0.023809523809523808 372000
1695306351035 0.02 376000
1695306382494 0.022653721682847898 380000
1695306417619 0.043478260869565216 384000
1695306452171 0.06885245901639345 388000
1695306486425 0.038461538461538464 392000
1695306519878 0.03503184713375796 396000
1695306554048 0.013745704467353952 400000
1695306586054 0.03289473684210526 404000
1695306620753 0.024390243902439025 408000
1695306653653 0.02054794520547945 412000
1695306687340 0.02912621359223301 416000
1695306720431 0.025477707006369428 420000
1695306752905 0.024390243902439025 424000
1695306786058 0.016666666666666666 428000
1695306823347 0.01444043321299639 432000
1695306860178 0.03322259136212625 436000
1695306893525 0.032679738562091505 440000
1695306926994 0.022950819672131147 444000
1695306961075 0.02027027027027027 448000
1695306995294 0.039603960396039604 452000
1695307028896 0.02258064516129032 456000
1695307061133 0.03424657534246575 460000
1695307093348 0.013745704467353952 464000
1695307128162 0.04560260586319218 468000
1695307160877 0.037162162162162164 472000
1695307193712 0.02356902356902357 476000
1695307226866 0.026402640264026403 480000
1695307261278 0.035256410256410256 484000
1695307295749 0.02456140350877193 488000
1695307328540 0.03767123287671233 492000
1695307362169 0.010526315789473684 496000
1695307398503 0.033003300330033 500000
1695307433756 0.023026315789473683 504000
1695307466786 0.020477815699658702 508000
1695307502283 0.0196078431372549 512000
1695307540841 0.016611295681063124 516000
1695307575743 0.012987012987012988 520000
1695307615161 0.02258064516129032 524000
1695307652891 0.026578073089700997 528000
1695307688946 0.045454545454545456 532000
1695307724727 0.028481012658227847 536000
1695307759360 0.003257328990228013 540000
1695307803566 0.015822784810126583 544000
1695307846187 0.03571428571428571 548000
1695307880660 0.029801324503311258 552000
1695307919591 0.025889967637540454 556000
1695307956753 0.02631578947368421 560000
1695307994835 0.03215434083601286 564000
1695308027992 0.029411764705882353 568000
1695308062863 0.029605263157894735 572000
1695308098069 0.013986013986013986 576000
1695308132079 0.022082018927444796 580000
1695308167192 0.026058631921824105 584000
1695308204569 0.022950819672131147 588000
1695308240197 0.02572347266881029 592000
1695308275234 0.01948051948051948 596000
1695308317598 0.009584664536741214 600000
1695308353374 0.025236593059936908 604000
1695308394705 0.035830618892508145 608000
1695308433099 0.025974025974025976 612000
1695308469716 0.02364864864864865 616000
1695308516151 0.022950819672131147 620000
1695308552729 0.028938906752411574 624000
1695308589907 0.019543973941368076 628000
1695308629691 0.019169329073482427 632000
1695308665744 0.010452961672473868 636000
1695308703929 0.016181229773462782 640000
1695308741006 0.01910828025477707 644000
1695308776410 0.009523809523809525 648000
1695308813082 0.019543973941368076 652000
1695308854482 0.006535947712418301 656000
1695308889135 0.0440251572327044 660000
1695308922231 0.03257328990228013 664000
1695308955604 0.019933554817275746 668000
1695308990615 0.016286644951140065 672000
1695309025545 0.016339869281045753 676000
1695309064238 0.009868421052631578 680000
1695309102411 0.027210884353741496 684000
1695309138026 0.019169329073482427 688000
1695309173143 0.016181229773462782 692000
1695309207154 0.00964630225080386 696000
1695309241577 0.026143790849673203 700000
1695309278081 0.009868421052631578 704000
1695309314223 0.029411764705882353 708000
1695309350697 0.03594771241830065 712000
1695309387542 0.02572347266881029 716000
1695309422258 0.01929260450160772 720000
1695309457103 0.031746031746031744 724000
1695309489496 0.015873015873015872 728000
1695309522264 0.03146853146853147 732000
1695309555438 0.025559105431309903 736000
1695309590297 0.00980392156862745 740000
1695309624557 0.033003300330033 744000
1695309658529 0.0375 748000
1695309692321 0.02027027027027027 752000
1695309730396 0.012779552715654952 756000
1695309764969 0.0375 760000
1695309797461 0.031141868512110725 764000
1695309829814 0.017006802721088437 768000
1695309863382 0.025974025974025976 772000
1695309897288 0.03785488958990536 776000
1695309932652 0.013559322033898305 780000
1695309969909 0.019672131147540985 784000
1695310015804 0.035256410256410256 788000
1695310052541 0.01892744479495268 792000
1695310087713 0.0196078431372549 796000
1695310125617 0.019801980198019802 800000
1695310160729 0.025806451612903226 804000
1695310197714 0.012658227848101266 808000
1695310240304 0.012779552715654952 812000
1695310277535 0.02531645569620253 816000
1695310312641 0.03184713375796178 820000
1695310348278 0.01875 824000
1695310386602 0.0231023102310231 828000
1695310421474 0.023411371237458192 832000
1695310455136 0.015723270440251572 836000
1695310493969 0.016181229773462782 840000
1695310538677 0.01929260450160772 844000
1695310575903 0.01607717041800643 848000
1695310616814 0.02875399361022364 852000
1695310655427 0.0189873417721519 856000
1695310690290 0.012578616352201259 860000
1695310724007 0.012779552715654952 864000
1695310758894 0.025806451612903226 868000
