1695303109664 0.0 4000
1695303138353 0.0 8000
1695303167489 0.0 12000
1695303196259 0.0 16000
1695303230317 0.0 20000
1695303262652 0.0 24000
1695303295799 0.0 28000
1695303328632 0.0 32000
1695303360520 0.0 36000
1695303392651 0.0 40000
1695303425017 0.0 44000
1695303456203 0.0 48000
1695303487929 0.0 52000
1695303518672 0.0 56000
1695303550385 0.0 60000
1695303581575 0.0 64000
1695303615308 0.0 68000
1695303648050 0.0 72000
1695303680718 0.0 76000
1695303712468 0.0 80000
1695303753664 0.0 84000
1695303786179 0.0 88000
1695303816903 0.0 92000
1695303852591 0.0 96000
1695303897707 0.0 100000
1695303939870 0.0 104000
1695303972588 0.0 108000
1695304013113 0.0 112000
1695304058282 0.0 116000
1695304101496 0.0 120000
1695304142258 0.0 124000
1695304191967 0.0 128000
1695304235670 0.0 132000
1695304278782 0.0 136000
1695304323038 0.0 140000
1695304364639 0.0 144000
1695304406502 0.0 148000
1695304450389 0.0 152000
1695304491868 0.0 156000
1695304533217 0.0 160000
1695304577662 0.0 164000
1695304622805 0.0 168000
1695304666300 0.0 172000
1695304711421 0.0 176000
1695304750988 0.0 180000
1695304788695 0.0 184000
1695304832500 0.0 188000
1695304872613 0.0 192000
1695304909331 0.0 196000
1695304945197 0.0 200000
1695304982281 0.0 204000
1695305024954 0.0 208000
1695305061190 0.0 212000
1695305097649 0.0 216000
1695305135819 0.0 220000
1695305173037 0.0 224000
1695305208251 0.0 228000
1695305242103 0.0 232000
1695305272950 0.0 236000
1695305303623 0.0 240000
1695305334983 0.0 244000
1695305365388 0.0 248000
1695305395826 0.0 252000
1695305426331 0.0 256000
1695305457076 0.0 260000
1695305487682 0.0 264000
1695305518351 0.0 268000
1695305548748 0.0 272000
1695305579457 0.0 276000
1695305610914 0.0 280000
1695305641241 0.0 284000
1695305672076 0.0 288000
1695305702314 0.0 292000
1695305733729 0.0 296000
1695305763891 0.0 300000
1695305794913 0.0 304000
1695305825318 0.0 308000
1695305856175 0.0 312000
1695305886437 0.0 316000
1695305917062 0.0 320000
1695305947547 0.0 324000
1695305978475 0.0 328000
1695306008628 0.0 332000
1695306039490 0.0 336000
1695306070858 0.0 340000
1695306101762 0.0 344000
1695306132228 0.0 348000
1695306162853 0.0 352000
1695306193341 0.0 356000
1695306224265 0.0 360000
1695306254680 0.0 364000
1695306287098 0.0 368000
1695306318466 0.0 372000
1695306351035 0.0 376000
1695306382494 0.0 380000
1695306417620 0.0 384000
1695306452172 0.0 388000
1695306486425 0.0 392000
1695306519878 0.0 396000
1695306554048 0.0 400000
1695306586054 0.0 404000
1695306620754 0.0 408000
1695306653654 0.0 412000
1695306687341 0.0 416000
1695306720431 0.0 420000
1695306752905 0.0 424000
1695306786059 0.0 428000
1695306823347 0.0 432000
1695306860178 0.0 436000
1695306893525 0.0 440000
1695306926994 0.0 444000
1695306961076 0.0 448000
1695306995294 0.0 452000
1695307028896 0.0 456000
1695307061133 0.0 460000
1695307093348 0.0 464000
1695307128163 0.0 468000
1695307160877 0.0 472000
1695307193713 0.0 476000
1695307226866 0.0 480000
1695307261278 0.0 484000
1695307295750 0.0 488000
1695307328540 0.0 492000
1695307362169 0.0 496000
1695307398503 0.0 500000
1695307433757 0.0 504000
1695307466786 0.0 508000
1695307502283 0.0 512000
1695307540841 0.0 516000
1695307575743 0.0 520000
1695307615161 0.0 524000
1695307652891 0.0 528000
1695307688946 0.0 532000
1695307724727 0.0 536000
1695307759360 0.0 540000
1695307803566 0.0 544000
1695307846187 0.0 548000
1695307880660 0.0 552000
1695307919592 0.0 556000
1695307956753 0.0 560000
1695307994835 0.0 564000
1695308027992 0.0 568000
1695308062863 0.0 572000
1695308098069 0.0 576000
1695308132080 0.0 580000
1695308167193 0.0 584000
1695308204569 0.0 588000
1695308240197 0.0 592000
1695308275234 0.0 596000
1695308317598 0.0 600000
1695308353374 0.0 604000
1695308394706 0.0 608000
1695308433099 0.0 612000
1695308469717 0.0 616000
1695308516151 0.0 620000
1695308552730 0.0 624000
1695308589908 0.0 628000
1695308629692 0.0 632000
1695308665744 0.0 636000
1695308703929 0.0 640000
1695308741006 0.0 644000
1695308776410 0.0 648000
1695308813082 0.0 652000
1695308854483 0.0 656000
1695308889136 0.0 660000
1695308922231 0.0 664000
1695308955604 0.0 668000
1695308990615 0.0 672000
1695309025546 0.0 676000
1695309064239 0.0 680000
1695309102411 0.0 684000
1695309138026 0.0 688000
1695309173144 0.0 692000
1695309207154 0.0 696000
1695309241577 0.0 700000
1695309278082 0.0 704000
1695309314223 0.0 708000
1695309350698 0.0 712000
1695309387543 0.0 716000
1695309422259 0.0 720000
1695309457104 0.0 724000
1695309489496 0.0 728000
1695309522264 0.0 732000
1695309555439 0.0 736000
1695309590297 0.0 740000
1695309624558 0.0 744000
1695309658529 0.0 748000
1695309692321 0.0 752000
1695309730396 0.0 756000
1695309764970 0.0 760000
1695309797461 0.0 764000
1695309829814 0.0 768000
1695309863382 0.0 772000
1695309897288 0.0 776000
1695309932653 0.0 780000
1695309969910 0.0 784000
1695310015805 0.0 788000
1695310052541 0.0 792000
1695310087713 0.0 796000
1695310125618 0.0 800000
1695310160729 0.0 804000
1695310197714 0.0 808000
1695310240305 0.0 812000
1695310277535 0.0 816000
1695310312642 0.0 820000
1695310348279 0.0 824000
1695310386603 0.0 828000
1695310421475 0.0 832000
1695310455137 0.0 836000
1695310493970 0.0 840000
1695310538677 0.0 844000
1695310575903 0.0 848000
1695310616815 0.0 852000
1695310655427 0.0 856000
1695310690291 0.0 860000
1695310724007 0.0 864000
1695310758894 0.0 868000
