1695303109664 1.0 4000
1695303138353 1.0 8000
1695303167490 1.0 12000
1695303196260 1.0 16000
1695303230318 1.0 20000
1695303262653 1.0 24000
1695303295799 1.0 28000
1695303328632 1.0 32000
1695303360520 1.0 36000
1695303392651 1.0 40000
1695303425018 1.0 44000
1695303456204 1.0 48000
1695303487929 1.0 52000
1695303518673 1.0 56000
1695303550385 1.0 60000
1695303581576 1.0 64000
1695303615309 1.0 68000
1695303648050 1.0 72000
1695303680718 1.0 76000
1695303712469 1.0 80000
1695303753665 1.0 84000
1695303786179 1.0 88000
1695303816903 1.0 92000
1695303852591 1.0 96000
1695303897708 1.0 100000
1695303939871 1.0 104000
1695303972589 1.0 108000
1695304013113 1.0 112000
1695304058283 1.0 116000
1695304101497 1.0 120000
1695304142258 1.0 124000
1695304191968 1.0 128000
1695304235670 1.0 132000
1695304278782 1.0 136000
1695304323039 1.0 140000
1695304364640 1.0 144000
1695304406502 1.0 148000
1695304450390 1.0 152000
1695304491868 1.0 156000
1695304533217 1.0 160000
1695304577662 1.0 164000
1695304622805 1.0 168000
1695304666300 1.0 172000
1695304711422 1.0 176000
1695304750989 1.0 180000
1695304788696 1.0 184000
1695304832501 1.0 188000
1695304872614 1.0 192000
1695304909332 1.0 196000
1695304945198 1.0 200000
1695304982282 1.0 204000
1695305024955 1.0 208000
1695305061190 1.0 212000
1695305097649 1.0 216000
1695305135819 1.0 220000
1695305173038 1.0 224000
1695305208251 1.0 228000
1695305242104 1.0 232000
1695305272950 1.0 236000
1695305303624 1.0 240000
1695305334984 1.0 244000
1695305365389 1.0 248000
1695305395826 1.0 252000
1695305426332 1.0 256000
1695305457077 1.0 260000
1695305487683 1.0 264000
1695305518351 1.0 268000
1695305548749 1.0 272000
1695305579457 1.0 276000
1695305610914 1.0 280000
1695305641241 1.0 284000
1695305672076 1.0 288000
1695305702315 1.0 292000
1695305733730 1.0 296000
1695305763891 1.0 300000
1695305794913 1.0 304000
1695305825319 1.0 308000
1695305856175 1.0 312000
1695305886438 1.0 316000
1695305917062 1.0 320000
1695305947548 1.0 324000
1695305978475 1.0 328000
1695306008629 1.0 332000
1695306039490 1.0 336000
1695306070859 1.0 340000
1695306101763 1.0 344000
1695306132228 1.0 348000
1695306162853 1.0 352000
1695306193341 1.0 356000
1695306224265 1.0 360000
1695306254680 1.0 364000
1695306287099 1.0 368000
1695306318466 1.0 372000
1695306351035 1.0 376000
1695306382495 1.0 380000
1695306417620 1.0 384000
1695306452172 1.0 388000
1695306486426 1.0 392000
1695306519879 1.0 396000
1695306554049 1.0 400000
1695306586054 1.0 404000
1695306620754 1.0 408000
1695306653654 1.0 412000
1695306687341 1.0 416000
1695306720431 1.0 420000
1695306752906 1.0 424000
1695306786059 1.0 428000
1695306823347 1.0 432000
1695306860178 1.0 436000
1695306893525 1.0 440000
1695306926995 1.0 444000
1695306961076 1.0 448000
1695306995294 1.0 452000
1695307028897 1.0 456000
1695307061134 1.0 460000
1695307093349 1.0 464000
1695307128163 1.0 468000
1695307160878 1.0 472000
1695307193713 1.0 476000
1695307226867 1.0 480000
1695307261279 1.0 484000
1695307295750 1.0 488000
1695307328541 1.0 492000
1695307362169 1.0 496000
1695307398503 1.0 500000
1695307433757 1.0 504000
1695307466787 1.0 508000
1695307502283 1.0 512000
1695307540842 1.0 516000
1695307575744 1.0 520000
1695307615161 1.0 524000
1695307652892 1.0 528000
1695307688947 1.0 532000
1695307724727 1.0 536000
1695307759360 1.0 540000
1695307803567 1.0 544000
1695307846188 1.0 548000
1695307880661 1.0 552000
1695307919592 1.0 556000
1695307956753 1.0 560000
1695307994836 1.0 564000
1695308027993 1.0 568000
1695308062864 1.0 572000
1695308098070 1.0 576000
1695308132080 1.0 580000
1695308167193 1.0 584000
1695308204570 1.0 588000
1695308240198 1.0 592000
1695308275235 1.0 596000
1695308317599 1.0 600000
1695308353374 1.0 604000
1695308394706 1.0 608000
1695308433100 1.0 612000
1695308469717 1.0 616000
1695308516152 1.0 620000
1695308552730 1.0 624000
1695308589908 1.0 628000
1695308629692 1.0 632000
1695308665745 1.0 636000
1695308703930 1.0 640000
1695308741007 1.0 644000
1695308776410 1.0 648000
1695308813083 1.0 652000
1695308854483 1.0 656000
1695308889136 1.0 660000
1695308922232 1.0 664000
1695308955604 1.0 668000
1695308990616 1.0 672000
1695309025546 1.0 676000
1695309064239 1.0 680000
1695309102411 1.0 684000
1695309138027 1.0 688000
1695309173144 1.0 692000
1695309207154 1.0 696000
1695309241578 1.0 700000
1695309278082 1.0 704000
1695309314224 1.0 708000
1695309350698 1.0 712000
1695309387543 1.0 716000
1695309422259 1.0 720000
1695309457104 1.0 724000
1695309489497 1.0 728000
1695309522264 1.0 732000
1695309555439 1.0 736000
1695309590297 1.0 740000
1695309624558 1.0 744000
1695309658530 1.0 748000
1695309692322 1.0 752000
1695309730397 1.0 756000
1695309764970 1.0 760000
1695309797461 1.0 764000
1695309829815 1.0 768000
1695309863383 1.0 772000
1695309897288 1.0 776000
1695309932653 1.0 780000
1695309969910 1.0 784000
1695310015805 1.0 788000
1695310052542 1.0 792000
1695310087714 1.0 796000
1695310125618 1.0 800000
1695310160730 1.0 804000
1695310197714 1.0 808000
1695310240305 1.0 812000
1695310277536 1.0 816000
1695310312642 1.0 820000
1695310348279 1.0 824000
1695310386603 1.0 828000
1695310421476 1.0 832000
1695310455137 1.0 836000
1695310493970 1.0 840000
1695310538677 1.0 844000
1695310575904 1.0 848000
1695310616815 1.0 852000
1695310655427 1.0 856000
1695310690291 1.0 860000
1695310724008 1.0 864000
1695310758894 1.0 868000
