1695136485652 479.5 4000
1695136522554 479.5 8000
1695136560487 479.5 12000
1695136594713 479.5 16000
1695136626350 479.5 20000
1695136659480 479.5 24000
1695136692966 479.5 28000
1695136726869 479.5 32000
1695136760629 479.5 36000
1695136795250 479.5 40000
1695136829889 479.5 44000
1695136863923 479.5 48000
1695136896354 479.5 52000
1695136932803 479.5 56000
1695136966910 479.5 60000
1695136999807 479.5 64000
1695137033506 479.5 68000
1695137066555 479.5 72000
1695137103836 479.5 76000
1695137142222 479.5 80000
1695137179793 479.5 84000
1695137217217 479.5 88000
1695137252716 479.5 92000
1695137286590 479.5 96000
1695137322211 479.5 100000
1695137356763 479.5 104000
1695137389787 479.5 108000
1695137421534 479.5 112000
1695137453498 479.5 116000
1695137486601 479.5 120000
1695137518854 479.5 124000
1695137553033 479.5 128000
1695137587543 479.5 132000
1695137620439 479.5 136000
1695137652438 479.5 140000
1695137685776 479.5 144000
1695137720486 479.5 148000
1695137753183 479.5 152000
1695137785993 479.5 156000
1695137819469 479.5 160000
