1695136485652 480.5 4000
1695136522553 1440.5 8000
1695136560486 2400.5 12000
1695136594712 3360.5 16000
1695136626349 4320.5 20000
1695136659480 5280.5 24000
1695136692966 6240.5 28000
1695136726868 7200.5 32000
1695136760629 8160.5 36000
1695136795250 9120.5 40000
1695136829888 10080.5 44000
1695136863922 11040.5 48000
1695136896353 12000.5 52000
1695136932802 12960.5 56000
1695136966909 13920.5 60000
1695136999806 14880.5 64000
1695137033506 15840.5 68000
1695137066554 16800.5 72000
1695137103836 17760.5 76000
1695137142222 18720.5 80000
1695137179793 19680.5 84000
1695137217216 20640.5 88000
1695137252716 21600.5 92000
1695137286590 22560.5 96000
1695137322211 23520.5 100000
1695137356763 24480.5 104000
1695137389787 25440.5 108000
1695137421534 26400.5 112000
1695137453497 27360.5 116000
1695137486601 28320.5 120000
1695137518854 29280.5 124000
1695137553032 30240.5 128000
1695137587542 31200.5 132000
1695137620438 32160.5 136000
1695137652438 33120.5 140000
1695137685776 34080.5 144000
1695137720485 35040.5 148000
1695137753182 36000.5 152000
1695137785993 36960.5 156000
1695137819469 37920.5 160000
