1695303109734 4.404209736279419 4000
1695303138421 4.301635351153514 8000
1695303167556 4.240740496737013 12000
1695303196328 4.208460050731798 16000
1695303230396 4.213728749375075 20000
1695303262720 4.20504267387028 24000
1695303295866 4.226915418717213 28000
1695303328698 4.27528042174257 32000
1695303360591 4.3227539667610975 36000
1695303392718 4.336839890923125 40000
1695303425083 4.342267410352664 44000
1695303456272 4.346956476733841 48000
1695303487995 4.357156883393103 52000
1695303518739 4.353370187023427 56000
1695303550450 4.338309832524543 60000
1695303581641 4.335734204934355 64000
1695303615379 4.344419607555803 68000
1695303648113 4.350979958294097 72000
1695303680783 4.349079885161969 76000
1695303712532 4.329739965065648 80000
1695303753734 4.415331497993113 84000
1695303786243 4.413140181749601 88000
1695303816972 4.395443476903139 92000
1695303852675 4.388172514915533 96000
1695303897852 4.429999846127521 100000
1695303939934 4.483875835955024 104000
1695303972658 4.476031024173844 108000
1695304013194 4.514622485786602 112000
1695304058370 4.560546466589007 116000
1695304101572 4.610192355255474 120000
1695304142335 4.6356046031001865 124000
1695304192072 4.6946799016651015 128000
1695304235755 4.7251435637667 132000
1695304278868 4.754901835784431 136000
1695304323123 4.793619796099364 140000
1695304364729 4.819278530814652 144000
1695304406605 4.833757942582755 148000
1695304450476 4.860322921558553 152000
1695304491941 4.884746985040898 156000
1695304533301 4.892065332516181 160000
1695304577743 4.924074316982944 164000
1695304622897 4.94267750973246 168000
1695304666376 4.966217429691952 172000
1695304711484 4.994509539908778 176000
1695304751063 5.001756142957819 180000
1695304788772 5.003076950495609 184000
1695304832574 5.019364546594213 188000
1695304872690 5.02328721349629 192000
1695304909413 5.025245190422112 196000
1695304945268 5.016009716759753 200000
1695304982354 5.013647474666802 204000
1695305025034 5.026757182359424 208000
1695305061262 5.0218678442714255 212000
1695305097723 5.018063322233433 216000
1695305135893 5.017952029325593 220000
1695305173111 5.01807070661858 224000
1695305208322 5.01493003472649 228000
1695305242164 5.011648979046095 232000
1695305273012 4.994329296419836 236000
1695305303697 4.980925703744283 240000
1695305335045 4.9663881221086355 244000
1695305365454 4.951862296638401 248000
1695305395887 4.93942748146329 252000
1695305426398 4.92536893515659 256000
1695305457136 4.912909079870337 260000
1695305487749 4.902551922333449 264000
1695305518411 4.890457925822063 268000
1695305548815 4.879266362156132 272000
1695305579516 4.867227612009728 276000
1695305610977 4.85747003229555 280000
1695305641303 4.846949012614409 284000
1695305672134 4.8352754061768985 288000
1695305702376 4.823295811659634 292000
1695305733791 4.816303237339456 296000
1695305763966 4.806540711909394 300000
1695305794975 4.799257363072326 304000
1695305825380 4.789085875714163 308000
1695305856236 4.780009501622909 312000
1695305886496 4.770563831340454 316000
1695305917123 4.762025362569065 320000
1695305947609 4.7532168612987835 324000
1695305978532 4.746469279199142 328000
1695306008691 4.738127036771899 332000
1695306039554 4.731222621792143 336000
1695306070921 4.724668417811617 340000
1695306101826 4.718440610826827 344000
1695306132288 4.711617664781193 348000
1695306162914 4.704283041628264 352000
1695306193404 4.697842064151725 356000
1695306224326 4.691824433264692 360000
1695306254742 4.684222116278221 364000
1695306287161 4.682290975591366 368000
1695306318528 4.674631385432609 372000
1695306351105 4.6691417152380295 376000
1695306382553 4.66459708428008 380000
1695306417688 4.664938352518075 384000
1695306452246 4.664060509047053 388000
1695306486493 4.6629831559551045 392000
1695306519940 4.662970417224125 396000
1695306554115 4.662427279189698 400000
1695306586119 4.65864689413033 404000
1695306620823 4.658164797040853 408000
1695306653716 4.656441482531537 412000
1695306687412 4.654475147898782 416000
1695306720497 4.652254523753975 420000
1695306752970 4.647730789721433 424000
1695306786121 4.646416050559116 428000
1695306823440 4.648847314547394 432000
1695306860245 4.653090891230145 436000
1695306893590 4.651223617129473 440000
1695306927067 4.648826670747872 444000
1695306961141 4.6488229550193285 448000
1695306995359 4.6470472633265185 452000
1695307028961 4.64543688975112 456000
1695307061201 4.641911869283726 460000
1695307093415 4.639682625007524 464000
1695307128228 4.639444658867766 468000
1695307160948 4.636787606193266 472000
1695307193778 4.635183879945231 476000
1695307226934 4.632571402538539 480000
1695307261345 4.631503054240737 484000
1695307295813 4.631603257383537 488000
1695307328607 4.630496974466513 492000
1695307362237 4.631000876455917 496000
1695307398576 4.624535212484027 500000
1695307433824 4.627709707553548 504000
1695307466859 4.623770021016508 508000
1695307502355 4.626614087167709 512000
1695307540921 4.628768212928528 516000
1695307575809 4.629674153336091 520000
1695307615235 4.634211057691782 524000
1695307652957 4.637838357288312 528000
1695307689022 4.637422521252931 532000
1695307724796 4.638999798592838 536000
1695307759425 4.63960427193806 540000
1695307803675 4.649153685734078 544000
1695307846252 4.659106955674238 548000
1695307880734 4.657678200584271 552000
1695307919661 4.6630297236526745 556000
1695307956833 4.6625502283393025 560000
1695307994905 4.664957370245696 564000
1695308028059 4.662859721548582 568000
1695308062932 4.661716026971149 572000
1695308098134 4.659524405548943 576000
1695308132150 4.660956342470804 580000
1695308167259 4.659424566497706 584000
1695308204648 4.660480167011266 588000
1695308240262 4.661069997775123 592000
1695308275309 4.660157393146577 596000
1695308317673 4.666251283271875 600000
1695308353444 4.6679221086532525 604000
1695308394797 4.672065399521804 608000
1695308433165 4.676410387433619 612000
1695308469793 4.676824503323966 616000
1695308516225 4.688714486948113 620000
1695308552802 4.689523754582066 624000
1695308589986 4.689767208704944 628000
1695308629768 4.693404266813929 632000
1695308665830 4.691956405705868 636000
1695308704006 4.695561139621216 640000
1695308741072 4.69869418505068 644000
1695308776483 4.697279506764777 648000
1695308813160 4.6989350968684285 652000
1695308854547 4.703937122053545 656000
1695308889202 4.70439250200177 660000
1695308922298 4.7018593710960666 664000
1695308955672 4.699639210486967 668000
1695308990689 4.700479169757765 672000
1695309025625 4.699531080420478 676000
1695309064323 4.699954316881487 680000
1695309102485 4.7021765839805045 684000
1695309138099 4.703597393273728 688000
1695309173212 4.701843063366831 692000
1695309207224 4.701839390792711 696000
1695309241643 4.701102289791152 700000
1695309278153 4.700770324775949 704000
1695309314301 4.700672798848095 708000
1695309350762 4.70220202746598 712000
1695309387613 4.701219836286094 716000
1695309422324 4.70120345385622 720000
1695309457168 4.700566091757477 724000
1695309489558 4.6984090199436 728000
1695309522329 4.698029972376276 732000
1695309555505 4.694656613269538 736000
1695309590365 4.694246589066082 740000
1695309624624 4.692863556208631 744000
1695309658595 4.692272227036615 748000
1695309692385 4.6903839087077 752000
1695309730483 4.6918045630770076 756000
1695309765035 4.691930231979835 760000
1695309797523 4.693889461517411 764000
1695309829881 4.687394051291472 768000
1695309863448 4.6865149095836465 772000
1695309897355 4.685050022370599 776000
1695309932720 4.685159313727205 780000
1695309969986 4.684393449596736 784000
1695310015873 4.693628617005856 788000
1695310052612 4.693946533927853 792000
1695310087785 4.6937943320411 796000
1695310125687 4.695273692165427 800000
1695310160792 4.6952313448701375 804000
1695310197788 4.69460436066136 808000
1695310240379 4.700399959061597 812000
1695310277602 4.699813755477818 816000
1695310312711 4.69992679468246 820000
1695310348353 4.6987028659562595 824000
1695310386692 4.702122526610922 828000
1695310421538 4.702935818315267 832000
1695310455206 4.698887835275756 836000
1695310494042 4.700604923704842 840000
1695310538742 4.7086436979086 844000
1695310575974 4.707494761268094 848000
1695310616909 4.711461007327554 852000
1695310655493 4.713946327606197 856000
1695310690356 4.713079058964812 860000
1695310724072 4.712020761270471 864000
1695310758959 4.711422993383887 868000
