1695303109735 0.0 4000
1695303138423 0.0 8000
1695303167557 0.0 12000
1695303196330 0.0 16000
1695303230397 0.0 20000
1695303262722 0.0 24000
1695303295867 0.0 28000
1695303328699 0.0 32000
1695303360592 0.0 36000
1695303392720 0.0 40000
1695303425084 0.0 44000
1695303456273 0.0 48000
1695303487996 0.0 52000
1695303518740 0.0 56000
1695303550452 0.0 60000
1695303581642 0.0 64000
1695303615380 0.0 68000
1695303648114 0.0 72000
1695303680785 0.0 76000
1695303712534 0.0 80000
1695303753735 0.0 84000
1695303786244 0.0 88000
1695303816973 0.0 92000
1695303852676 0.0 96000
1695303897854 0.0 100000
1695303939935 0.0 104000
1695303972660 0.0 108000
1695304013196 0.0 112000
1695304058371 0.0 116000
1695304101573 0.0 120000
1695304142336 0.0 124000
1695304192074 0.0 128000
1695304235757 0.0 132000
1695304278869 0.0 136000
1695304323124 0.0 140000
1695304364730 0.0 144000
1695304406606 0.0 148000
1695304450477 0.0 152000
1695304491943 0.0 156000
1695304533302 0.0 160000
1695304577744 0.0 164000
1695304622898 0.0 168000
1695304666378 0.0 172000
1695304711485 0.0 176000
1695304751064 0.0 180000
1695304788773 0.0 184000
1695304832575 0.0 188000
1695304872692 0.0 192000
1695304909414 0.0 196000
1695304945269 0.0 200000
1695304982356 0.0 204000
1695305025035 0.0 208000
1695305061263 0.0 212000
1695305097724 0.0 216000
1695305135894 0.0 220000
1695305173112 0.0 224000
1695305208323 0.0 228000
1695305242165 0.0 232000
1695305273013 0.0 236000
1695305303698 0.0 240000
1695305335046 0.0 244000
1695305365455 0.0 248000
1695305395888 0.0 252000
1695305426399 0.0 256000
1695305457137 0.0 260000
1695305487750 0.0 264000
1695305518412 0.0 268000
1695305548816 0.0 272000
1695305579517 0.0 276000
1695305610978 0.0 280000
1695305641304 0.0 284000
1695305672135 0.0 288000
1695305702377 0.0 292000
1695305733792 0.0 296000
1695305763967 0.0 300000
1695305794976 0.0 304000
1695305825381 0.0 308000
1695305856237 0.0 312000
1695305886497 0.0 316000
1695305917124 0.0 320000
1695305947611 0.0 324000
1695305978533 0.0 328000
1695306008692 0.0 332000
1695306039555 0.0 336000
1695306070922 0.0 340000
1695306101827 0.0 344000
1695306132289 0.0 348000
1695306162915 0.0 352000
1695306193405 0.0 356000
1695306224327 0.0 360000
1695306254743 0.0 364000
1695306287162 0.0 368000
1695306318529 0.0 372000
1695306351107 0.0 376000
1695306382554 0.0 380000
1695306417689 0.0 384000
1695306452248 0.0 388000
1695306486494 0.0 392000
1695306519941 0.0 396000
1695306554117 0.0 400000
1695306586120 0.0 404000
1695306620824 0.0 408000
1695306653717 0.0 412000
1695306687414 0.0 416000
1695306720498 0.0 420000
1695306752971 0.0 424000
1695306786122 0.0 428000
1695306823442 0.0 432000
1695306860246 0.0 436000
1695306893591 0.0 440000
1695306927069 0.0 444000
1695306961142 0.0 448000
1695306995360 0.0 452000
1695307028962 0.0 456000
1695307061202 0.0 460000
1695307093416 0.0 464000
1695307128230 0.0 468000
1695307160950 0.0 472000
1695307193779 0.0 476000
1695307226935 0.0 480000
1695307261346 0.0 484000
1695307295814 0.0 488000
1695307328608 0.0 492000
1695307362238 0.0 496000
1695307398577 0.0 500000
1695307433825 0.0 504000
1695307466860 0.0 508000
1695307502357 0.0 512000
1695307540922 0.0 516000
1695307575810 0.0 520000
1695307615236 0.0 524000
1695307652958 0.0 528000
1695307689023 0.0 532000
1695307724797 0.0 536000
1695307759426 0.0 540000
1695307803677 0.0 544000
1695307846254 0.0 548000
1695307880735 0.0 552000
1695307919662 0.0 556000
1695307956834 0.0 560000
1695307994907 0.0 564000
1695308028060 0.0 568000
1695308062933 0.0 572000
1695308098135 0.0 576000
1695308132152 0.0 580000
1695308167260 0.0 584000
1695308204649 0.0 588000
1695308240264 0.0 592000
1695308275311 0.0 596000
1695308317674 0.0 600000
1695308353445 0.0 604000
1695308394799 0.0 608000
1695308433166 0.0 612000
1695308469794 0.0 616000
1695308516226 0.0 620000
1695308552803 0.0 624000
1695308589987 0.0 628000
1695308629769 0.0 632000
1695308665832 0.0 636000
1695308704007 0.0 640000
1695308741073 0.0 644000
1695308776484 0.0 648000
1695308813162 0.0 652000
1695308854549 0.0 656000
1695308889203 0.0 660000
1695308922299 0.0 664000
1695308955673 0.0 668000
1695308990690 0.0 672000
1695309025626 0.0 676000
1695309064325 0.0 680000
1695309102486 0.0 684000
1695309138100 0.0 688000
1695309173213 0.0 692000
1695309207225 0.0 696000
1695309241644 0.0 700000
1695309278154 0.0 704000
1695309314302 0.0 708000
1695309350763 0.0 712000
1695309387615 0.0 716000
1695309422325 0.0 720000
1695309457170 0.0 724000
1695309489559 0.0 728000
1695309522330 0.0 732000
1695309555506 0.0 736000
1695309590366 0.0 740000
1695309624625 0.0 744000
1695309658596 0.0 748000
1695309692387 0.0 752000
1695309730484 0.0 756000
1695309765036 0.0 760000
1695309797524 0.0 764000
1695309829882 0.0 768000
1695309863449 0.0 772000
1695309897356 0.0 776000
1695309932721 0.0 780000
1695309969987 0.0 784000
1695310015874 0.0 788000
1695310052613 0.0 792000
1695310087786 0.0 796000
1695310125688 0.0 800000
1695310160793 0.0 804000
1695310197789 0.0 808000
1695310240381 0.0 812000
1695310277603 0.0 816000
1695310312712 0.0 820000
1695310348354 0.0 824000
1695310386694 0.0 828000
1695310421539 0.0 832000
1695310455207 0.0 836000
1695310494043 0.0 840000
1695310538743 0.0 844000
1695310575975 0.0 848000
1695310616911 0.0 852000
1695310655494 0.0 856000
1695310690357 0.0 860000
1695310724073 0.0 864000
1695310758961 0.0 868000
