1695303109735 0.2815761471032502 4000
1695303138422 0.27239177927651254 8000
1695303167557 0.26609292246332983 12000
1695303196329 0.2632380548507201 16000
1695303230397 0.26272594679118366 20000
1695303262721 0.2605910601863668 24000
1695303295867 0.26100292983686124 28000
1695303328698 0.2642821163173595 32000
1695303360592 0.267965828151152 36000
1695303392719 0.2697571291878494 40000
1695303425084 0.2710396333029482 44000
1695303456272 0.27208021540912225 48000
1695303487996 0.273110668875507 52000
1695303518739 0.2729387762131193 56000
1695303550451 0.2719677306314494 60000
1695303581642 0.271730280310477 64000
1695303615380 0.2726363799178836 68000
1695303648113 0.2734844650434009 72000
1695303680784 0.2739691453140084 76000
1695303712533 0.27277427984441693 80000
1695303753735 0.27901041992235476 84000
1695303786244 0.2792073754742453 88000
1695303816972 0.27811594081431035 92000
1695303852676 0.27788444708438964 96000
1695303897854 0.28128354515294257 100000
1695303939934 0.2856821693216419 104000
1695303972659 0.2856011129835905 108000
1695304013195 0.289543367917575 112000
1695304058371 0.29366614594881063 116000
1695304101573 0.2983653332758601 120000
1695304142336 0.3011420465098473 124000
1695304192073 0.3056601296337687 128000
1695304235756 0.30873517895463487 132000
1695304278869 0.31172966748619324 136000
1695304323124 0.3154350367932852 140000
1695304364730 0.3179718036775716 144000
1695304406606 0.3195761828975844 148000
1695304450477 0.32217758672259855 152000
1695304491943 0.3246158953749965 156000
1695304533302 0.3256448313968375 160000
1695304577744 0.3278893411512034 164000
1695304622898 0.3296232211292618 168000
1695304666377 0.33158536157766505 172000
1695304711485 0.33364130081082516 176000
1695304751063 0.33478646396546513 180000
1695304788773 0.33517170245127514 184000
1695304832575 0.33661943458309845 188000
1695304872691 0.33744639701582235 192000
1695304909413 0.33766487649575766 196000
1695304945269 0.33720272373158966 200000
1695304982355 0.33729975570497306 204000
1695305025034 0.338688677167968 208000
1695305061263 0.33846899169676015 212000
1695305097724 0.33839052290143934 216000
1695305135893 0.3387437749224587 220000
1695305173111 0.33897416238837813 224000
1695305208322 0.33888760042942584 228000
1695305242165 0.33878236376985366 232000
1695305273013 0.3374479633545751 236000
1695305303698 0.3364184275749343 240000
1695305335046 0.3353316064919592 244000
1695305365454 0.33416810947772607 248000
1695305395888 0.33315107696606394 252000
1695305426399 0.3320659156985786 256000
1695305457136 0.3311728218468818 260000
1695305487750 0.3302980456743608 264000
1695305518412 0.3293462292042575 268000
1695305548815 0.32847467739536323 272000
1695305579516 0.327573313387909 276000
1695305610977 0.3268119834468351 280000
1695305641303 0.3258932560478446 284000
1695305672135 0.32506964380973963 288000
1695305702377 0.3240877649042283 292000
1695305733791 0.32368408816367467 296000
1695305763967 0.322895291399858 300000
1695305794975 0.3224131126702096 304000
1695305825381 0.3214124378106138 308000
1695305856236 0.3207754208839895 312000
1695305886497 0.3200540876508489 316000
1695305917124 0.319364377572991 320000
1695305947610 0.31871311976224115 324000
1695305978533 0.31821363516941714 328000
1695306008692 0.3175527940094102 332000
1695306039554 0.3170472691881126 336000
1695306070921 0.31660092399444656 340000
1695306101826 0.31606892773250095 344000
1695306132289 0.31553514990804266 348000
1695306162915 0.3149848802931947 352000
1695306193405 0.3144417837258931 356000
1695306224327 0.3139597689102291 360000
1695306254743 0.31340491704206924 364000
1695306287162 0.3132415761695586 368000
1695306318529 0.31273928823854574 372000
1695306351106 0.31231477195216456 376000
1695306382554 0.3120040594319022 380000
1695306417688 0.3122993284415204 384000
1695306452247 0.3124197687641928 388000
1695306486494 0.3125552313193327 392000
1695306519941 0.3126504403668403 396000
1695306554116 0.31265520752587733 400000
1695306586119 0.31240411010340646 404000
1695306620824 0.31246476345769614 408000
1695306653717 0.3123454939042245 412000
1695306687413 0.3121845165324467 416000
1695306720498 0.31201732855772774 420000
1695306752970 0.3116638154849402 424000
1695306786122 0.3116174851708072 428000
1695306823441 0.3118059888252489 432000
1695306860246 0.3122568615963124 436000
1695306893591 0.31214930037954713 440000
1695306927068 0.3119342413941912 444000
1695306961142 0.31198103716524356 448000
1695306995360 0.31189771339160133 452000
1695307028962 0.3117753366466037 456000
1695307061201 0.31150579442574844 460000
1695307093416 0.31131568019913 464000
1695307128229 0.31130146813433046 468000
1695307160949 0.31109072147733324 472000
1695307193779 0.3110128599254134 476000
1695307226935 0.31078256516638025 480000
1695307261346 0.310726461083094 484000
1695307295814 0.3106956957917585 488000
1695307328607 0.3105828036034972 492000
1695307362238 0.31060552052974744 496000
1695307398577 0.31014826130322226 500000
1695307433824 0.31046781610024504 504000
1695307466860 0.3101051940566379 508000
1695307502356 0.310409541200646 512000
1695307540922 0.31062008211654824 516000
1695307575810 0.31076527727403447 520000
1695307615236 0.3111402747103479 524000
1695307652957 0.31149803477878196 528000
1695307689023 0.3114515218029563 532000
1695307724797 0.3116277640843662 536000
1695307759426 0.31171790206556665 540000
1695307803677 0.31234621366862386 544000
1695307846253 0.31310295505939 548000
1695307880735 0.3129930036106503 552000
1695307919662 0.3133789799910501 556000
1695307956834 0.3133635330336925 560000
1695307994906 0.3136268482736913 564000
1695308028059 0.31350843879835016 568000
1695308062933 0.3133983206666105 572000
1695308098135 0.31326967876661727 576000
1695308132151 0.3134204079480418 580000
1695308167260 0.31333799831166415 584000
1695308204649 0.3134162497288579 588000
1695308240263 0.3135106845470868 592000
1695308275310 0.31344108296515666 596000
1695308317674 0.31395667800619104 600000
1695308353445 0.31410929629644546 604000
1695308394798 0.3143160868437166 608000
1695308433165 0.3147071717327346 612000
1695308469794 0.3147596562074682 616000
1695308516226 0.31555326919800947 620000
1695308552803 0.31571758517992315 624000
1695308589987 0.31586157039251417 628000
1695308629769 0.31616351346147586 632000
1695308665831 0.3161589289306708 636000
1695308704007 0.3165531501978766 640000
1695308741072 0.3168378583287913 644000
1695308776484 0.31671037586613165 648000
1695308813161 0.3169124346967416 652000
1695308854548 0.3173186353766472 656000
1695308889203 0.31734829790545366 660000
1695308922298 0.31715681044737365 664000
1695308955673 0.3169558308600854 668000
1695308990689 0.3170058976811457 672000
1695309025626 0.3169435954288978 676000
1695309064324 0.31701536490130194 680000
1695309102486 0.31723733004640486 684000
1695309138100 0.3173503715792 688000
1695309173213 0.31724476173500077 692000
1695309207225 0.3172444130166122 696000
1695309241644 0.31722283863241685 700000
1695309278154 0.3172267843210138 704000
1695309314301 0.3172075827755772 708000
1695309350763 0.3173617073681857 712000
1695309387614 0.3173150496154 716000
1695309422325 0.3173079068862295 720000
1695309457169 0.3172396265997092 724000
1695309489559 0.3170720531325498 728000
1695309522329 0.31707025323565236 732000
1695309555506 0.3167752791279445 736000
1695309590366 0.31669611764429373 740000
1695309624625 0.31662187845530554 744000
1695309658596 0.31656961357626523 748000
1695309692386 0.3164049782064032 752000
1695309730484 0.31650786585722285 756000
1695309765036 0.3165323873140836 760000
1695309797524 0.31654426193969304 764000
1695309829881 0.3161402513760226 768000
1695309863449 0.31603699933173107 772000
1695309897356 0.31591902213544376 776000
1695309932721 0.31591332358961205 780000
1695309969986 0.3158668687078216 784000
1695310015874 0.3164099501574128 788000
1695310052613 0.316472664442942 792000
1695310087786 0.3164459738498986 796000
1695310125688 0.3165980406301865 800000
1695310160793 0.3165811311218485 804000
1695310197789 0.316530645049239 808000
1695310240380 0.31685480743457695 812000
1695310277603 0.3168599403495414 816000
1695310312712 0.3168928562500137 820000
1695310348354 0.3168204830647111 824000
1695310386694 0.3170203504129233 828000
1695310421539 0.31708163645477816 832000
1695310455206 0.3167939323475264 836000
1695310494042 0.3169532980115332 840000
1695310538743 0.3175055005855375 844000
1695310575975 0.31746105422532805 848000
1695310616910 0.3177627248264073 852000
1695310655493 0.3179624167828998 856000
1695310690357 0.3179043202212153 860000
1695310724073 0.3178397499123145 864000
1695310758960 0.31777280980126327 868000
