1695303109735 0.18343021744801816 4000
1695303138422 0.18034866757264945 8000
1695303167557 0.17841895125059318 12000
1695303196329 0.17758383028842692 16000
1695303230397 0.17799379809006596 20000
1695303262721 0.1782145233070404 24000
1695303295866 0.17950696389642445 28000
1695303328698 0.1820981995054515 32000
1695303360591 0.18477350018241345 36000
1695303392719 0.18585113406106976 40000
1695303425084 0.1865381587166079 44000
1695303456272 0.18719621788989868 48000
1695303487996 0.18794864712829498 52000
1695303518739 0.18798982881201598 56000
1695303550451 0.18754677520582816 60000
1695303581641 0.18749245802848793 64000
1695303615379 0.18806369440837323 68000
1695303648113 0.1885280110429636 72000
1695303680784 0.18862658845774954 76000
1695303712533 0.18777377411134513 80000
1695303753734 0.19178739180555401 84000
1695303786243 0.19178257413914876 88000
1695303816972 0.19107064723692552 92000
1695303852675 0.1907395701725174 96000
1695303897853 0.19285615694733896 100000
1695303939934 0.19546359360741336 104000
1695303972659 0.19522559020286318 108000
1695304013195 0.19745659402633228 112000
1695304058370 0.19996715018617106 116000
1695304101572 0.20262972828746742 120000
1695304142335 0.204121688518701 124000
1695304192073 0.20701693298152635 128000
1695304235756 0.20874403764084218 132000
1695304278868 0.21043178985012767 136000
1695304323123 0.2124230687827171 140000
1695304364729 0.21391267847154674 144000
1695304406605 0.21478473666418377 148000
1695304450476 0.21638183220075005 152000
1695304491942 0.21768440352702062 156000
1695304533301 0.2181908832326875 160000
1695304577743 0.21944882215417658 164000
1695304622897 0.2204739910443768 168000
1695304666377 0.22167701894075037 172000
1695304711485 0.22281753162895807 176000
1695304751063 0.22343275379945185 180000
1695304788772 0.22354869716320863 184000
1695304832574 0.22441874624828 188000
1695304872691 0.22476961999827047 192000
1695304909413 0.22480152958037397 196000
1695304945268 0.22439154665841682 200000
1695304982355 0.2244018129714878 204000
1695305025034 0.22519970265702957 208000
1695305061263 0.22495046160459667 212000
1695305097723 0.22484231406729382 216000
1695305135893 0.22494859421671196 220000
1695305173111 0.2250129826339307 224000
1695305208322 0.22485372553749203 228000
1695305242165 0.22472774716449415 232000
1695305273012 0.22383603649946107 236000
1695305303697 0.2231588612221033 240000
1695305335045 0.22241477951088184 244000
1695305365454 0.22166002812223154 248000
1695305395888 0.22096853541795197 252000
1695305426399 0.22023670434672243 256000
1695305457136 0.21962489826012255 260000
1695305487750 0.21907103938769518 264000
1695305518412 0.21842550469558336 268000
1695305548815 0.21780822561437077 272000
1695305579516 0.21720165486335924 276000
1695305610977 0.21665737185358316 280000
1695305641303 0.21602422850021444 284000
1695305672134 0.2154875955765503 288000
1695305702377 0.21485264264361803 292000
1695305733791 0.21456309988301947 296000
1695305763966 0.2140433339849162 300000
1695305794975 0.21372150659928849 304000
1695305825381 0.21310866726477296 308000
1695305856236 0.21263054218664365 312000
1695305886497 0.21214456343804422 316000
1695305917123 0.21167215745084322 320000
1695305947610 0.21126995202874893 324000
1695305978533 0.21088256765801627 328000
1695306008691 0.21042207660375606 332000
1695306039554 0.21008414807789852 336000
1695306070921 0.2097571379988474 340000
1695306101826 0.20938806657414252 344000
1695306132288 0.2090207749463942 348000
1695306162915 0.20864358421407145 352000
1695306193404 0.20828231167634625 356000
1695306224326 0.2079459720806976 360000
1695306254742 0.20755458231023605 364000
1695306287162 0.20740396110125142 368000
1695306318529 0.20708390314536787 372000
1695306351106 0.20677988249557064 376000
1695306382553 0.20652766402951356 380000
1695306417688 0.20660670615730836 384000
1695306452247 0.20657647982530405 388000
1695306486493 0.20652120964373488 392000
1695306519941 0.20649751703129346 396000
1695306554116 0.20642499533567157 400000
1695306586119 0.20623355319838987 404000
1695306620824 0.20624248755348795 408000
1695306653716 0.20611022913229485 412000
1695306687413 0.20595499614792864 416000
1695306720497 0.2058173746197771 420000
1695306752970 0.20555509354472906 424000
1695306786121 0.2055056337454146 428000
1695306823441 0.2056004864466939 432000
1695306860245 0.20579078394335742 436000
1695306893590 0.20569112996569278 440000
1695306927068 0.20551443960970858 444000
1695306961141 0.20551641299981394 448000
1695306995359 0.20540785003815237 452000
1695307028962 0.20529423019768328 456000
1695307061201 0.20512502375284808 460000
1695307093415 0.2049629297191902 464000
1695307128229 0.20492660896048806 468000
1695307160949 0.20476018484118966 472000
1695307193779 0.20468525655556857 476000
1695307226935 0.20449272907089297 480000
1695307261345 0.2044354430033084 484000
1695307295813 0.2043873198383519 488000
1695307328607 0.20428310418774237 492000
1695307362237 0.20428328288660147 496000
1695307398576 0.20400876208178909 500000
1695307433824 0.20415283777169085 504000
1695307466859 0.20392402032954665 508000
1695307502356 0.20404748764416752 512000
1695307540922 0.20414361503972386 516000
1695307575810 0.20418532305965245 520000
1695307615235 0.20437268099510164 524000
1695307652957 0.2045434670134522 528000
1695307689022 0.20447469854523984 532000
1695307724796 0.20454030845386875 536000
1695307759425 0.20454929508664926 540000
1695307803676 0.204896551176145 544000
1695307846253 0.2053256146839542 548000
1695307880735 0.2052313906373337 552000
1695307919662 0.2054241660243073 556000
1695307956833 0.20537440600057763 560000
1695307994906 0.205482142142861 564000
1695308028059 0.20538506434042003 568000
1695308062932 0.2052951603390928 572000
1695308098134 0.20518782315810888 576000
1695308132151 0.2052284223222573 580000
1695308167259 0.20515535585385897 584000
1695308204648 0.20517371183840952 588000
1695308240263 0.2051874208109408 592000
1695308275310 0.2051154284462701 596000
1695308317674 0.20538589037620394 600000
1695308353444 0.2054257840492116 604000
1695308394798 0.20551363939746456 608000
1695308433165 0.20571272138696126 612000
1695308469793 0.20571791547400836 616000
1695308516225 0.2061857311172221 620000
1695308552803 0.2062309453128987 624000
1695308589986 0.2062682630501035 628000
1695308629768 0.20641696675422413 632000
1695308665831 0.20637908834680888 636000
1695308704006 0.20656248391556561 640000
1695308741072 0.20669105903437682 644000
1695308776483 0.20659477590640998 648000
1695308813161 0.20668225556200667 652000
1695308854548 0.2069020042209801 656000
1695308889203 0.20690025616426086 660000
1695308922298 0.20677739239119 664000
1695308955672 0.20665497833496566 668000
1695308990689 0.20665202394692886 672000
1695309025625 0.2066027326686532 676000
1695309064324 0.20660626943487057 680000
1695309102485 0.20671381023473706 684000
1695309138099 0.20674955131256317 688000
1695309173212 0.2066752068060564 692000
1695309207225 0.20663800566617654 696000
1695309241643 0.20660186009125983 700000
1695309278153 0.20657814870636548 704000
1695309314301 0.20654550311417635 708000
1695309350762 0.20660501896605388 712000
1695309387614 0.20656722133187178 716000
1695309422325 0.2065444220424197 720000
1695309457169 0.20648684273530957 724000
1695309489558 0.20636994345119955 728000
1695309522329 0.20634220354822005 732000
1695309555505 0.20614202658601433 736000
1695309590366 0.20608772251114688 740000
1695309624624 0.20602299588348272 744000
1695309658595 0.20597395998540965 748000
1695309692386 0.20585082553118736 752000
1695309730483 0.20589007889272104 756000
1695309765035 0.2058886185383913 760000
1695309797523 0.20586774113147802 764000
1695309829881 0.20560408248015413 768000
1695309863449 0.2055597584402481 772000
1695309897355 0.2054738977484176 776000
1695309932720 0.20546070774471734 780000
1695309969986 0.2054103253779147 784000
1695310015874 0.20570873179308286 788000
1695310052612 0.2057298032359568 792000
1695310087785 0.20569073051337697 796000
1695310125688 0.20576835719588735 800000
1695310160793 0.2057382755788597 804000
1695310197788 0.20569912731045675 808000
1695310240380 0.20588024686763146 812000
1695310277602 0.2058631791958962 816000
1695310312711 0.20586173850271114 820000
1695310348354 0.20580420379313108 824000
1695310386693 0.20589898966786857 828000
1695310421538 0.20591812728911363 832000
1695310455206 0.20574984177103378 836000
1695310494042 0.2058200941074279 840000
1695310538742 0.2061231312072574 844000
1695310575974 0.2060784221091814 848000
1695310616910 0.20624138024749308 852000
1695310655493 0.20635030409462213 856000
1695310690357 0.20628720270384165 860000
1695310724072 0.206234620197968 864000
1695310758960 0.20617327841855443 868000
