1695136485664 0.9 4000
1695136522566 0.9 8000
1695136560499 0.9 12000
1695136594723 0.9 16000
1695136626360 0.9 20000
1695136659491 0.9 24000
1695136692976 0.9 28000
1695136726879 0.9 32000
1695136760640 0.9 36000
1695136795261 0.9 40000
1695136829901 0.9 44000
1695136863933 0.9 48000
1695136896365 0.9 52000
1695136932813 0.9 56000
1695136966920 0.9 60000
1695136999818 0.9 64000
1695137033520 0.9 68000
1695137066565 0.9 72000
1695137103848 0.9 76000
1695137142234 0.9 80000
1695137179804 0.9 84000
1695137217228 0.9 88000
1695137252727 0.9 92000
1695137286601 0.9 96000
1695137322221 0.9 100000
1695137356775 0.9 104000
1695137389798 0.9 108000
1695137421545 0.9 112000
1695137453508 0.9 116000
1695137486611 0.9 120000
1695137518866 0.9 124000
1695137553046 0.9 128000
1695137587553 0.9 132000
1695137620449 0.9 136000
1695137652449 0.9 140000
1695137685788 0.9 144000
1695137720497 0.9 148000
1695137753193 0.9 152000
1695137786003 0.9 156000
1695137819480 0.9 160000
