1695136485556 0.0 4000
1695136522437 0.025 8000
1695136560380 0.03571428571428571 12000
1695136594622 0.025974025974025976 16000
1695136626258 0.02040816326530612 20000
1695136659385 0.03 24000
1695136692871 0.02 28000
1695136726777 0.02 32000
1695136760531 0.02 36000
1695136795153 0.04 40000
1695136829783 0.03 44000
1695136863831 0.04 48000
1695136896255 0.03 52000
1695136932707 0.02 56000
1695136966816 0.02 60000
1695136999711 0.01 64000
1695137033404 0.01 68000
1695137066462 0.0 72000
1695137103733 0.0 76000
1695137142119 0.0 80000
1695137179695 0.01 84000
1695137217118 0.03 88000
1695137252615 0.02 92000
1695137286495 0.01 96000
1695137322121 0.0 100000
1695137356654 0.0 104000
1695137389695 0.0 108000
1695137421439 0.01 112000
1695137453409 0.01 116000
1695137486508 0.02 120000
1695137518751 0.02 124000
1695137552923 0.017241379310344827 128000
1695137587453 0.03 132000
1695137620346 0.04 136000
1695137652346 0.06 140000
1695137685676 0.05 144000
1695137720385 0.08928571428571429 148000
1695137753091 0.022727272727272728 152000
1695137785905 0.03676470588235294 156000
1695137819370 0.08661417322834646 160000
