1695136485557 0.0 4000
1695136522438 1.0 8000
1695136560381 1.0 12000
1695136594623 1.0 16000
1695136626259 1.0 20000
1695136659386 1.0 24000
1695136692871 1.0 28000
1695136726778 1.0 32000
1695136760531 1.0 36000
1695136795154 1.0 40000
1695136829784 1.0 44000
1695136863832 1.0 48000
1695136896256 1.0 52000
1695136932708 1.0 56000
1695136966817 1.0 60000
1695136999712 1.0 64000
1695137033405 1.0 68000
1695137066463 0.0 72000
1695137103734 0.0 76000
1695137142120 0.0 80000
1695137179696 1.0 84000
1695137217119 1.0 88000
1695137252616 1.0 92000
1695137286496 1.0 96000
1695137322122 0.0 100000
1695137356655 0.0 104000
1695137389696 0.0 108000
1695137421440 1.0 112000
1695137453409 1.0 116000
1695137486508 1.0 120000
1695137518752 1.0 124000
1695137552924 1.0 128000
1695137587453 1.0 132000
1695137620347 1.0 136000
1695137652346 1.0 140000
1695137685677 1.0 144000
1695137720386 1.0 148000
1695137753092 1.0 152000
1695137785906 1.0 156000
1695137819371 1.0 160000
