1695136485557 0.0 4000
1695136522438 0.0 8000
1695136560380 0.0 12000
1695136594622 0.0 16000
1695136626259 0.0 20000
1695136659386 0.0 24000
1695136692871 0.0 28000
1695136726778 0.0 32000
1695136760531 0.0 36000
1695136795154 0.0 40000
1695136829784 0.0 44000
1695136863831 0.0 48000
1695136896256 0.0 52000
1695136932708 0.0 56000
1695136966817 0.0 60000
1695136999711 0.0 64000
1695137033404 0.0 68000
1695137066463 0.0 72000
1695137103734 0.0 76000
1695137142119 0.0 80000
1695137179695 0.0 84000
1695137217118 0.0 88000
1695137252616 0.0 92000
1695137286495 0.0 96000
1695137322121 0.0 100000
1695137356654 0.0 104000
1695137389696 0.0 108000
1695137421440 0.0 112000
1695137453409 0.0 116000
1695137486508 0.0 120000
1695137518752 0.0 124000
1695137552924 0.0 128000
1695137587453 0.0 132000
1695137620347 0.0 136000
1695137652346 0.0 140000
1695137685677 0.0 144000
1695137720386 0.0 148000
1695137753092 0.0 152000
1695137785906 0.0 156000
1695137819370 0.0 160000
