1695136485561 0.0 4000
1695136522442 0.0 8000
1695136560385 0.0 12000
1695136594626 0.0 16000
1695136626262 0.0 20000
1695136659390 0.0 24000
1695136692875 0.0 28000
1695136726782 0.0 32000
1695136760535 0.0 36000
1695136795158 0.0 40000
1695136829788 0.0 44000
1695136863835 0.0 48000
1695136896260 0.0 52000
1695136932711 0.0 56000
1695136966820 0.0 60000
1695136999715 0.0 64000
1695137033409 0.0 68000
1695137066466 0.0 72000
1695137103738 0.0 76000
1695137142123 0.0 80000
1695137179699 0.0 84000
1695137217122 0.0 88000
1695137252620 0.0 92000
1695137286499 0.0 96000
1695137322125 0.0 100000
1695137356659 0.0 104000
1695137389699 0.0 108000
1695137421444 0.0 112000
1695137453412 0.0 116000
1695137486512 0.0 120000
1695137518755 0.0 124000
1695137552928 0.0 128000
1695137587456 0.0 132000
1695137620350 0.0 136000
1695137652350 0.0 140000
1695137685681 0.0 144000
1695137720390 0.0 148000
1695137753095 0.0 152000
1695137785909 0.0 156000
1695137819374 0.0 160000
