1695136485558 0.4666666666666667 4000
1695136522439 0.425 8000
1695136560381 0.375 12000
1695136594623 0.4025974025974026 16000
1695136626259 0.41836734693877553 20000
1695136659387 0.41 24000
1695136692872 0.43 28000
1695136726779 0.51 32000
1695136760532 0.48 36000
1695136795155 0.55 40000
1695136829785 0.63 44000
1695136863832 0.69 48000
1695136896257 0.72 52000
1695136932708 0.78 56000
1695136966818 0.8 60000
1695136999712 0.8 64000
1695137033405 0.83 68000
1695137066464 0.9 72000
1695137103735 0.87 76000
1695137142120 0.86 80000
1695137179696 0.88 84000
1695137217119 0.92 88000
1695137252617 0.86 92000
1695137286496 0.86 96000
1695137322122 0.89 100000
1695137356655 0.92 104000
1695137389696 0.92 108000
1695137421441 0.93 112000
1695137453410 0.92 116000
1695137486509 0.93 120000
1695137518752 0.93 124000
1695137552925 0.9224137931034483 128000
1695137587454 0.89 132000
1695137620348 0.84 136000
1695137652347 0.83 140000
1695137685678 0.86 144000
1695137720387 0.8392857142857143 148000
1695137753092 0.9090909090909091 152000
1695137785906 0.9264705882352942 156000
1695137819371 0.9133858267716536 160000
