1695136485562 1.0 4000
1695136522443 1.0 8000
1695136560385 1.0 12000
1695136594626 1.0 16000
1695136626263 1.0 20000
1695136659390 1.0 24000
1695136692875 1.0 28000
1695136726782 1.0 32000
1695136760535 1.0 36000
1695136795158 1.0 40000
1695136829788 1.0 44000
1695136863835 1.0 48000
1695136896260 1.0 52000
1695136932712 1.0 56000
1695136966821 1.0 60000
1695136999716 1.0 64000
1695137033409 1.0 68000
1695137066467 1.0 72000
1695137103738 1.0 76000
1695137142124 1.0 80000
1695137179700 1.0 84000
1695137217122 1.0 88000
1695137252620 1.0 92000
1695137286499 1.0 96000
1695137322125 1.0 100000
1695137356659 1.0 104000
1695137389700 1.0 108000
1695137421444 1.0 112000
1695137453413 1.0 116000
1695137486512 1.0 120000
1695137518756 1.0 124000
1695137552928 1.0 128000
1695137587457 1.0 132000
1695137620351 1.0 136000
1695137652350 1.0 140000
1695137685681 1.0 144000
1695137720390 1.0 148000
1695137753096 1.0 152000
1695137785910 1.0 156000
1695137819375 1.0 160000
