1695136485561 0.4666666666666667 4000
1695136522442 0.425 8000
1695136560384 0.375 12000
1695136594625 0.4025974025974026 16000
1695136626262 0.41836734693877553 20000
1695136659389 0.41 24000
1695136692874 0.43 28000
1695136726781 0.51 32000
1695136760534 0.48 36000
1695136795157 0.55 40000
1695136829787 0.63 44000
1695136863835 0.69 48000
1695136896259 0.72 52000
1695136932711 0.78 56000
1695136966820 0.8 60000
1695136999715 0.8 64000
1695137033408 0.83 68000
1695137066466 0.9 72000
1695137103737 0.87 76000
1695137142123 0.86 80000
1695137179699 0.88 84000
1695137217121 0.92 88000
1695137252619 0.86 92000
1695137286499 0.86 96000
1695137322125 0.89 100000
1695137356658 0.92 104000
1695137389699 0.92 108000
1695137421443 0.93 112000
1695137453412 0.92 116000
1695137486511 0.93 120000
1695137518755 0.93 124000
1695137552927 0.9224137931034483 128000
1695137587456 0.89 132000
1695137620350 0.84 136000
1695137652349 0.83 140000
1695137685680 0.86 144000
1695137720389 0.8392857142857143 148000
1695137753095 0.9090909090909091 152000
1695137785909 0.9264705882352942 156000
1695137819374 0.9133858267716536 160000
