1695136485559 1.0 4000
1695136522440 1.0 8000
1695136560382 1.0 12000
1695136594624 1.0 16000
1695136626260 1.0 20000
1695136659387 1.0 24000
1695136692873 1.0 28000
1695136726779 1.0 32000
1695136760533 1.0 36000
1695136795156 1.0 40000
1695136829785 1.0 44000
1695136863833 1.0 48000
1695136896258 1.0 52000
1695136932709 1.0 56000
1695136966818 1.0 60000
1695136999713 1.0 64000
1695137033406 1.0 68000
1695137066464 1.0 72000
1695137103736 1.0 76000
1695137142121 1.0 80000
1695137179697 1.0 84000
1695137217120 1.0 88000
1695137252617 1.0 92000
1695137286497 1.0 96000
1695137322123 1.0 100000
1695137356656 1.0 104000
1695137389697 1.0 108000
1695137421442 1.0 112000
1695137453411 1.0 116000
1695137486510 1.0 120000
1695137518753 1.0 124000
1695137552925 1.0 128000
1695137587454 1.0 132000
1695137620348 1.0 136000
1695137652348 1.0 140000
1695137685679 1.0 144000
1695137720388 1.0 148000
1695137753093 1.0 152000
1695137785907 1.0 156000
1695137819372 1.0 160000
