1695136485558 0.0 4000
1695136522439 0.0 8000
1695136560382 0.0 12000
1695136594623 0.0 16000
1695136626260 0.0 20000
1695136659387 0.0 24000
1695136692872 0.0 28000
1695136726779 0.0 32000
1695136760532 0.0 36000
1695136795155 0.0 40000
1695136829785 0.0 44000
1695136863832 0.0 48000
1695136896257 0.0 52000
1695136932709 0.0 56000
1695136966818 0.0 60000
1695136999713 0.0 64000
1695137033406 0.0 68000
1695137066464 0.0 72000
1695137103735 0.0 76000
1695137142121 0.0 80000
1695137179697 0.0 84000
1695137217119 0.0 88000
1695137252617 0.0 92000
1695137286497 0.0 96000
1695137322123 0.0 100000
1695137356656 0.0 104000
1695137389697 0.0 108000
1695137421441 0.0 112000
1695137453410 0.0 116000
1695137486509 0.0 120000
1695137518753 0.0 124000
1695137552925 0.0 128000
1695137587454 0.0 132000
1695137620348 0.0 136000
1695137652347 0.0 140000
1695137685678 0.0 144000
1695137720387 0.0 148000
1695137753093 0.0 152000
1695137785907 0.0 156000
1695137819372 0.0 160000
