1695136485560 0.0 4000
1695136522441 0.0 8000
1695136560383 0.0 12000
1695136594625 0.0 16000
1695136626261 0.0 20000
1695136659388 0.0 24000
1695136692873 0.0 28000
1695136726780 0.0 32000
1695136760534 0.0 36000
1695136795156 0.0 40000
1695136829786 0.0 44000
1695136863834 0.0 48000
1695136896258 0.0 52000
1695136932710 0.0 56000
1695136966819 0.0 60000
1695136999714 0.0 64000
1695137033407 0.0 68000
1695137066465 0.0 72000
1695137103736 0.0 76000
1695137142122 0.0 80000
1695137179698 0.0 84000
1695137217121 0.0 88000
1695137252618 0.0 92000
1695137286498 0.0 96000
1695137322124 0.0 100000
1695137356657 0.0 104000
1695137389698 0.0 108000
1695137421442 0.0 112000
1695137453411 0.0 116000
1695137486510 0.0 120000
1695137518754 0.0 124000
1695137552926 0.0 128000
1695137587455 0.0 132000
1695137620349 0.0 136000
1695137652348 0.0 140000
1695137685679 0.0 144000
1695137720388 0.0 148000
1695137753094 0.0 152000
1695137785908 0.0 156000
1695137819373 0.0 160000
