1695136485560 1.0 4000
1695136522441 1.0 8000
1695136560384 1.0 12000
1695136594625 1.0 16000
1695136626261 1.0 20000
1695136659389 1.0 24000
1695136692874 1.0 28000
1695136726781 1.0 32000
1695136760534 1.0 36000
1695136795157 1.0 40000
1695136829787 1.0 44000
1695136863834 1.0 48000
1695136896259 1.0 52000
1695136932711 1.0 56000
1695136966820 1.0 60000
1695136999714 1.0 64000
1695137033408 1.0 68000
1695137066466 1.0 72000
1695137103737 1.0 76000
1695137142122 1.0 80000
1695137179698 1.0 84000
1695137217121 1.0 88000
1695137252619 1.0 92000
1695137286498 1.0 96000
1695137322124 1.0 100000
1695137356658 1.0 104000
1695137389698 1.0 108000
1695137421443 1.0 112000
1695137453412 1.0 116000
1695137486511 1.0 120000
1695137518755 1.0 124000
1695137552927 1.0 128000
1695137587456 1.0 132000
1695137620350 1.0 136000
1695137652349 1.0 140000
1695137685680 1.0 144000
1695137720389 1.0 148000
1695137753095 1.0 152000
1695137785908 1.0 156000
1695137819373 0.0 160000
