1695136485559 0.13333333333333333 4000
1695136522440 0.25 8000
1695136560383 0.25 12000
1695136594624 0.2857142857142857 16000
1695136626261 0.25510204081632654 20000
1695136659388 0.29 24000
1695136692873 0.27 28000
1695136726780 0.22 32000
1695136760533 0.24 36000
1695136795156 0.23 40000
1695136829786 0.16 44000
1695136863833 0.18 48000
1695136896258 0.17 52000
1695136932710 0.14 56000
1695136966819 0.12 60000
1695136999714 0.12 64000
1695137033407 0.09 68000
1695137066465 0.07 72000
1695137103736 0.08 76000
1695137142122 0.09 80000
1695137179697 0.06 84000
1695137217120 0.05 88000
1695137252618 0.11 92000
1695137286497 0.1 96000
1695137322123 0.09 100000
1695137356657 0.08 104000
1695137389698 0.08 108000
1695137421442 0.05 112000
1695137453411 0.06 116000
1695137486510 0.04 120000
1695137518754 0.03 124000
1695137552926 0.0603448275862069 128000
1695137587455 0.08 132000
1695137620349 0.12 136000
1695137652348 0.11 140000
1695137685679 0.08 144000
1695137720388 0.07142857142857142 148000
1695137753094 0.06060606060606061 152000
1695137785907 0.03676470588235294 156000
1695137819372 0.0 160000
