1695303109755 1.0 4000
1695303138442 1.0 8000
1695303167578 1.0 12000
1695303196350 1.0 16000
1695303230420 1.0 20000
1695303262741 1.0 24000
1695303295886 1.0 28000
1695303328718 1.0 32000
1695303360613 1.0 36000
1695303392739 1.0 40000
1695303425103 1.0 44000
1695303456292 1.0 48000
1695303488016 1.0 52000
1695303518759 1.0 56000
1695303550471 1.0 60000
1695303581661 1.0 64000
1695303615401 1.0 68000
1695303648133 1.0 72000
1695303680804 1.0 76000
1695303712552 1.0 80000
1695303753755 1.0 84000
1695303786264 1.0 88000
1695303816993 1.0 92000
1695303852701 1.0 96000
1695303897893 1.0 100000
1695303939954 1.0 104000
1695303972689 1.0 108000
1695304013219 1.0 112000
1695304058397 1.0 116000
1695304101598 1.0 120000
1695304142362 1.0 124000
1695304192104 1.0 128000
1695304235782 1.0 132000
1695304278895 1.0 136000
1695304323151 1.0 140000
1695304364754 1.0 144000
1695304406636 1.0 148000
1695304450503 1.0 152000
1695304491965 1.0 156000
1695304533326 1.0 160000
1695304577769 1.0 164000
1695304622924 1.0 168000
1695304666401 1.0 172000
1695304711505 1.0 176000
1695304751085 1.0 180000
1695304788794 1.0 184000
1695304832594 1.0 188000
1695304872714 1.0 192000
1695304909436 1.0 196000
1695304945291 1.0 200000
1695304982377 1.0 204000
1695305025059 1.0 208000
1695305061284 1.0 212000
1695305097747 1.0 216000
1695305135916 1.0 220000
1695305173134 1.0 224000
1695305208343 1.0 228000
1695305242184 1.0 232000
1695305273031 1.0 236000
1695305303719 1.0 240000
1695305335065 1.0 244000
1695305365474 1.0 248000
1695305395906 1.0 252000
1695305426419 1.0 256000
1695305457155 1.0 260000
1695305487770 1.0 264000
1695305518430 1.0 268000
1695305548835 1.0 272000
1695305579534 1.0 276000
1695305610996 1.0 280000
1695305641322 1.0 284000
1695305672153 1.0 288000
1695305702395 1.0 292000
1695305733810 1.0 296000
1695305763988 1.0 300000
1695305794993 1.0 304000
1695305825399 1.0 308000
1695305856255 1.0 312000
1695305886514 1.0 316000
1695305917142 1.0 320000
1695305947629 1.0 324000
1695305978551 1.0 328000
1695306008710 1.0 332000
1695306039573 1.0 336000
1695306070941 1.0 340000
1695306101845 1.0 344000
1695306132307 1.0 348000
1695306162934 1.0 352000
1695306193423 1.0 356000
1695306224345 1.0 360000
1695306254761 1.0 364000
1695306287180 1.0 368000
1695306318547 1.0 372000
1695306351127 1.0 376000
1695306382571 1.0 380000
1695306417709 1.0 384000
1695306452272 1.0 388000
1695306486514 1.0 392000
1695306519960 1.0 396000
1695306554137 1.0 400000
1695306586139 1.0 404000
1695306620845 1.0 408000
1695306653735 1.0 412000
1695306687435 1.0 416000
1695306720517 1.0 420000
1695306752989 1.0 424000
1695306786141 1.0 428000
1695306823463 1.0 432000
1695306860266 1.0 436000
1695306893611 1.0 440000
1695306927089 1.0 444000
1695306961161 1.0 448000
1695306995379 1.0 452000
1695307028981 1.0 456000
1695307061221 1.0 460000
1695307093436 1.0 464000
1695307128249 1.0 468000
1695307160970 1.0 472000
1695307193799 1.0 476000
1695307226956 1.0 480000
1695307261366 1.0 484000
1695307295833 1.0 488000
1695307328627 1.0 492000
1695307362258 1.0 496000
1695307398600 1.0 500000
1695307433843 1.0 504000
1695307466882 1.0 508000
1695307502381 1.0 512000
1695307540944 1.0 516000
1695307575830 1.0 520000
1695307615264 1.0 524000
1695307652977 1.0 528000
1695307689048 1.0 532000
1695307724817 1.0 536000
1695307759445 1.0 540000
1695307803703 1.0 544000
1695307846273 1.0 548000
1695307880758 1.0 552000
1695307919682 1.0 556000
1695307956857 1.0 560000
1695307994926 1.0 564000
1695308028079 1.0 568000
1695308062953 1.0 572000
1695308098154 1.0 576000
1695308132172 1.0 580000
1695308167279 1.0 584000
1695308204671 1.0 588000
1695308240283 1.0 592000
1695308275333 1.0 596000
1695308317697 1.0 600000
1695308353467 1.0 604000
1695308394827 1.0 608000
1695308433185 1.0 612000
1695308469816 1.0 616000
1695308516248 1.0 620000
1695308552825 1.0 624000
1695308590010 1.0 628000
1695308629791 1.0 632000
1695308665859 1.0 636000
1695308704030 1.0 640000
1695308741093 1.0 644000
1695308776505 1.0 648000
1695308813186 1.0 652000
1695308854568 1.0 656000
1695308889223 1.0 660000
1695308922318 1.0 664000
1695308955693 1.0 668000
1695308990712 1.0 672000
1695309025651 1.0 676000
1695309064347 1.0 680000
1695309102507 1.0 684000
1695309138122 1.0 688000
1695309173233 1.0 692000
1695309207246 1.0 696000
1695309241664 1.0 700000
1695309278175 1.0 704000
1695309314326 1.0 708000
1695309350782 1.0 712000
1695309387635 1.0 716000
1695309422344 1.0 720000
1695309457189 1.0 724000
1695309489577 1.0 728000
1695309522348 1.0 732000
1695309555526 1.0 736000
1695309590387 1.0 740000
1695309624645 1.0 744000
1695309658616 1.0 748000
1695309692406 1.0 752000
1695309730513 1.0 756000
1695309765055 1.0 760000
1695309797543 1.0 764000
1695309829901 1.0 768000
1695309863468 1.0 772000
1695309897378 1.0 776000
1695309932741 1.0 780000
1695309970008 1.0 784000
1695310015894 1.0 788000
1695310052634 1.0 792000
1695310087808 1.0 796000
1695310125712 1.0 800000
1695310160812 1.0 804000
1695310197812 1.0 808000
1695310240403 1.0 812000
1695310277623 1.0 816000
1695310312733 1.0 820000
1695310348376 1.0 824000
1695310386720 1.0 828000
1695310421558 1.0 832000
1695310455227 1.0 836000
1695310494065 1.0 840000
1695310538762 1.0 844000
1695310575996 1.0 848000
1695310616942 1.0 852000
1695310655513 1.0 856000
1695310690377 1.0 860000
1695310724092 1.0 864000
1695310758980 1.0 868000
