1695136485569 181.2 4000
1695136522453 173.65 8000
1695136560395 192.375 12000
1695136594634 190.72727272727272 16000
1695136626271 194.9795918367347 20000
1695136659399 195.62 24000
1695136692884 188.18 28000
1695136726790 178.23 32000
1695136760544 170.34 36000
1695136795167 154.04 40000
1695136829797 152.03 44000
1695136863843 131.59 48000
1695136896269 116.99 52000
1695136932720 104.4 56000
1695136966829 96.05 60000
1695136999724 97.09 64000
1695137033417 94.32 68000
1695137066475 87.74 72000
1695137103748 88.08 76000
1695137142133 82.18 80000
1695137179708 78.67 84000
1695137217131 61.5 88000
1695137252629 59.98 92000
1695137286508 69.42 96000
1695137322134 70.35 100000
1695137356669 48.13 104000
1695137389708 55.57 108000
1695137421452 65.07 112000
1695137453421 66.87 116000
1695137486520 64.49 120000
1695137518764 54.28 124000
1695137552937 35.672413793103445 128000
1695137587464 42.49 132000
1695137620359 43.08 136000
1695137652358 48.24 140000
1695137685690 40.94 144000
1695137720399 34.38392857142857 148000
1695137753104 31.984848484848484 152000
1695137785918 29.75 156000
1695137819384 30.937007874015748 160000
