1695136485568 0.9269999999999999 4000
1695136522451 0.9269999999999999 8000
1695136560393 1.343 12000
1695136594633 1.343 16000
1695136626269 1.343 20000
1695136659397 1.343 24000
1695136692882 1.343 28000
1695136726789 1.121 32000
1695136760543 1.121 36000
1695136795165 1.2570000000000001 40000
1695136829796 1.2570000000000001 44000
1695136863842 1.344 48000
1695136896268 1.387 52000
1695136932719 1.387 56000
1695136966828 1.109 60000
1695136999723 1.109 64000
1695137033416 1.109 68000
1695137066474 0.9219999999999999 72000
1695137103746 0.9219999999999999 76000
1695137142131 1.786 80000
1695137179707 1.786 84000
1695137217129 1.342 88000
1695137252627 1.342 92000
1695137286506 1.121 96000
1695137322132 0.9489999999999998 100000
1695137356668 0.9489999999999998 104000
1695137389707 0.9670000000000001 108000
1695137421451 1.1760000000000002 112000
1695137453419 1.3079999999999998 116000
1695137486519 1.151 120000
1695137518763 1.302 124000
1695137552936 1.217 128000
1695137587463 1.4100000000000001 132000
1695137620358 1.405 136000
1695137652357 1.5290000000000001 140000
1695137685688 1.437 144000
1695137720398 1.888 148000
1695137753103 1.422 152000
1695137785916 1.427 156000
1695137819382 1.766 160000
