1695136485570 15.0 4000
1695136522453 25.0 8000
1695136560395 16.0 12000
1695136594635 21.0 16000
1695136626271 21.0 20000
1695136659399 21.0 24000
1695136692884 26.0 28000
1695136726790 23.0 32000
1695136760545 27.0 36000
1695136795167 27.0 40000
1695136829798 31.0 44000
1695136863844 33.0 48000
1695136896269 42.0 52000
1695136932721 41.0 56000
1695136966830 47.0 60000
1695136999725 40.0 64000
1695137033418 35.0 68000
1695137066476 52.0 72000
1695137103748 46.0 76000
1695137142133 49.0 80000
1695137179709 52.0 84000
1695137217131 68.0 88000
1695137252629 61.0 92000
1695137286508 48.0 96000
1695137322134 73.0 100000
1695137356669 80.0 104000
1695137389708 70.0 108000
1695137421453 58.0 112000
1695137453421 62.0 116000
1695137486521 68.0 120000
1695137518765 80.0 124000
1695137552938 116.0 128000
1695137587465 90.0 132000
1695137620359 97.0 136000
1695137652359 83.0 140000
1695137685690 100.0 144000
1695137720399 112.0 148000
1695137753104 132.0 152000
1695137785918 136.0 156000
1695137819384 127.0 160000
