1695136485569 -0.4800000000000001 4000
1695136522452 -0.8089999999999999 8000
1695136560394 -0.8089999999999999 12000
1695136594634 -0.8370000000000001 16000
1695136626270 -0.8370000000000001 20000
1695136659398 -0.925 24000
1695136692883 -0.925 28000
1695136726789 -0.925 32000
1695136760543 -0.925 36000
1695136795166 -0.7760000000000001 40000
1695136829796 -0.7760000000000001 44000
1695136863843 -0.9540000000000001 48000
1695136896268 -0.9540000000000001 52000
1695136932719 -0.7180000000000001 56000
1695136966828 -0.6710000000000002 60000
1695136999723 -0.6710000000000002 64000
1695137033417 -0.5100000000000001 68000
1695137066475 -0.744 72000
1695137103747 -0.744 76000
1695137142132 -0.55 80000
1695137179708 -0.55 84000
1695137217130 -0.363 88000
1695137252628 -0.358 92000
1695137286507 -0.5650000000000001 96000
1695137322133 -0.499 100000
1695137356668 -0.4810000000000001 104000
1695137389707 -0.718 108000
1695137421452 -0.718 112000
1695137453420 -0.8310000000000001 116000
1695137486519 -0.8310000000000001 120000
1695137518764 -0.514 124000
1695137552936 -0.44900000000000007 128000
1695137587464 -0.44599999999999995 132000
1695137620358 -0.44199999999999995 136000
1695137652358 -0.541 140000
1695137685689 -0.42400000000000004 144000
1695137720398 -0.22399999999999998 148000
1695137753103 -0.377 152000
1695137785917 -0.43200000000000005 156000
1695137819383 -0.31500000000000006 160000
