1695136485570 0.0 4000
1695136522454 0.0 8000
1695136560396 0.0 12000
1695136594635 0.0 16000
1695136626272 0.0 20000
1695136659399 0.0 24000
1695136692885 0.0 28000
1695136726791 0.0 32000
1695136760545 0.0 36000
1695136795168 0.0 40000
1695136829798 0.0 44000
1695136863844 0.0 48000
1695136896270 0.0 52000
1695136932721 0.0 56000
1695136966830 0.0 60000
1695136999725 0.0 64000
1695137033418 0.0 68000
1695137066476 0.0 72000
1695137103749 0.0 76000
1695137142134 0.0 80000
1695137179709 0.0 84000
1695137217132 0.0 88000
1695137252630 0.0 92000
1695137286508 0.0 96000
1695137322134 0.0 100000
1695137356670 0.0 104000
1695137389709 0.0 108000
1695137421453 0.0 112000
1695137453421 0.0 116000
1695137486521 0.0 120000
1695137518765 0.0 124000
1695137552938 0.0 128000
1695137587465 0.0 132000
1695137620360 0.0 136000
1695137652359 0.0 140000
1695137685691 0.0 144000
1695137720400 0.0 148000
1695137753105 0.0 152000
1695137785919 0.0 156000
1695137819384 0.0 160000
