1695303109742 0.0 4000
1695303138429 0.0 8000
1695303167565 0.0 12000
1695303196337 0.0 16000
1695303230405 0.0 20000
1695303262729 0.0 24000
1695303295874 0.0 28000
1695303328706 0.0 32000
1695303360599 0.0 36000
1695303392726 0.0 40000
1695303425091 0.0 44000
1695303456280 0.0 48000
1695303488003 0.0 52000
1695303518746 0.0 56000
1695303550458 0.0 60000
1695303581648 0.0 64000
1695303615387 0.0 68000
1695303648120 0.0 72000
1695303680791 0.0 76000
1695303712540 0.0 80000
1695303753742 0.0 84000
1695303786251 0.0 88000
1695303816980 0.0 92000
1695303852685 0.0 96000
1695303897871 0.0 100000
1695303939942 0.0 104000
1695303972668 0.0 108000
1695304013204 0.0 112000
1695304058380 0.0 116000
1695304101581 0.0 120000
1695304142344 0.0 124000
1695304192084 0.0 128000
1695304235766 0.0 132000
1695304278878 0.0 136000
1695304323133 0.0 140000
1695304364738 0.0 144000
1695304406616 0.0 148000
1695304450486 0.0 152000
1695304491951 0.0 156000
1695304533310 0.0 160000
1695304577753 0.0 164000
1695304622907 0.0 168000
1695304666386 0.0 172000
1695304711492 0.0 176000
1695304751071 0.0 180000
1695304788780 0.0 184000
1695304832582 0.0 188000
1695304872699 0.0 192000
1695304909422 0.0 196000
1695304945277 0.0 200000
1695304982363 0.0 204000
1695305025043 0.0 208000
1695305061271 0.0 212000
1695305097732 0.0 216000
1695305135901 0.0 220000
1695305173120 0.0 224000
1695305208330 0.0 228000
1695305242172 0.0 232000
1695305273019 0.0 236000
1695305303705 0.0 240000
1695305335052 0.0 244000
1695305365461 0.0 248000
1695305395895 0.0 252000
1695305426406 0.0 256000
1695305457143 0.0 260000
1695305487757 0.0 264000
1695305518419 0.0 268000
1695305548822 0.0 272000
1695305579523 0.0 276000
1695305610984 0.0 280000
1695305641310 0.0 284000
1695305672141 0.0 288000
1695305702384 0.0 292000
1695305733798 0.0 296000
1695305763975 0.0 300000
1695305794982 0.0 304000
1695305825388 0.0 308000
1695305856243 0.0 312000
1695305886503 0.0 316000
1695305917130 0.0 320000
1695305947617 0.0 324000
1695305978539 0.0 328000
1695306008698 0.0 332000
1695306039561 0.0 336000
1695306070928 0.0 340000
1695306101833 0.0 344000
1695306132295 0.0 348000
1695306162922 0.0 352000
1695306193411 0.0 356000
1695306224334 0.0 360000
1695306254749 0.0 364000
1695306287169 0.0 368000
1695306318536 0.0 372000
1695306351114 0.0 376000
1695306382560 0.0 380000
1695306417696 0.0 384000
1695306452259 0.0 388000
1695306486502 0.0 392000
1695306519948 0.0 396000
1695306554124 0.0 400000
1695306586127 0.0 404000
1695306620831 0.0 408000
1695306653723 0.0 412000
1695306687421 0.0 416000
1695306720505 0.0 420000
1695306752977 0.0 424000
1695306786128 0.0 428000
1695306823449 0.0 432000
1695306860253 0.0 436000
1695306893598 0.0 440000
1695306927076 0.0 444000
1695306961149 0.0 448000
1695306995366 0.0 452000
1695307028969 0.0 456000
1695307061209 0.0 460000
1695307093423 0.0 464000
1695307128236 0.0 468000
1695307160957 0.0 472000
1695307193786 0.0 476000
1695307226943 0.0 480000
1695307261353 0.0 484000
1695307295821 0.0 488000
1695307328615 0.0 492000
1695307362245 0.0 496000
1695307398584 0.0 500000
1695307433831 0.0 504000
1695307466868 0.0 508000
1695307502364 0.0 512000
1695307540930 0.0 516000
1695307575817 0.0 520000
1695307615245 0.0 524000
1695307652964 0.0 528000
1695307689030 0.0 532000
1695307724804 0.0 536000
1695307759432 0.0 540000
1695307803687 0.0 544000
1695307846260 0.0 548000
1695307880743 0.0 552000
1695307919669 0.0 556000
1695307956842 0.0 560000
1695307994914 0.0 564000
1695308028067 0.0 568000
1695308062940 0.0 572000
1695308098142 0.0 576000
1695308132159 0.0 580000
1695308167267 0.0 584000
1695308204657 0.0 588000
1695308240270 0.0 592000
1695308275318 0.0 596000
1695308317683 0.0 600000
1695308353453 0.0 604000
1695308394808 0.0 608000
1695308433172 0.0 612000
1695308469802 0.0 616000
1695308516234 0.0 620000
1695308552811 0.0 624000
1695308589995 0.0 628000
1695308629777 0.0 632000
1695308665840 0.0 636000
1695308704015 0.0 640000
1695308741080 0.0 644000
1695308776491 0.0 648000
1695308813170 0.0 652000
1695308854555 0.0 656000
1695308889210 0.0 660000
1695308922306 0.0 664000
1695308955680 0.0 668000
1695308990697 0.0 672000
1695309025635 0.0 676000
1695309064332 0.0 680000
1695309102493 0.0 684000
1695309138108 0.0 688000
1695309173220 0.0 692000
1695309207233 0.0 696000
1695309241651 0.0 700000
1695309278161 0.0 704000
1695309314310 0.0 708000
1695309350770 0.0 712000
1695309387622 0.0 716000
1695309422332 0.0 720000
1695309457176 0.0 724000
1695309489565 0.0 728000
1695309522336 0.0 732000
1695309555513 0.0 736000
1695309590373 0.0 740000
1695309624632 0.0 744000
1695309658603 0.0 748000
1695309692393 0.0 752000
1695309730492 0.0 756000
1695309765043 0.0 760000
1695309797530 0.0 764000
1695309829889 0.0 768000
1695309863456 0.0 772000
1695309897364 0.0 776000
1695309932728 0.0 780000
1695309969994 0.0 784000
1695310015881 0.0 788000
1695310052620 0.0 792000
1695310087794 0.0 796000
1695310125697 0.0 800000
1695310160800 0.0 804000
1695310197797 0.0 808000
1695310240388 0.0 812000
1695310277610 0.0 816000
1695310312719 0.0 820000
1695310348362 0.0 824000
1695310386704 0.0 828000
1695310421545 0.0 832000
1695310455214 0.0 836000
1695310494051 0.0 840000
1695310538750 0.0 844000
1695310575983 0.0 848000
1695310616922 0.0 852000
1695310655500 0.0 856000
1695310690364 0.0 860000
1695310724080 0.0 864000
1695310758968 0.0 868000
