1695303109752 -1.0 4000
1695303138440 -1.0 8000
1695303167575 -1.0 12000
1695303196347 -1.0 16000
1695303230417 -1.0 20000
1695303262739 -1.0 24000
1695303295884 -1.0 28000
1695303328716 -1.0 32000
1695303360610 -1.0 36000
1695303392737 -1.0 40000
1695303425101 -1.0 44000
1695303456290 -1.0 48000
1695303488013 -1.0 52000
1695303518756 -1.0 56000
1695303550468 -1.0 60000
1695303581658 -1.0 64000
1695303615398 -1.0 68000
1695303648130 -1.0 72000
1695303680801 -1.0 76000
1695303712550 -1.0 80000
1695303753753 -1.0 84000
1695303786261 -1.0 88000
1695303816990 -1.0 92000
1695303852697 -1.0 96000
1695303897889 -1.0 100000
1695303939952 -1.0 104000
1695303972686 -1.0 108000
1695304013216 -1.0 112000
1695304058394 -1.0 116000
1695304101595 -1.0 120000
1695304142359 -1.0 124000
1695304192099 -1.0 128000
1695304235779 -1.0 132000
1695304278892 -1.0 136000
1695304323147 -1.0 140000
1695304364751 -1.0 144000
1695304406633 -1.0 148000
1695304450499 -1.0 152000
1695304491962 -1.0 156000
1695304533323 -1.0 160000
1695304577765 -1.0 164000
1695304622921 -1.0 168000
1695304666398 -1.0 172000
1695304711502 -1.0 176000
1695304751083 -1.0 180000
1695304788792 -1.0 184000
1695304832592 -1.0 188000
1695304872711 -1.0 192000
1695304909433 -1.0 196000
1695304945288 -1.0 200000
1695304982374 -1.0 204000
1695305025055 -1.0 208000
1695305061281 -1.0 212000
1695305097744 -1.0 216000
1695305135913 -1.0 220000
1695305173131 -1.0 224000
1695305208340 -1.0 228000
1695305242182 -1.0 232000
1695305273029 -1.0 236000
1695305303716 -1.0 240000
1695305335062 -1.0 244000
1695305365471 -1.0 248000
1695305395904 -1.0 252000
1695305426416 -1.0 256000
1695305457153 -1.0 260000
1695305487767 -1.0 264000
1695305518428 -1.0 268000
1695305548833 -1.0 272000
1695305579532 -1.0 276000
1695305610994 -1.0 280000
1695305641320 -1.0 284000
1695305672150 -1.0 288000
1695305702393 -1.0 292000
1695305733808 -1.0 296000
1695305763985 -1.0 300000
1695305794991 -1.0 304000
1695305825397 -1.0 308000
1695305856253 -1.0 312000
1695305886512 -1.0 316000
1695305917140 -1.0 320000
1695305947626 -1.0 324000
1695305978548 -1.0 328000
1695306008708 -1.0 332000
1695306039571 -1.0 336000
1695306070938 -1.0 340000
1695306101843 -1.0 344000
1695306132305 -1.0 348000
1695306162931 -1.0 352000
1695306193420 -1.0 356000
1695306224343 -1.0 360000
1695306254759 -1.0 364000
1695306287178 -1.0 368000
1695306318545 -1.0 372000
1695306351124 -1.0 376000
1695306382569 -1.0 380000
1695306417706 -1.0 384000
1695306452269 -1.0 388000
1695306486512 -1.0 392000
1695306519957 -1.0 396000
1695306554135 -1.0 400000
1695306586137 -1.0 404000
1695306620842 -1.0 408000
1695306653733 -1.0 412000
1695306687432 -1.0 416000
1695306720515 -1.0 420000
1695306752987 -1.0 424000
1695306786139 -1.0 428000
1695306823460 -1.0 432000
1695306860263 -1.0 436000
1695306893608 -1.0 440000
1695306927087 -1.0 444000
1695306961159 -1.0 448000
1695306995376 -1.0 452000
1695307028979 -1.0 456000
1695307061219 -1.0 460000
1695307093434 -1.0 464000
1695307128246 -1.0 468000
1695307160968 -1.0 472000
1695307193796 -1.0 476000
1695307226954 -1.0 480000
1695307261363 -1.0 484000
1695307295830 -1.0 488000
1695307328624 -1.0 492000
1695307362255 -1.0 496000
1695307398596 -1.0 500000
1695307433841 -1.0 504000
1695307466879 -1.0 508000
1695307502376 -1.0 512000
1695307540941 -1.0 516000
1695307575828 -1.0 520000
1695307615260 -1.0 524000
1695307652974 -1.0 528000
1695307689044 -1.0 532000
1695307724814 -1.0 536000
1695307759442 -1.0 540000
1695307803700 -1.0 544000
1695307846270 -1.0 548000
1695307880755 -1.0 552000
1695307919680 -1.0 556000
1695307956854 -1.0 560000
1695307994924 -1.0 564000
1695308028077 -1.0 568000
1695308062950 -1.0 572000
1695308098151 -1.0 576000
1695308132170 -1.0 580000
1695308167277 -1.0 584000
1695308204669 -1.0 588000
1695308240280 -1.0 592000
1695308275330 -1.0 596000
1695308317695 -1.0 600000
1695308353464 -1.0 604000
1695308394822 -1.0 608000
1695308433182 -1.0 612000
1695308469814 -1.0 616000
1695308516245 -1.0 620000
1695308552822 -1.0 624000
1695308590007 -1.0 628000
1695308629788 -1.0 632000
1695308665854 -1.0 636000
1695308704027 -1.0 640000
1695308741090 -1.0 644000
1695308776502 -1.0 648000
1695308813183 -1.0 652000
1695308854565 -1.0 656000
1695308889220 -1.0 660000
1695308922316 -1.0 664000
1695308955691 -1.0 668000
1695308990709 -1.0 672000
1695309025648 -1.0 676000
1695309064345 -1.0 680000
1695309102504 -1.0 684000
1695309138119 -1.0 688000
1695309173230 -1.0 692000
1695309207244 -1.0 696000
1695309241661 -1.0 700000
1695309278172 -1.0 704000
1695309314323 -1.0 708000
1695309350780 -1.0 712000
1695309387632 -1.0 716000
1695309422342 -1.0 720000
1695309457186 -1.0 724000
1695309489575 -1.0 728000
1695309522346 -1.0 732000
1695309555523 -1.0 736000
1695309590384 -1.0 740000
1695309624643 -1.0 744000
1695309658613 -1.0 748000
1695309692403 -1.0 752000
1695309730509 -1.0 756000
1695309765053 -1.0 760000
1695309797540 -1.0 764000
1695309829899 -1.0 768000
1695309863466 -1.0 772000
1695309897375 -1.0 776000
1695309932738 -1.0 780000
1695309970005 -1.0 784000
1695310015891 -1.0 788000
1695310052631 -1.0 792000
1695310087805 -1.0 796000
1695310125709 -1.0 800000
1695310160810 -1.0 804000
1695310197809 -1.0 808000
1695310240400 -1.0 812000
1695310277620 -1.0 816000
1695310312730 -1.0 820000
1695310348373 -1.0 824000
1695310386717 -1.0 828000
1695310421555 -1.0 832000
1695310455224 -1.0 836000
1695310494062 -1.0 840000
1695310538760 -1.0 844000
1695310575994 -1.0 848000
1695310616939 -1.0 852000
1695310655510 -1.0 856000
1695310690374 -1.0 860000
1695310724089 -1.0 864000
1695310758977 -1.0 868000
