1695303109752 0.0 4000
1695303138439 0.0 8000
1695303167574 0.0 12000
1695303196347 0.0 16000
1695303230416 0.0 20000
1695303262738 0.0 24000
1695303295883 0.0 28000
1695303328715 0.0 32000
1695303360609 0.0 36000
1695303392736 0.0 40000
1695303425100 0.0 44000
1695303456289 0.0 48000
1695303488012 0.0 52000
1695303518756 0.0 56000
1695303550467 0.0 60000
1695303581658 0.0 64000
1695303615397 0.0 68000
1695303648129 0.0 72000
1695303680800 0.0 76000
1695303712549 0.0 80000
1695303753752 0.0 84000
1695303786260 0.0 88000
1695303816989 0.0 92000
1695303852696 0.0 96000
1695303897888 0.0 100000
1695303939951 0.0 104000
1695303972685 0.0 108000
1695304013215 0.0 112000
1695304058393 0.0 116000
1695304101594 0.0 120000
1695304142358 0.0 124000
1695304192098 0.0 128000
1695304235778 0.0 132000
1695304278891 0.0 136000
1695304323146 0.0 140000
1695304364750 0.0 144000
1695304406631 0.0 148000
1695304450498 0.0 152000
1695304491961 0.0 156000
1695304533322 0.0 160000
1695304577764 0.0 164000
1695304622920 0.0 168000
1695304666397 0.0 172000
1695304711501 0.0 176000
1695304751082 0.0 180000
1695304788791 0.0 184000
1695304832591 0.0 188000
1695304872710 0.0 192000
1695304909432 0.0 196000
1695304945287 0.0 200000
1695304982374 0.0 204000
1695305025055 0.0 208000
1695305061281 0.0 212000
1695305097743 0.0 216000
1695305135912 0.0 220000
1695305173130 0.0 224000
1695305208340 0.0 228000
1695305242181 0.0 232000
1695305273028 0.0 236000
1695305303715 0.0 240000
1695305335062 0.0 244000
1695305365471 0.0 248000
1695305395903 0.0 252000
1695305426416 0.0 256000
1695305457152 0.0 260000
1695305487766 0.0 264000
1695305518427 0.0 268000
1695305548832 0.0 272000
1695305579531 0.0 276000
1695305610993 0.0 280000
1695305641319 0.0 284000
1695305672150 0.0 288000
1695305702392 0.0 292000
1695305733807 0.0 296000
1695305763984 0.0 300000
1695305794990 0.0 304000
1695305825396 0.0 308000
1695305856252 0.0 312000
1695305886511 0.0 316000
1695305917139 0.0 320000
1695305947626 0.0 324000
1695305978548 0.0 328000
1695306008707 0.0 332000
1695306039570 0.0 336000
1695306070937 0.0 340000
1695306101842 0.0 344000
1695306132304 0.0 348000
1695306162930 0.0 352000
1695306193420 0.0 356000
1695306224342 0.0 360000
1695306254758 0.0 364000
1695306287177 0.0 368000
1695306318544 0.0 372000
1695306351123 0.0 376000
1695306382568 0.0 380000
1695306417706 0.0 384000
1695306452269 0.0 388000
1695306486511 0.0 392000
1695306519956 0.0 396000
1695306554134 0.0 400000
1695306586136 0.0 404000
1695306620842 0.0 408000
1695306653732 0.0 412000
1695306687431 0.0 416000
1695306720514 0.0 420000
1695306752986 0.0 424000
1695306786138 0.0 428000
1695306823459 0.0 432000
1695306860263 0.0 436000
1695306893607 0.0 440000
1695306927086 0.0 444000
1695306961158 0.0 448000
1695306995376 0.0 452000
1695307028978 0.0 456000
1695307061218 0.0 460000
1695307093433 0.0 464000
1695307128246 0.0 468000
1695307160967 0.0 472000
1695307193795 0.0 476000
1695307226953 0.0 480000
1695307261362 0.0 484000
1695307295829 0.0 488000
1695307328624 0.0 492000
1695307362255 0.0 496000
1695307398595 0.0 500000
1695307433840 0.0 504000
1695307466878 0.0 508000
1695307502375 0.0 512000
1695307540940 0.0 516000
1695307575827 0.0 520000
1695307615259 0.0 524000
1695307652974 0.0 528000
1695307689042 0.0 532000
1695307724814 0.0 536000
1695307759442 0.0 540000
1695307803699 0.0 544000
1695307846270 0.0 548000
1695307880754 0.0 552000
1695307919679 0.0 556000
1695307956853 0.0 560000
1695307994923 0.0 564000
1695308028076 0.0 568000
1695308062950 0.0 572000
1695308098151 0.0 576000
1695308132169 0.0 580000
1695308167276 0.0 584000
1695308204668 0.0 588000
1695308240280 0.0 592000
1695308275329 0.0 596000
1695308317694 0.0 600000
1695308353463 0.0 604000
1695308394821 0.0 608000
1695308433181 0.0 612000
1695308469813 0.0 616000
1695308516244 0.0 620000
1695308552821 0.0 624000
1695308590006 0.0 628000
1695308629788 0.0 632000
1695308665853 0.0 636000
1695308704026 0.0 640000
1695308741089 0.0 644000
1695308776501 0.0 648000
1695308813182 0.0 652000
1695308854564 0.0 656000
1695308889220 0.0 660000
1695308922315 0.0 664000
1695308955690 0.0 668000
1695308990708 0.0 672000
1695309025647 0.0 676000
1695309064344 0.0 680000
1695309102503 0.0 684000
1695309138118 0.0 688000
1695309173230 0.0 692000
1695309207243 0.0 696000
1695309241660 0.0 700000
1695309278171 0.0 704000
1695309314322 0.0 708000
1695309350779 0.0 712000
1695309387631 0.0 716000
1695309422341 0.0 720000
1695309457186 0.0 724000
1695309489574 0.0 728000
1695309522345 0.0 732000
1695309555522 0.0 736000
1695309590383 0.0 740000
1695309624642 0.0 744000
1695309658612 0.0 748000
1695309692402 0.0 752000
1695309730507 0.0 756000
1695309765052 0.0 760000
1695309797540 0.0 764000
1695309829898 0.0 768000
1695309863465 0.0 772000
1695309897374 0.0 776000
1695309932737 0.0 780000
1695309970005 0.0 784000
1695310015891 0.0 788000
1695310052630 0.0 792000
1695310087804 0.0 796000
1695310125708 0.0 800000
1695310160809 0.0 804000
1695310197808 0.0 808000
1695310240399 0.0 812000
1695310277620 0.0 816000
1695310312729 0.0 820000
1695310348372 0.0 824000
1695310386716 0.0 828000
1695310421554 0.0 832000
1695310455224 0.0 836000
1695310494061 0.0 840000
1695310538759 0.0 844000
1695310575993 0.0 848000
1695310616938 0.0 852000
1695310655510 0.0 856000
1695310690374 0.0 860000
1695310724089 0.0 864000
1695310758977 0.0 868000
