1695303109749 32.0 4000
1695303138436 32.0 8000
1695303167571 32.0 12000
1695303196343 32.0 16000
1695303230412 32.0 20000
1695303262735 32.0 24000
1695303295880 32.0 28000
1695303328712 32.0 32000
1695303360606 32.0 36000
1695303392733 32.0 40000
1695303425097 32.0 44000
1695303456286 32.0 48000
1695303488009 32.0 52000
1695303518752 32.0 56000
1695303550464 32.0 60000
1695303581655 32.0 64000
1695303615394 32.0 68000
1695303648126 32.0 72000
1695303680797 32.0 76000
1695303712546 32.0 80000
1695303753749 32.0 84000
1695303786258 32.0 88000
1695303816986 32.0 92000
1695303852692 32.0 96000
1695303897884 32.0 100000
1695303939948 32.0 104000
1695303972680 32.0 108000
1695304013212 32.0 112000
1695304058389 32.0 116000
1695304101589 32.0 120000
1695304142354 32.0 124000
1695304192094 32.0 128000
1695304235774 32.0 132000
1695304278887 32.0 136000
1695304323142 32.0 140000
1695304364747 32.0 144000
1695304406625 32.0 148000
1695304450494 32.0 152000
1695304491958 32.0 156000
1695304533318 32.0 160000
1695304577761 32.0 164000
1695304622916 32.0 168000
1695304666393 32.0 172000
1695304711498 32.0 176000
1695304751078 32.0 180000
1695304788788 32.0 184000
1695304832588 32.0 188000
1695304872707 32.0 192000
1695304909429 32.0 196000
1695304945284 32.0 200000
1695304982370 32.0 204000
1695305025051 32.0 208000
1695305061277 32.0 212000
1695305097739 32.0 216000
1695305135908 32.0 220000
1695305173127 32.0 224000
1695305208336 32.0 228000
1695305242178 32.0 232000
1695305273025 32.0 236000
1695305303712 32.0 240000
1695305335059 32.0 244000
1695305365468 32.0 248000
1695305395900 32.0 252000
1695305426413 32.0 256000
1695305457149 32.0 260000
1695305487763 32.0 264000
1695305518425 32.0 268000
1695305548829 32.0 272000
1695305579529 32.0 276000
1695305610990 32.0 280000
1695305641316 32.0 284000
1695305672147 32.0 288000
1695305702390 32.0 292000
1695305733804 32.0 296000
1695305763981 32.0 300000
1695305794988 32.0 304000
1695305825393 32.0 308000
1695305856249 32.0 312000
1695305886509 32.0 316000
1695305917136 32.0 320000
1695305947623 32.0 324000
1695305978545 32.0 328000
1695306008704 32.0 332000
1695306039567 32.0 336000
1695306070935 32.0 340000
1695306101839 32.0 344000
1695306132301 32.0 348000
1695306162928 32.0 352000
1695306193417 32.0 356000
1695306224339 32.0 360000
1695306254755 32.0 364000
1695306287174 32.0 368000
1695306318542 32.0 372000
1695306351120 32.0 376000
1695306382566 32.0 380000
1695306417702 32.0 384000
1695306452266 32.0 388000
1695306486508 32.0 392000
1695306519954 32.0 396000
1695306554131 32.0 400000
1695306586133 32.0 404000
1695306620838 32.0 408000
1695306653729 32.0 412000
1695306687428 32.0 416000
1695306720511 32.0 420000
1695306752983 32.0 424000
1695306786135 32.0 428000
1695306823456 32.0 432000
1695306860259 32.0 436000
1695306893604 32.0 440000
1695306927083 32.0 444000
1695306961155 32.0 448000
1695306995373 32.0 452000
1695307028975 32.0 456000
1695307061215 32.0 460000
1695307093430 32.0 464000
1695307128243 32.0 468000
1695307160964 32.0 472000
1695307193793 32.0 476000
1695307226950 32.0 480000
1695307261359 32.0 484000
1695307295827 32.0 488000
1695307328621 32.0 492000
1695307362252 32.0 496000
1695307398592 32.0 500000
1695307433837 32.0 504000
1695307466875 32.0 508000
1695307502371 32.0 512000
1695307540937 32.0 516000
1695307575824 32.0 520000
1695307615255 32.0 524000
1695307652971 32.0 528000
1695307689037 32.0 532000
1695307724811 32.0 536000
1695307759439 32.0 540000
1695307803696 32.0 544000
1695307846267 32.0 548000
1695307880751 32.0 552000
1695307919676 32.0 556000
1695307956850 32.0 560000
1695307994920 32.0 564000
1695308028073 32.0 568000
1695308062946 32.0 572000
1695308098148 32.0 576000
1695308132165 32.0 580000
1695308167273 32.0 584000
1695308204664 32.0 588000
1695308240277 32.0 592000
1695308275325 32.0 596000
1695308317690 32.0 600000
1695308353460 32.0 604000
1695308394817 32.0 608000
1695308433178 32.0 612000
1695308469809 32.0 616000
1695308516241 32.0 620000
1695308552818 32.0 624000
1695308590003 32.0 628000
1695308629784 32.0 632000
1695308665848 32.0 636000
1695308704022 32.0 640000
1695308741086 32.0 644000
1695308776498 32.0 648000
1695308813178 32.0 652000
1695308854561 32.0 656000
1695308889217 32.0 660000
1695308922312 32.0 664000
1695308955687 32.0 668000
1695308990705 32.0 672000
1695309025643 32.0 676000
1695309064340 32.0 680000
1695309102500 32.0 684000
1695309138115 32.0 688000
1695309173227 32.0 692000
1695309207240 32.0 696000
1695309241657 32.0 700000
1695309278168 32.0 704000
1695309314318 32.0 708000
1695309350776 32.0 712000
1695309387628 32.0 716000
1695309422338 32.0 720000
1695309457183 32.0 724000
1695309489571 32.0 728000
1695309522342 32.0 732000
1695309555519 32.0 736000
1695309590380 32.0 740000
1695309624639 32.0 744000
1695309658609 32.0 748000
1695309692399 32.0 752000
1695309730501 32.0 756000
1695309765049 32.0 760000
1695309797537 32.0 764000
1695309829895 32.0 768000
1695309863462 32.0 772000
1695309897371 32.0 776000
1695309932734 32.0 780000
1695309970001 32.0 784000
1695310015888 32.0 788000
1695310052627 32.0 792000
1695310087801 32.0 796000
1695310125705 32.0 800000
1695310160806 32.0 804000
1695310197804 32.0 808000
1695310240395 32.0 812000
1695310277617 32.0 816000
1695310312726 32.0 820000
1695310348369 32.0 824000
1695310386712 32.0 828000
1695310421552 32.0 832000
1695310455220 32.0 836000
1695310494058 32.0 840000
1695310538756 32.0 844000
1695310575990 32.0 848000
1695310616932 32.0 852000
1695310655507 32.0 856000
1695310690371 32.0 860000
1695310724086 32.0 864000
1695310758974 32.0 868000
