1695303109746 1.0 4000
1695303138434 1.0 8000
1695303167569 1.0 12000
1695303196341 1.0 16000
1695303230410 1.0 20000
1695303262733 1.0 24000
1695303295878 1.0 28000
1695303328710 1.0 32000
1695303360604 1.0 36000
1695303392731 1.0 40000
1695303425095 1.0 44000
1695303456284 1.0 48000
1695303488007 1.0 52000
1695303518750 1.0 56000
1695303550462 1.0 60000
1695303581653 1.0 64000
1695303615392 1.0 68000
1695303648124 1.0 72000
1695303680795 1.0 76000
1695303712544 1.0 80000
1695303753747 1.0 84000
1695303786255 1.0 88000
1695303816984 1.0 92000
1695303852689 1.0 96000
1695303897880 1.0 100000
1695303939946 1.0 104000
1695303972676 1.0 108000
1695304013209 1.0 112000
1695304058386 1.0 116000
1695304101586 1.0 120000
1695304142350 1.0 124000
1695304192090 1.0 128000
1695304235771 1.0 132000
1695304278884 1.0 136000
1695304323139 1.0 140000
1695304364744 1.0 144000
1695304406622 1.0 148000
1695304450491 1.0 152000
1695304491955 1.0 156000
1695304533316 1.0 160000
1695304577758 1.0 164000
1695304622913 1.0 168000
1695304666391 1.0 172000
1695304711496 1.0 176000
1695304751076 1.0 180000
1695304788785 1.0 184000
1695304832586 1.0 188000
1695304872704 1.0 192000
1695304909426 1.0 196000
1695304945281 1.0 200000
1695304982368 1.0 204000
1695305025048 1.0 208000
1695305061275 1.0 212000
1695305097737 1.0 216000
1695305135906 1.0 220000
1695305173124 1.0 224000
1695305208334 1.0 228000
1695305242176 1.0 232000
1695305273023 1.0 236000
1695305303710 1.0 240000
1695305335057 1.0 244000
1695305365465 1.0 248000
1695305395898 1.0 252000
1695305426410 1.0 256000
1695305457147 1.0 260000
1695305487761 1.0 264000
1695305518423 1.0 268000
1695305548826 1.0 272000
1695305579527 1.0 276000
1695305610988 1.0 280000
1695305641314 1.0 284000
1695305672145 1.0 288000
1695305702387 1.0 292000
1695305733802 1.0 296000
1695305763979 1.0 300000
1695305794986 1.0 304000
1695305825391 1.0 308000
1695305856247 1.0 312000
1695305886507 1.0 316000
1695305917134 1.0 320000
1695305947621 1.0 324000
1695305978543 1.0 328000
1695306008702 1.0 332000
1695306039565 1.0 336000
1695306070932 1.0 340000
1695306101837 1.0 344000
1695306132299 1.0 348000
1695306162926 1.0 352000
1695306193415 1.0 356000
1695306224337 1.0 360000
1695306254753 1.0 364000
1695306287172 1.0 368000
1695306318539 1.0 372000
1695306351118 1.0 376000
1695306382564 1.0 380000
1695306417700 1.0 384000
1695306452263 1.0 388000
1695306486506 1.0 392000
1695306519952 1.0 396000
1695306554128 1.0 400000
1695306586131 1.0 404000
1695306620836 1.0 408000
1695306653727 1.0 412000
1695306687426 1.0 416000
1695306720509 1.0 420000
1695306752981 1.0 424000
1695306786132 1.0 428000
1695306823453 1.0 432000
1695306860257 1.0 436000
1695306893602 1.0 440000
1695306927080 1.0 444000
1695306961153 1.0 448000
1695306995371 1.0 452000
1695307028973 1.0 456000
1695307061213 1.0 460000
1695307093427 1.0 464000
1695307128240 1.0 468000
1695307160961 1.0 472000
1695307193790 1.0 476000
1695307226947 1.0 480000
1695307261357 1.0 484000
1695307295825 1.0 488000
1695307328619 1.0 492000
1695307362249 1.0 496000
1695307398589 1.0 500000
1695307433835 1.0 504000
1695307466872 1.0 508000
1695307502369 1.0 512000
1695307540934 1.0 516000
1695307575821 1.0 520000
1695307615252 1.0 524000
1695307652969 1.0 528000
1695307689034 1.0 532000
1695307724808 1.0 536000
1695307759437 1.0 540000
1695307803693 1.0 544000
1695307846265 1.0 548000
1695307880748 1.0 552000
1695307919674 1.0 556000
1695307956847 1.0 560000
1695307994918 1.0 564000
1695308028071 1.0 568000
1695308062944 1.0 572000
1695308098146 1.0 576000
1695308132163 1.0 580000
1695308167271 1.0 584000
1695308204662 1.0 588000
1695308240274 1.0 592000
1695308275323 1.0 596000
1695308317688 1.0 600000
1695308353457 1.0 604000
1695308394815 1.0 608000
1695308433176 1.0 612000
1695308469807 1.0 616000
1695308516238 1.0 620000
1695308552815 1.0 624000
1695308590000 1.0 628000
1695308629782 1.0 632000
1695308665845 1.0 636000
1695308704020 1.0 640000
1695308741084 1.0 644000
1695308776495 1.0 648000
1695308813175 1.0 652000
1695308854559 1.0 656000
1695308889214 1.0 660000
1695308922310 1.0 664000
1695308955684 1.0 668000
1695308990702 1.0 672000
1695309025640 1.0 676000
1695309064337 1.0 680000
1695309102498 1.0 684000
1695309138112 1.0 688000
1695309173224 1.0 692000
1695309207237 1.0 696000
1695309241655 1.0 700000
1695309278166 1.0 704000
1695309314315 1.0 708000
1695309350774 1.0 712000
1695309387626 1.0 716000
1695309422336 1.0 720000
1695309457180 1.0 724000
1695309489569 1.0 728000
1695309522340 1.0 732000
1695309555517 1.0 736000
1695309590378 1.0 740000
1695309624636 1.0 744000
1695309658607 1.0 748000
1695309692397 1.0 752000
1695309730497 1.0 756000
1695309765047 1.0 760000
1695309797535 1.0 764000
1695309829893 1.0 768000
1695309863460 1.0 772000
1695309897368 1.0 776000
1695309932732 1.0 780000
1695309969999 1.0 784000
1695310015885 1.0 788000
1695310052625 1.0 792000
1695310087798 1.0 796000
1695310125702 1.0 800000
1695310160804 1.0 804000
1695310197802 1.0 808000
1695310240393 1.0 812000
1695310277614 1.0 816000
1695310312724 1.0 820000
1695310348367 1.0 824000
1695310386709 1.0 828000
1695310421549 1.0 832000
1695310455218 1.0 836000
1695310494055 1.0 840000
1695310538754 1.0 844000
1695310575987 1.0 848000
1695310616929 1.0 852000
1695310655505 1.0 856000
1695310690368 1.0 860000
1695310724083 1.0 864000
1695310758972 1.0 868000
