1695303109747 1.0 4000
1695303138434 1.0 8000
1695303167569 1.0 12000
1695303196342 1.0 16000
1695303230411 1.0 20000
1695303262733 1.0 24000
1695303295878 1.0 28000
1695303328711 1.0 32000
1695303360604 1.0 36000
1695303392731 1.0 40000
1695303425096 1.0 44000
1695303456284 1.0 48000
1695303488008 1.0 52000
1695303518751 1.0 56000
1695303550463 1.0 60000
1695303581653 1.0 64000
1695303615392 1.0 68000
1695303648125 1.0 72000
1695303680796 1.0 76000
1695303712545 1.0 80000
1695303753747 1.0 84000
1695303786256 1.0 88000
1695303816985 1.0 92000
1695303852691 1.0 96000
1695303897881 1.0 100000
1695303939947 1.0 104000
1695303972677 1.0 108000
1695304013210 1.0 112000
1695304058387 1.0 116000
1695304101587 1.0 120000
1695304142352 1.0 124000
1695304192092 1.0 128000
1695304235772 1.0 132000
1695304278885 1.0 136000
1695304323140 1.0 140000
1695304364745 1.0 144000
1695304406623 1.0 148000
1695304450492 1.0 152000
1695304491956 1.0 156000
1695304533317 1.0 160000
1695304577759 1.0 164000
1695304622914 1.0 168000
1695304666392 1.0 172000
1695304711497 1.0 176000
1695304751077 1.0 180000
1695304788786 1.0 184000
1695304832586 1.0 188000
1695304872705 1.0 192000
1695304909427 1.0 196000
1695304945282 1.0 200000
1695304982368 1.0 204000
1695305025049 1.0 208000
1695305061276 1.0 212000
1695305097738 1.0 216000
1695305135907 1.0 220000
1695305173125 1.0 224000
1695305208335 1.0 228000
1695305242177 1.0 232000
1695305273024 1.0 236000
1695305303710 1.0 240000
1695305335058 1.0 244000
1695305365466 1.0 248000
1695305395899 1.0 252000
1695305426411 1.0 256000
1695305457148 1.0 260000
1695305487762 1.0 264000
1695305518423 1.0 268000
1695305548827 1.0 272000
1695305579528 1.0 276000
1695305610989 1.0 280000
1695305641315 1.0 284000
1695305672146 1.0 288000
1695305702388 1.0 292000
1695305733803 1.0 296000
1695305763980 1.0 300000
1695305794986 1.0 304000
1695305825392 1.0 308000
1695305856248 1.0 312000
1695305886507 1.0 316000
1695305917135 1.0 320000
1695305947621 1.0 324000
1695305978544 1.0 328000
1695306008703 1.0 332000
1695306039566 1.0 336000
1695306070933 1.0 340000
1695306101838 1.0 344000
1695306132300 1.0 348000
1695306162926 1.0 352000
1695306193416 1.0 356000
1695306224338 1.0 360000
1695306254754 1.0 364000
1695306287173 1.0 368000
1695306318540 1.0 372000
1695306351119 1.0 376000
1695306382564 1.0 380000
1695306417701 1.0 384000
1695306452264 1.0 388000
1695306486506 1.0 392000
1695306519952 1.0 396000
1695306554129 1.0 400000
1695306586131 1.0 404000
1695306620837 1.0 408000
1695306653728 1.0 412000
1695306687426 1.0 416000
1695306720510 1.0 420000
1695306752982 1.0 424000
1695306786133 1.0 428000
1695306823454 1.0 432000
1695306860258 1.0 436000
1695306893603 1.0 440000
1695306927081 1.0 444000
1695306961154 1.0 448000
1695306995371 1.0 452000
1695307028974 1.0 456000
1695307061213 1.0 460000
1695307093428 1.0 464000
1695307128241 1.0 468000
1695307160962 1.0 472000
1695307193791 1.0 476000
1695307226948 1.0 480000
1695307261358 1.0 484000
1695307295825 1.0 488000
1695307328619 1.0 492000
1695307362250 1.0 496000
1695307398590 1.0 500000
1695307433836 1.0 504000
1695307466873 1.0 508000
1695307502369 1.0 512000
1695307540935 1.0 516000
1695307575822 1.0 520000
1695307615253 1.0 524000
1695307652969 1.0 528000
1695307689035 1.0 532000
1695307724809 1.0 536000
1695307759437 1.0 540000
1695307803694 1.0 544000
1695307846265 1.0 548000
1695307880749 1.0 552000
1695307919674 1.0 556000
1695307956848 1.0 560000
1695307994919 1.0 564000
1695308028072 1.0 568000
1695308062945 1.0 572000
1695308098146 1.0 576000
1695308132164 1.0 580000
1695308167272 1.0 584000
1695308204663 1.0 588000
1695308240275 1.0 592000
1695308275324 1.0 596000
1695308317689 1.0 600000
1695308353458 1.0 604000
1695308394816 1.0 608000
1695308433177 1.0 612000
1695308469808 1.0 616000
1695308516239 1.0 620000
1695308552816 1.0 624000
1695308590001 1.0 628000
1695308629783 1.0 632000
1695308665846 1.0 636000
1695308704021 1.0 640000
1695308741085 1.0 644000
1695308776496 1.0 648000
1695308813176 1.0 652000
1695308854560 1.0 656000
1695308889215 1.0 660000
1695308922311 1.0 664000
1695308955685 1.0 668000
1695308990703 1.0 672000
1695309025641 1.0 676000
1695309064338 1.0 680000
1695309102499 1.0 684000
1695309138113 1.0 688000
1695309173225 1.0 692000
1695309207238 1.0 696000
1695309241656 1.0 700000
1695309278166 1.0 704000
1695309314316 1.0 708000
1695309350775 1.0 712000
1695309387627 1.0 716000
1695309422337 1.0 720000
1695309457181 1.0 724000
1695309489570 1.0 728000
1695309522341 1.0 732000
1695309555518 1.0 736000
1695309590379 1.0 740000
1695309624637 1.0 744000
1695309658607 1.0 748000
1695309692398 1.0 752000
1695309730499 1.0 756000
1695309765048 1.0 760000
1695309797535 1.0 764000
1695309829893 1.0 768000
1695309863461 1.0 772000
1695309897369 1.0 776000
1695309932733 1.0 780000
1695309970000 1.0 784000
1695310015886 1.0 788000
1695310052626 1.0 792000
1695310087799 1.0 796000
1695310125703 1.0 800000
1695310160805 1.0 804000
1695310197803 1.0 808000
1695310240394 1.0 812000
1695310277615 1.0 816000
1695310312724 1.0 820000
1695310348367 1.0 824000
1695310386710 1.0 828000
1695310421550 1.0 832000
1695310455219 1.0 836000
1695310494056 1.0 840000
1695310538754 1.0 844000
1695310575988 1.0 848000
1695310616930 1.0 852000
1695310655505 1.0 856000
1695310690369 1.0 860000
1695310724084 1.0 864000
1695310758972 1.0 868000
