1695303109747 32.0 4000
1695303138435 32.0 8000
1695303167570 32.0 12000
1695303196342 32.0 16000
1695303230411 32.0 20000
1695303262734 32.0 24000
1695303295879 32.0 28000
1695303328711 32.0 32000
1695303360605 32.0 36000
1695303392732 32.0 40000
1695303425096 32.0 44000
1695303456285 32.0 48000
1695303488008 32.0 52000
1695303518751 32.0 56000
1695303550463 32.0 60000
1695303581654 32.0 64000
1695303615393 32.0 68000
1695303648125 32.0 72000
1695303680796 32.0 76000
1695303712545 32.0 80000
1695303753748 32.0 84000
1695303786257 32.0 88000
1695303816985 32.0 92000
1695303852691 32.0 96000
1695303897882 32.0 100000
1695303939947 32.0 104000
1695303972678 32.0 108000
1695304013210 32.0 112000
1695304058387 32.0 116000
1695304101587 32.0 120000
1695304142353 32.0 124000
1695304192092 32.0 128000
1695304235773 32.0 132000
1695304278885 32.0 136000
1695304323140 32.0 140000
1695304364745 32.0 144000
1695304406624 32.0 148000
1695304450493 32.0 152000
1695304491956 32.0 156000
1695304533317 32.0 160000
1695304577759 32.0 164000
1695304622914 32.0 168000
1695304666392 32.0 172000
1695304711497 32.0 176000
1695304751077 32.0 180000
1695304788786 32.0 184000
1695304832587 32.0 188000
1695304872706 32.0 192000
1695304909427 32.0 196000
1695304945282 32.0 200000
1695304982369 32.0 204000
1695305025049 32.0 208000
1695305061276 32.0 212000
1695305097738 32.0 216000
1695305135907 32.0 220000
1695305173126 32.0 224000
1695305208335 32.0 228000
1695305242177 32.0 232000
1695305273024 32.0 236000
1695305303711 32.0 240000
1695305335058 32.0 244000
1695305365467 32.0 248000
1695305395899 32.0 252000
1695305426412 32.0 256000
1695305457148 32.0 260000
1695305487762 32.0 264000
1695305518424 32.0 268000
1695305548828 32.0 272000
1695305579528 32.0 276000
1695305610989 32.0 280000
1695305641315 32.0 284000
1695305672146 32.0 288000
1695305702388 32.0 292000
1695305733803 32.0 296000
1695305763980 32.0 300000
1695305794987 32.0 304000
1695305825392 32.0 308000
1695305856248 32.0 312000
1695305886508 32.0 316000
1695305917135 32.0 320000
1695305947622 32.0 324000
1695305978544 32.0 328000
1695306008703 32.0 332000
1695306039566 32.0 336000
1695306070933 32.0 340000
1695306101838 32.0 344000
1695306132300 32.0 348000
1695306162927 32.0 352000
1695306193416 32.0 356000
1695306224338 32.0 360000
1695306254754 32.0 364000
1695306287173 32.0 368000
1695306318540 32.0 372000
1695306351119 32.0 376000
1695306382565 32.0 380000
1695306417701 32.0 384000
1695306452265 32.0 388000
1695306486507 32.0 392000
1695306519953 32.0 396000
1695306554129 32.0 400000
1695306586132 32.0 404000
1695306620837 32.0 408000
1695306653728 32.0 412000
1695306687427 32.0 416000
1695306720510 32.0 420000
1695306752982 32.0 424000
1695306786134 32.0 428000
1695306823454 32.0 432000
1695306860258 32.0 436000
1695306893603 32.0 440000
1695306927081 32.0 444000
1695306961154 32.0 448000
1695306995372 32.0 452000
1695307028974 32.0 456000
1695307061214 32.0 460000
1695307093429 32.0 464000
1695307128241 32.0 468000
1695307160962 32.0 472000
1695307193791 32.0 476000
1695307226948 32.0 480000
1695307261358 32.0 484000
1695307295826 32.0 488000
1695307328620 32.0 492000
1695307362250 32.0 496000
1695307398590 32.0 500000
1695307433836 32.0 504000
1695307466873 32.0 508000
1695307502370 32.0 512000
1695307540936 32.0 516000
1695307575823 32.0 520000
1695307615254 32.0 524000
1695307652970 32.0 528000
1695307689035 32.0 532000
1695307724809 32.0 536000
1695307759438 32.0 540000
1695307803694 32.0 544000
1695307846266 32.0 548000
1695307880749 32.0 552000
1695307919675 32.0 556000
1695307956848 32.0 560000
1695307994919 32.0 564000
1695308028072 32.0 568000
1695308062945 32.0 572000
1695308098147 32.0 576000
1695308132164 32.0 580000
1695308167272 32.0 584000
1695308204663 32.0 588000
1695308240276 32.0 592000
1695308275324 32.0 596000
1695308317689 32.0 600000
1695308353459 32.0 604000
1695308394816 32.0 608000
1695308433177 32.0 612000
1695308469808 32.0 616000
1695308516240 32.0 620000
1695308552816 32.0 624000
1695308590002 32.0 628000
1695308629783 32.0 632000
1695308665847 32.0 636000
1695308704021 32.0 640000
1695308741085 32.0 644000
1695308776497 32.0 648000
1695308813177 32.0 652000
1695308854560 32.0 656000
1695308889216 32.0 660000
1695308922311 32.0 664000
1695308955686 32.0 668000
1695308990703 32.0 672000
1695309025641 32.0 676000
1695309064339 32.0 680000
1695309102499 32.0 684000
1695309138113 32.0 688000
1695309173226 32.0 692000
1695309207239 32.0 696000
1695309241656 32.0 700000
1695309278167 32.0 704000
1695309314317 32.0 708000
1695309350775 32.0 712000
1695309387627 32.0 716000
1695309422337 32.0 720000
1695309457182 32.0 724000
1695309489570 32.0 728000
1695309522341 32.0 732000
1695309555518 32.0 736000
1695309590379 32.0 740000
1695309624637 32.0 744000
1695309658608 32.0 748000
1695309692398 32.0 752000
1695309730499 32.0 756000
1695309765048 32.0 760000
1695309797536 32.0 764000
1695309829894 32.0 768000
1695309863461 32.0 772000
1695309897369 32.0 776000
1695309932733 32.0 780000
1695309970000 32.0 784000
1695310015887 32.0 788000
1695310052626 32.0 792000
1695310087800 32.0 796000
1695310125704 32.0 800000
1695310160805 32.0 804000
1695310197803 32.0 808000
1695310240394 32.0 812000
1695310277615 32.0 816000
1695310312725 32.0 820000
1695310348368 32.0 824000
1695310386711 32.0 828000
1695310421550 32.0 832000
1695310455219 32.0 836000
1695310494056 32.0 840000
1695310538755 32.0 844000
1695310575988 32.0 848000
1695310616931 32.0 852000
1695310655506 32.0 856000
1695310690369 32.0 860000
1695310724085 32.0 864000
1695310758973 32.0 868000
