1695303109747 64.0 4000
1695303138434 64.0 8000
1695303167569 64.0 12000
1695303196341 64.0 16000
1695303230410 64.0 20000
1695303262733 64.0 24000
1695303295878 64.0 28000
1695303328710 64.0 32000
1695303360604 64.0 36000
1695303392731 64.0 40000
1695303425095 64.0 44000
1695303456284 64.0 48000
1695303488008 64.0 52000
1695303518750 64.0 56000
1695303550463 64.0 60000
1695303581653 64.0 64000
1695303615392 64.0 68000
1695303648125 64.0 72000
1695303680795 64.0 76000
1695303712545 64.0 80000
1695303753747 64.0 84000
1695303786255 64.0 88000
1695303816985 64.0 92000
1695303852690 64.0 96000
1695303897880 64.0 100000
1695303939946 64.0 104000
1695303972676 64.0 108000
1695304013210 64.0 112000
1695304058386 64.0 116000
1695304101587 64.0 120000
1695304142351 64.0 124000
1695304192091 64.0 128000
1695304235772 64.0 132000
1695304278884 64.0 136000
1695304323139 64.0 140000
1695304364744 64.0 144000
1695304406623 64.0 148000
1695304450492 64.0 152000
1695304491955 64.0 156000
1695304533316 64.0 160000
1695304577758 64.0 164000
1695304622913 64.0 168000
1695304666391 64.0 172000
1695304711496 64.0 176000
1695304751076 64.0 180000
1695304788785 64.0 184000
1695304832586 64.0 188000
1695304872705 64.0 192000
1695304909427 64.0 196000
1695304945282 64.0 200000
1695304982368 64.0 204000
1695305025049 64.0 208000
1695305061275 64.0 212000
1695305097737 64.0 216000
1695305135906 64.0 220000
1695305173125 64.0 224000
1695305208334 64.0 228000
1695305242176 64.0 232000
1695305273023 64.0 236000
1695305303710 64.0 240000
1695305335057 64.0 244000
1695305365466 64.0 248000
1695305395899 64.0 252000
1695305426411 64.0 256000
1695305457147 64.0 260000
1695305487762 64.0 264000
1695305518423 64.0 268000
1695305548827 64.0 272000
1695305579527 64.0 276000
1695305610988 64.0 280000
1695305641314 64.0 284000
1695305672145 64.0 288000
1695305702388 64.0 292000
1695305733803 64.0 296000
1695305763979 64.0 300000
1695305794986 64.0 304000
1695305825392 64.0 308000
1695305856247 64.0 312000
1695305886507 64.0 316000
1695305917134 64.0 320000
1695305947621 64.0 324000
1695305978543 64.0 328000
1695306008703 64.0 332000
1695306039565 64.0 336000
1695306070932 64.0 340000
1695306101837 64.0 344000
1695306132300 64.0 348000
1695306162926 64.0 352000
1695306193415 64.0 356000
1695306224338 64.0 360000
1695306254753 64.0 364000
1695306287173 64.0 368000
1695306318540 64.0 372000
1695306351119 64.0 376000
1695306382564 64.0 380000
1695306417700 64.0 384000
1695306452264 64.0 388000
1695306486506 64.0 392000
1695306519952 64.0 396000
1695306554129 64.0 400000
1695306586131 64.0 404000
1695306620836 64.0 408000
1695306653728 64.0 412000
1695306687426 64.0 416000
1695306720509 64.0 420000
1695306752981 64.0 424000
1695306786133 64.0 428000
1695306823454 64.0 432000
1695306860257 64.0 436000
1695306893602 64.0 440000
1695306927080 64.0 444000
1695306961153 64.0 448000
1695306995371 64.0 452000
1695307028974 64.0 456000
1695307061213 64.0 460000
1695307093428 64.0 464000
1695307128241 64.0 468000
1695307160962 64.0 472000
1695307193791 64.0 476000
1695307226948 64.0 480000
1695307261357 64.0 484000
1695307295825 64.0 488000
1695307328619 64.0 492000
1695307362250 64.0 496000
1695307398589 64.0 500000
1695307433836 64.0 504000
1695307466873 64.0 508000
1695307502369 64.0 512000
1695307540935 64.0 516000
1695307575822 64.0 520000
1695307615253 64.0 524000
1695307652969 64.0 528000
1695307689034 64.0 532000
1695307724809 64.0 536000
1695307759437 64.0 540000
1695307803693 64.0 544000
1695307846265 64.0 548000
1695307880748 64.0 552000
1695307919674 64.0 556000
1695307956848 64.0 560000
1695307994918 64.0 564000
1695308028071 64.0 568000
1695308062945 64.0 572000
1695308098146 64.0 576000
1695308132163 64.0 580000
1695308167271 64.0 584000
1695308204662 64.0 588000
1695308240275 64.0 592000
1695308275323 64.0 596000
1695308317688 64.0 600000
1695308353458 64.0 604000
1695308394815 64.0 608000
1695308433177 64.0 612000
1695308469807 64.0 616000
1695308516239 64.0 620000
1695308552816 64.0 624000
1695308590001 64.0 628000
1695308629782 64.0 632000
1695308665846 64.0 636000
1695308704020 64.0 640000
1695308741084 64.0 644000
1695308776496 64.0 648000
1695308813176 64.0 652000
1695308854560 64.0 656000
1695308889215 64.0 660000
1695308922310 64.0 664000
1695308955685 64.0 668000
1695308990703 64.0 672000
1695309025641 64.0 676000
1695309064338 64.0 680000
1695309102498 64.0 684000
1695309138113 64.0 688000
1695309173225 64.0 692000
1695309207238 64.0 696000
1695309241655 64.0 700000
1695309278166 64.0 704000
1695309314316 64.0 708000
1695309350774 64.0 712000
1695309387626 64.0 716000
1695309422336 64.0 720000
1695309457181 64.0 724000
1695309489570 64.0 728000
1695309522340 64.0 732000
1695309555517 64.0 736000
1695309590378 64.0 740000
1695309624637 64.0 744000
1695309658607 64.0 748000
1695309692397 64.0 752000
1695309730498 64.0 756000
1695309765047 64.0 760000
1695309797535 64.0 764000
1695309829893 64.0 768000
1695309863460 64.0 772000
1695309897368 64.0 776000
1695309932732 64.0 780000
1695309969999 64.0 784000
1695310015886 64.0 788000
1695310052625 64.0 792000
1695310087799 64.0 796000
1695310125703 64.0 800000
1695310160804 64.0 804000
1695310197802 64.0 808000
1695310240393 64.0 812000
1695310277615 64.0 816000
1695310312724 64.0 820000
1695310348367 64.0 824000
1695310386710 64.0 828000
1695310421550 64.0 832000
1695310455218 64.0 836000
1695310494056 64.0 840000
1695310538754 64.0 844000
1695310575987 64.0 848000
1695310616930 64.0 852000
1695310655505 64.0 856000
1695310690369 64.0 860000
1695310724084 64.0 864000
1695310758972 64.0 868000
