1695303109749 0.0 4000
1695303138437 0.0 8000
1695303167572 0.0 12000
1695303196344 0.0 16000
1695303230413 0.0 20000
1695303262736 0.0 24000
1695303295881 0.0 28000
1695303328713 0.0 32000
1695303360607 0.0 36000
1695303392734 0.0 40000
1695303425098 0.0 44000
1695303456287 0.0 48000
1695303488010 0.0 52000
1695303518753 0.0 56000
1695303550465 0.0 60000
1695303581655 0.0 64000
1695303615395 0.0 68000
1695303648127 0.0 72000
1695303680798 0.0 76000
1695303712547 0.0 80000
1695303753750 0.0 84000
1695303786258 0.0 88000
1695303816987 0.0 92000
1695303852693 0.0 96000
1695303897885 0.0 100000
1695303939949 0.0 104000
1695303972681 0.0 108000
1695304013213 0.0 112000
1695304058390 0.0 116000
1695304101590 0.0 120000
1695304142355 0.0 124000
1695304192095 0.0 128000
1695304235775 0.0 132000
1695304278888 0.0 136000
1695304323143 0.0 140000
1695304364748 0.0 144000
1695304406627 0.0 148000
1695304450495 0.0 152000
1695304491959 0.0 156000
1695304533319 0.0 160000
1695304577762 0.0 164000
1695304622917 0.0 168000
1695304666394 0.0 172000
1695304711499 0.0 176000
1695304751079 0.0 180000
1695304788788 0.0 184000
1695304832589 0.0 188000
1695304872708 0.0 192000
1695304909429 0.0 196000
1695304945285 0.0 200000
1695304982371 0.0 204000
1695305025052 0.0 208000
1695305061278 0.0 212000
1695305097740 0.0 216000
1695305135909 0.0 220000
1695305173128 0.0 224000
1695305208337 0.0 228000
1695305242179 0.0 232000
1695305273026 0.0 236000
1695305303713 0.0 240000
1695305335060 0.0 244000
1695305365468 0.0 248000
1695305395901 0.0 252000
1695305426413 0.0 256000
1695305457150 0.0 260000
1695305487764 0.0 264000
1695305518425 0.0 268000
1695305548830 0.0 272000
1695305579529 0.0 276000
1695305610991 0.0 280000
1695305641317 0.0 284000
1695305672148 0.0 288000
1695305702390 0.0 292000
1695305733805 0.0 296000
1695305763982 0.0 300000
1695305794988 0.0 304000
1695305825394 0.0 308000
1695305856250 0.0 312000
1695305886509 0.0 316000
1695305917137 0.0 320000
1695305947623 0.0 324000
1695305978546 0.0 328000
1695306008705 0.0 332000
1695306039568 0.0 336000
1695306070935 0.0 340000
1695306101840 0.0 344000
1695306132302 0.0 348000
1695306162928 0.0 352000
1695306193418 0.0 356000
1695306224340 0.0 360000
1695306254756 0.0 364000
1695306287175 0.0 368000
1695306318542 0.0 372000
1695306351121 0.0 376000
1695306382566 0.0 380000
1695306417703 0.0 384000
1695306452266 0.0 388000
1695306486509 0.0 392000
1695306519954 0.0 396000
1695306554131 0.0 400000
1695306586134 0.0 404000
1695306620839 0.0 408000
1695306653730 0.0 412000
1695306687429 0.0 416000
1695306720512 0.0 420000
1695306752984 0.0 424000
1695306786136 0.0 428000
1695306823457 0.0 432000
1695306860260 0.0 436000
1695306893605 0.0 440000
1695306927083 0.0 444000
1695306961156 0.0 448000
1695306995373 0.0 452000
1695307028976 0.0 456000
1695307061216 0.0 460000
1695307093431 0.0 464000
1695307128243 0.0 468000
1695307160964 0.0 472000
1695307193793 0.0 476000
1695307226950 0.0 480000
1695307261360 0.0 484000
1695307295827 0.0 488000
1695307328622 0.0 492000
1695307362252 0.0 496000
1695307398592 0.0 500000
1695307433838 0.0 504000
1695307466875 0.0 508000
1695307502372 0.0 512000
1695307540938 0.0 516000
1695307575825 0.0 520000
1695307615256 0.0 524000
1695307652971 0.0 528000
1695307689039 0.0 532000
1695307724811 0.0 536000
1695307759440 0.0 540000
1695307803696 0.0 544000
1695307846268 0.0 548000
1695307880751 0.0 552000
1695307919677 0.0 556000
1695307956851 0.0 560000
1695307994921 0.0 564000
1695308028074 0.0 568000
1695308062947 0.0 572000
1695308098149 0.0 576000
1695308132166 0.0 580000
1695308167274 0.0 584000
1695308204665 0.0 588000
1695308240277 0.0 592000
1695308275326 0.0 596000
1695308317691 0.0 600000
1695308353461 0.0 604000
1695308394818 0.0 608000
1695308433179 0.0 612000
1695308469810 0.0 616000
1695308516242 0.0 620000
1695308552818 0.0 624000
1695308590004 0.0 628000
1695308629785 0.0 632000
1695308665849 0.0 636000
1695308704023 0.0 640000
1695308741087 0.0 644000
1695308776499 0.0 648000
1695308813179 0.0 652000
1695308854562 0.0 656000
1695308889217 0.0 660000
1695308922313 0.0 664000
1695308955687 0.0 668000
1695308990706 0.0 672000
1695309025644 0.0 676000
1695309064341 0.0 680000
1695309102501 0.0 684000
1695309138115 0.0 688000
1695309173227 0.0 692000
1695309207241 0.0 696000
1695309241658 0.0 700000
1695309278169 0.0 704000
1695309314319 0.0 708000
1695309350777 0.0 712000
1695309387629 0.0 716000
1695309422339 0.0 720000
1695309457183 0.0 724000
1695309489572 0.0 728000
1695309522343 0.0 732000
1695309555520 0.0 736000
1695309590381 0.0 740000
1695309624639 0.0 744000
1695309658610 0.0 748000
1695309692400 0.0 752000
1695309730503 0.0 756000
1695309765050 0.0 760000
1695309797538 0.0 764000
1695309829896 0.0 768000
1695309863463 0.0 772000
1695309897372 0.0 776000
1695309932735 0.0 780000
1695309970002 0.0 784000
1695310015888 0.0 788000
1695310052628 0.0 792000
1695310087802 0.0 796000
1695310125706 0.0 800000
1695310160807 0.0 804000
1695310197805 0.0 808000
1695310240396 0.0 812000
1695310277617 0.0 816000
1695310312727 0.0 820000
1695310348370 0.0 824000
1695310386713 0.0 828000
1695310421552 0.0 832000
1695310455221 0.0 836000
1695310494059 0.0 840000
1695310538757 0.0 844000
1695310575990 0.0 848000
1695310616933 0.0 852000
1695310655507 0.0 856000
1695310690371 0.0 860000
1695310724087 0.0 864000
1695310758974 0.0 868000
