1695303109748 50.0 4000
1695303138436 50.0 8000
1695303167571 50.0 12000
1695303196343 50.0 16000
1695303230412 50.0 20000
1695303262735 50.0 24000
1695303295880 50.0 28000
1695303328712 50.0 32000
1695303360606 50.0 36000
1695303392733 50.0 40000
1695303425097 50.0 44000
1695303456286 50.0 48000
1695303488009 50.0 52000
1695303518752 50.0 56000
1695303550464 50.0 60000
1695303581654 50.0 64000
1695303615394 50.0 68000
1695303648126 50.0 72000
1695303680797 50.0 76000
1695303712546 50.0 80000
1695303753749 50.0 84000
1695303786257 50.0 88000
1695303816986 50.0 92000
1695303852692 50.0 96000
1695303897883 50.0 100000
1695303939948 50.0 104000
1695303972679 50.0 108000
1695304013211 50.0 112000
1695304058388 50.0 116000
1695304101589 50.0 120000
1695304142354 50.0 124000
1695304192093 50.0 128000
1695304235774 50.0 132000
1695304278886 50.0 136000
1695304323141 50.0 140000
1695304364746 50.0 144000
1695304406625 50.0 148000
1695304450494 50.0 152000
1695304491957 50.0 156000
1695304533318 50.0 160000
1695304577760 50.0 164000
1695304622915 50.0 168000
1695304666393 50.0 172000
1695304711498 50.0 176000
1695304751078 50.0 180000
1695304788787 50.0 184000
1695304832588 50.0 188000
1695304872706 50.0 192000
1695304909428 50.0 196000
1695304945283 50.0 200000
1695304982370 50.0 204000
1695305025051 50.0 208000
1695305061277 50.0 212000
1695305097739 50.0 216000
1695305135908 50.0 220000
1695305173126 50.0 224000
1695305208336 50.0 228000
1695305242178 50.0 232000
1695305273025 50.0 236000
1695305303712 50.0 240000
1695305335059 50.0 244000
1695305365467 50.0 248000
1695305395900 50.0 252000
1695305426412 50.0 256000
1695305457149 50.0 260000
1695305487763 50.0 264000
1695305518424 50.0 268000
1695305548829 50.0 272000
1695305579528 50.0 276000
1695305610990 50.0 280000
1695305641316 50.0 284000
1695305672147 50.0 288000
1695305702389 50.0 292000
1695305733804 50.0 296000
1695305763981 50.0 300000
1695305794987 50.0 304000
1695305825393 50.0 308000
1695305856249 50.0 312000
1695305886508 50.0 316000
1695305917136 50.0 320000
1695305947622 50.0 324000
1695305978545 50.0 328000
1695306008704 50.0 332000
1695306039567 50.0 336000
1695306070934 50.0 340000
1695306101839 50.0 344000
1695306132301 50.0 348000
1695306162927 50.0 352000
1695306193417 50.0 356000
1695306224339 50.0 360000
1695306254755 50.0 364000
1695306287174 50.0 368000
1695306318541 50.0 372000
1695306351120 50.0 376000
1695306382565 50.0 380000
1695306417702 50.0 384000
1695306452265 50.0 388000
1695306486508 50.0 392000
1695306519953 50.0 396000
1695306554130 50.0 400000
1695306586133 50.0 404000
1695306620838 50.0 408000
1695306653729 50.0 412000
1695306687428 50.0 416000
1695306720511 50.0 420000
1695306752983 50.0 424000
1695306786135 50.0 428000
1695306823455 50.0 432000
1695306860259 50.0 436000
1695306893604 50.0 440000
1695306927082 50.0 444000
1695306961155 50.0 448000
1695306995372 50.0 452000
1695307028975 50.0 456000
1695307061215 50.0 460000
1695307093429 50.0 464000
1695307128242 50.0 468000
1695307160963 50.0 472000
1695307193792 50.0 476000
1695307226949 50.0 480000
1695307261359 50.0 484000
1695307295826 50.0 488000
1695307328620 50.0 492000
1695307362251 50.0 496000
1695307398591 50.0 500000
1695307433837 50.0 504000
1695307466874 50.0 508000
1695307502371 50.0 512000
1695307540937 50.0 516000
1695307575823 50.0 520000
1695307615255 50.0 524000
1695307652970 50.0 528000
1695307689037 50.0 532000
1695307724810 50.0 536000
1695307759439 50.0 540000
1695307803695 50.0 544000
1695307846266 50.0 548000
1695307880750 50.0 552000
1695307919676 50.0 556000
1695307956849 50.0 560000
1695307994920 50.0 564000
1695308028073 50.0 568000
1695308062946 50.0 572000
1695308098147 50.0 576000
1695308132165 50.0 580000
1695308167273 50.0 584000
1695308204664 50.0 588000
1695308240276 50.0 592000
1695308275325 50.0 596000
1695308317690 50.0 600000
1695308353459 50.0 604000
1695308394817 50.0 608000
1695308433178 50.0 612000
1695308469809 50.0 616000
1695308516241 50.0 620000
1695308552817 50.0 624000
1695308590002 50.0 628000
1695308629784 50.0 632000
1695308665848 50.0 636000
1695308704022 50.0 640000
1695308741086 50.0 644000
1695308776498 50.0 648000
1695308813178 50.0 652000
1695308854561 50.0 656000
1695308889216 50.0 660000
1695308922312 50.0 664000
1695308955686 50.0 668000
1695308990704 50.0 672000
1695309025642 50.0 676000
1695309064339 50.0 680000
1695309102500 50.0 684000
1695309138114 50.0 688000
1695309173226 50.0 692000
1695309207239 50.0 696000
1695309241657 50.0 700000
1695309278168 50.0 704000
1695309314318 50.0 708000
1695309350776 50.0 712000
1695309387628 50.0 716000
1695309422338 50.0 720000
1695309457182 50.0 724000
1695309489571 50.0 728000
1695309522342 50.0 732000
1695309555519 50.0 736000
1695309590380 50.0 740000
1695309624638 50.0 744000
1695309658609 50.0 748000
1695309692399 50.0 752000
1695309730501 50.0 756000
1695309765049 50.0 760000
1695309797536 50.0 764000
1695309829895 50.0 768000
1695309863462 50.0 772000
1695309897370 50.0 776000
1695309932734 50.0 780000
1695309970001 50.0 784000
1695310015887 50.0 788000
1695310052627 50.0 792000
1695310087800 50.0 796000
1695310125705 50.0 800000
1695310160806 50.0 804000
1695310197804 50.0 808000
1695310240395 50.0 812000
1695310277616 50.0 816000
1695310312726 50.0 820000
1695310348369 50.0 824000
1695310386712 50.0 828000
1695310421551 50.0 832000
1695310455220 50.0 836000
1695310494057 50.0 840000
1695310538756 50.0 844000
1695310575989 50.0 848000
1695310616932 50.0 852000
1695310655506 50.0 856000
1695310690370 50.0 860000
1695310724086 50.0 864000
1695310758973 50.0 868000
