1695303109749 2.0 4000
1695303138436 2.0 8000
1695303167571 2.0 12000
1695303196344 2.0 16000
1695303230413 2.0 20000
1695303262735 2.0 24000
1695303295880 2.0 28000
1695303328712 2.0 32000
1695303360606 2.0 36000
1695303392733 2.0 40000
1695303425098 2.0 44000
1695303456286 2.0 48000
1695303488010 2.0 52000
1695303518753 2.0 56000
1695303550465 2.0 60000
1695303581655 2.0 64000
1695303615394 2.0 68000
1695303648127 2.0 72000
1695303680798 2.0 76000
1695303712547 2.0 80000
1695303753749 2.0 84000
1695303786258 2.0 88000
1695303816987 2.0 92000
1695303852693 2.0 96000
1695303897884 2.0 100000
1695303939948 2.0 104000
1695303972681 2.0 108000
1695304013212 2.0 112000
1695304058390 2.0 116000
1695304101590 2.0 120000
1695304142355 2.0 124000
1695304192094 2.0 128000
1695304235775 2.0 132000
1695304278887 2.0 136000
1695304323142 2.0 140000
1695304364747 2.0 144000
1695304406626 2.0 148000
1695304450495 2.0 152000
1695304491958 2.0 156000
1695304533319 2.0 160000
1695304577761 2.0 164000
1695304622916 2.0 168000
1695304666394 2.0 172000
1695304711498 2.0 176000
1695304751079 2.0 180000
1695304788788 2.0 184000
1695304832588 2.0 188000
1695304872707 2.0 192000
1695304909429 2.0 196000
1695304945284 2.0 200000
1695304982371 2.0 204000
1695305025051 2.0 208000
1695305061278 2.0 212000
1695305097740 2.0 216000
1695305135909 2.0 220000
1695305173127 2.0 224000
1695305208337 2.0 228000
1695305242179 2.0 232000
1695305273026 2.0 236000
1695305303712 2.0 240000
1695305335059 2.0 244000
1695305365468 2.0 248000
1695305395901 2.0 252000
1695305426413 2.0 256000
1695305457149 2.0 260000
1695305487764 2.0 264000
1695305518425 2.0 268000
1695305548829 2.0 272000
1695305579529 2.0 276000
1695305610991 2.0 280000
1695305641316 2.0 284000
1695305672147 2.0 288000
1695305702390 2.0 292000
1695305733805 2.0 296000
1695305763982 2.0 300000
1695305794988 2.0 304000
1695305825394 2.0 308000
1695305856249 2.0 312000
1695305886509 2.0 316000
1695305917137 2.0 320000
1695305947623 2.0 324000
1695305978545 2.0 328000
1695306008705 2.0 332000
1695306039567 2.0 336000
1695306070935 2.0 340000
1695306101839 2.0 344000
1695306132302 2.0 348000
1695306162928 2.0 352000
1695306193417 2.0 356000
1695306224340 2.0 360000
1695306254756 2.0 364000
1695306287175 2.0 368000
1695306318542 2.0 372000
1695306351121 2.0 376000
1695306382566 2.0 380000
1695306417703 2.0 384000
1695306452266 2.0 388000
1695306486508 2.0 392000
1695306519954 2.0 396000
1695306554131 2.0 400000
1695306586133 2.0 404000
1695306620839 2.0 408000
1695306653730 2.0 412000
1695306687428 2.0 416000
1695306720511 2.0 420000
1695306752984 2.0 424000
1695306786136 2.0 428000
1695306823456 2.0 432000
1695306860260 2.0 436000
1695306893605 2.0 440000
1695306927083 2.0 444000
1695306961155 2.0 448000
1695306995373 2.0 452000
1695307028976 2.0 456000
1695307061215 2.0 460000
1695307093430 2.0 464000
1695307128243 2.0 468000
1695307160964 2.0 472000
1695307193793 2.0 476000
1695307226950 2.0 480000
1695307261360 2.0 484000
1695307295827 2.0 488000
1695307328621 2.0 492000
1695307362252 2.0 496000
1695307398592 2.0 500000
1695307433838 2.0 504000
1695307466875 2.0 508000
1695307502371 2.0 512000
1695307540937 2.0 516000
1695307575824 2.0 520000
1695307615256 2.0 524000
1695307652971 2.0 528000
1695307689038 2.0 532000
1695307724811 2.0 536000
1695307759439 2.0 540000
1695307803696 2.0 544000
1695307846267 2.0 548000
1695307880751 2.0 552000
1695307919676 2.0 556000
1695307956850 2.0 560000
1695307994920 2.0 564000
1695308028073 2.0 568000
1695308062947 2.0 572000
1695308098148 2.0 576000
1695308132166 2.0 580000
1695308167273 2.0 584000
1695308204665 2.0 588000
1695308240277 2.0 592000
1695308275326 2.0 596000
1695308317691 2.0 600000
1695308353460 2.0 604000
1695308394818 2.0 608000
1695308433179 2.0 612000
1695308469810 2.0 616000
1695308516241 2.0 620000
1695308552818 2.0 624000
1695308590003 2.0 628000
1695308629785 2.0 632000
1695308665849 2.0 636000
1695308704023 2.0 640000
1695308741087 2.0 644000
1695308776498 2.0 648000
1695308813178 2.0 652000
1695308854562 2.0 656000
1695308889217 2.0 660000
1695308922312 2.0 664000
1695308955687 2.0 668000
1695308990705 2.0 672000
1695309025643 2.0 676000
1695309064340 2.0 680000
1695309102501 2.0 684000
1695309138115 2.0 688000
1695309173227 2.0 692000
1695309207240 2.0 696000
1695309241658 2.0 700000
1695309278169 2.0 704000
1695309314319 2.0 708000
1695309350777 2.0 712000
1695309387629 2.0 716000
1695309422339 2.0 720000
1695309457183 2.0 724000
1695309489572 2.0 728000
1695309522343 2.0 732000
1695309555520 2.0 736000
1695309590381 2.0 740000
1695309624639 2.0 744000
1695309658609 2.0 748000
1695309692400 2.0 752000
1695309730502 2.0 756000
1695309765049 2.0 760000
1695309797537 2.0 764000
1695309829895 2.0 768000
1695309863462 2.0 772000
1695309897371 2.0 776000
1695309932735 2.0 780000
1695309970002 2.0 784000
1695310015888 2.0 788000
1695310052628 2.0 792000
1695310087801 2.0 796000
1695310125705 2.0 800000
1695310160807 2.0 804000
1695310197805 2.0 808000
1695310240396 2.0 812000
1695310277617 2.0 816000
1695310312727 2.0 820000
1695310348369 2.0 824000
1695310386713 2.0 828000
1695310421552 2.0 832000
1695310455221 2.0 836000
1695310494058 2.0 840000
1695310538756 2.0 844000
1695310575990 2.0 848000
1695310616933 2.0 852000
1695310655507 2.0 856000
1695310690371 2.0 860000
1695310724086 2.0 864000
1695310758974 2.0 868000
