1695303109750 84.0 4000
1695303138438 84.0 8000
1695303167573 84.0 12000
1695303196345 84.0 16000
1695303230415 84.0 20000
1695303262737 84.0 24000
1695303295882 84.0 28000
1695303328714 84.0 32000
1695303360608 84.0 36000
1695303392735 84.0 40000
1695303425099 84.0 44000
1695303456288 84.0 48000
1695303488011 84.0 52000
1695303518754 84.0 56000
1695303550466 84.0 60000
1695303581656 84.0 64000
1695303615396 84.0 68000
1695303648128 84.0 72000
1695303680799 84.0 76000
1695303712548 84.0 80000
1695303753751 84.0 84000
1695303786259 84.0 88000
1695303816988 84.0 92000
1695303852695 84.0 96000
1695303897887 84.0 100000
1695303939950 84.0 104000
1695303972683 84.0 108000
1695304013214 84.0 112000
1695304058391 84.0 116000
1695304101592 84.0 120000
1695304142357 84.0 124000
1695304192097 84.0 128000
1695304235776 84.0 132000
1695304278889 84.0 136000
1695304323145 84.0 140000
1695304364749 84.0 144000
1695304406630 84.0 148000
1695304450497 84.0 152000
1695304491960 84.0 156000
1695304533321 84.0 160000
1695304577763 84.0 164000
1695304622918 84.0 168000
1695304666396 84.0 172000
1695304711500 84.0 176000
1695304751081 84.0 180000
1695304788790 84.0 184000
1695304832590 84.0 188000
1695304872709 84.0 192000
1695304909431 84.0 196000
1695304945286 84.0 200000
1695304982372 84.0 204000
1695305025053 84.0 208000
1695305061279 84.0 212000
1695305097742 84.0 216000
1695305135911 84.0 220000
1695305173129 84.0 224000
1695305208338 84.0 228000
1695305242180 84.0 232000
1695305273027 84.0 236000
1695305303714 84.0 240000
1695305335061 84.0 244000
1695305365469 84.0 248000
1695305395902 84.0 252000
1695305426414 84.0 256000
1695305457151 84.0 260000
1695305487765 84.0 264000
1695305518426 84.0 268000
1695305548831 84.0 272000
1695305579530 84.0 276000
1695305610992 84.0 280000
1695305641318 84.0 284000
1695305672149 84.0 288000
1695305702391 84.0 292000
1695305733806 84.0 296000
1695305763983 84.0 300000
1695305794989 84.0 304000
1695305825395 84.0 308000
1695305856251 84.0 312000
1695305886510 84.0 316000
1695305917138 84.0 320000
1695305947624 84.0 324000
1695305978547 84.0 328000
1695306008706 84.0 332000
1695306039569 84.0 336000
1695306070936 84.0 340000
1695306101841 84.0 344000
1695306132303 84.0 348000
1695306162929 84.0 352000
1695306193419 84.0 356000
1695306224341 84.0 360000
1695306254757 84.0 364000
1695306287176 84.0 368000
1695306318543 84.0 372000
1695306351122 84.0 376000
1695306382567 84.0 380000
1695306417704 84.0 384000
1695306452267 84.0 388000
1695306486510 84.0 392000
1695306519955 84.0 396000
1695306554133 84.0 400000
1695306586135 84.0 404000
1695306620840 84.0 408000
1695306653731 84.0 412000
1695306687430 84.0 416000
1695306720513 84.0 420000
1695306752985 84.0 424000
1695306786137 84.0 428000
1695306823458 84.0 432000
1695306860262 84.0 436000
1695306893606 84.0 440000
1695306927085 84.0 444000
1695306961157 84.0 448000
1695306995375 84.0 452000
1695307028977 84.0 456000
1695307061217 84.0 460000
1695307093432 84.0 464000
1695307128244 84.0 468000
1695307160966 84.0 472000
1695307193794 84.0 476000
1695307226952 84.0 480000
1695307261361 84.0 484000
1695307295828 84.0 488000
1695307328623 84.0 492000
1695307362253 84.0 496000
1695307398594 84.0 500000
1695307433839 84.0 504000
1695307466877 84.0 508000
1695307502373 84.0 512000
1695307540939 84.0 516000
1695307575826 84.0 520000
1695307615258 84.0 524000
1695307652973 84.0 528000
1695307689040 84.0 532000
1695307724812 84.0 536000
1695307759441 84.0 540000
1695307803698 84.0 544000
1695307846269 84.0 548000
1695307880753 84.0 552000
1695307919678 84.0 556000
1695307956852 84.0 560000
1695307994922 84.0 564000
1695308028075 84.0 568000
1695308062948 84.0 572000
1695308098150 84.0 576000
1695308132168 84.0 580000
1695308167275 84.0 584000
1695308204666 84.0 588000
1695308240278 84.0 592000
1695308275328 84.0 596000
1695308317693 84.0 600000
1695308353462 84.0 604000
1695308394820 84.0 608000
1695308433180 84.0 612000
1695308469811 84.0 616000
1695308516243 84.0 620000
1695308552820 84.0 624000
1695308590005 84.0 628000
1695308629786 84.0 632000
1695308665850 84.0 636000
1695308704025 84.0 640000
1695308741088 84.0 644000
1695308776500 84.0 648000
1695308813180 84.0 652000
1695308854563 84.0 656000
1695308889219 84.0 660000
1695308922314 84.0 664000
1695308955689 84.0 668000
1695308990707 84.0 672000
1695309025645 84.0 676000
1695309064342 84.0 680000
1695309102502 84.0 684000
1695309138117 84.0 688000
1695309173228 84.0 692000
1695309207242 84.0 696000
1695309241659 84.0 700000
1695309278170 84.0 704000
1695309314320 84.0 708000
1695309350778 84.0 712000
1695309387630 84.0 716000
1695309422340 84.0 720000
1695309457185 84.0 724000
1695309489573 84.0 728000
1695309522344 84.0 732000
1695309555521 84.0 736000
1695309590382 84.0 740000
1695309624641 84.0 744000
1695309658611 84.0 748000
1695309692401 84.0 752000
1695309730505 84.0 756000
1695309765051 84.0 760000
1695309797539 84.0 764000
1695309829897 84.0 768000
1695309863464 84.0 772000
1695309897373 84.0 776000
1695309932736 84.0 780000
1695309970003 84.0 784000
1695310015890 84.0 788000
1695310052629 84.0 792000
1695310087803 84.0 796000
1695310125707 84.0 800000
1695310160808 84.0 804000
1695310197806 84.0 808000
1695310240397 84.0 812000
1695310277618 84.0 816000
1695310312728 84.0 820000
1695310348371 84.0 824000
1695310386714 84.0 828000
1695310421553 84.0 832000
1695310455222 84.0 836000
1695310494060 84.0 840000
1695310538758 84.0 844000
1695310575991 84.0 848000
1695310616935 84.0 852000
1695310655509 84.0 856000
1695310690372 84.0 860000
1695310724088 84.0 864000
1695310758976 84.0 868000
