1695303109750 1.0 4000
1695303138437 1.0 8000
1695303167573 1.0 12000
1695303196345 1.0 16000
1695303230414 1.0 20000
1695303262736 1.0 24000
1695303295881 1.0 28000
1695303328713 1.0 32000
1695303360608 1.0 36000
1695303392735 1.0 40000
1695303425099 1.0 44000
1695303456288 1.0 48000
1695303488011 1.0 52000
1695303518754 1.0 56000
1695303550466 1.0 60000
1695303581656 1.0 64000
1695303615396 1.0 68000
1695303648128 1.0 72000
1695303680799 1.0 76000
1695303712548 1.0 80000
1695303753750 1.0 84000
1695303786259 1.0 88000
1695303816988 1.0 92000
1695303852694 1.0 96000
1695303897886 1.0 100000
1695303939950 1.0 104000
1695303972683 1.0 108000
1695304013213 1.0 112000
1695304058391 1.0 116000
1695304101592 1.0 120000
1695304142356 1.0 124000
1695304192096 1.0 128000
1695304235776 1.0 132000
1695304278889 1.0 136000
1695304323144 1.0 140000
1695304364749 1.0 144000
1695304406629 1.0 148000
1695304450496 1.0 152000
1695304491959 1.0 156000
1695304533320 1.0 160000
1695304577762 1.0 164000
1695304622918 1.0 168000
1695304666395 1.0 172000
1695304711499 1.0 176000
1695304751080 1.0 180000
1695304788789 1.0 184000
1695304832589 1.0 188000
1695304872708 1.0 192000
1695304909430 1.0 196000
1695304945285 1.0 200000
1695304982372 1.0 204000
1695305025053 1.0 208000
1695305061279 1.0 212000
1695305097741 1.0 216000
1695305135910 1.0 220000
1695305173129 1.0 224000
1695305208338 1.0 228000
1695305242180 1.0 232000
1695305273027 1.0 236000
1695305303714 1.0 240000
1695305335060 1.0 244000
1695305365469 1.0 248000
1695305395902 1.0 252000
1695305426414 1.0 256000
1695305457151 1.0 260000
1695305487765 1.0 264000
1695305518426 1.0 268000
1695305548830 1.0 272000
1695305579530 1.0 276000
1695305610992 1.0 280000
1695305641318 1.0 284000
1695305672148 1.0 288000
1695305702391 1.0 292000
1695305733806 1.0 296000
1695305763983 1.0 300000
1695305794989 1.0 304000
1695305825395 1.0 308000
1695305856250 1.0 312000
1695305886510 1.0 316000
1695305917138 1.0 320000
1695305947624 1.0 324000
1695305978546 1.0 328000
1695306008706 1.0 332000
1695306039568 1.0 336000
1695306070936 1.0 340000
1695306101841 1.0 344000
1695306132303 1.0 348000
1695306162929 1.0 352000
1695306193418 1.0 356000
1695306224341 1.0 360000
1695306254757 1.0 364000
1695306287176 1.0 368000
1695306318543 1.0 372000
1695306351122 1.0 376000
1695306382567 1.0 380000
1695306417704 1.0 384000
1695306452267 1.0 388000
1695306486509 1.0 392000
1695306519955 1.0 396000
1695306554132 1.0 400000
1695306586134 1.0 404000
1695306620840 1.0 408000
1695306653731 1.0 412000
1695306687430 1.0 416000
1695306720512 1.0 420000
1695306752985 1.0 424000
1695306786137 1.0 428000
1695306823457 1.0 432000
1695306860261 1.0 436000
1695306893606 1.0 440000
1695306927084 1.0 444000
1695306961157 1.0 448000
1695306995374 1.0 452000
1695307028977 1.0 456000
1695307061216 1.0 460000
1695307093431 1.0 464000
1695307128244 1.0 468000
1695307160965 1.0 472000
1695307193794 1.0 476000
1695307226951 1.0 480000
1695307261361 1.0 484000
1695307295828 1.0 488000
1695307328622 1.0 492000
1695307362253 1.0 496000
1695307398593 1.0 500000
1695307433839 1.0 504000
1695307466876 1.0 508000
1695307502373 1.0 512000
1695307540939 1.0 516000
1695307575825 1.0 520000
1695307615257 1.0 524000
1695307652972 1.0 528000
1695307689040 1.0 532000
1695307724812 1.0 536000
1695307759440 1.0 540000
1695307803697 1.0 544000
1695307846268 1.0 548000
1695307880752 1.0 552000
1695307919677 1.0 556000
1695307956851 1.0 560000
1695307994922 1.0 564000
1695308028074 1.0 568000
1695308062948 1.0 572000
1695308098149 1.0 576000
1695308132167 1.0 580000
1695308167275 1.0 584000
1695308204666 1.0 588000
1695308240278 1.0 592000
1695308275327 1.0 596000
1695308317692 1.0 600000
1695308353462 1.0 604000
1695308394819 1.0 608000
1695308433180 1.0 612000
1695308469811 1.0 616000
1695308516243 1.0 620000
1695308552819 1.0 624000
1695308590005 1.0 628000
1695308629786 1.0 632000
1695308665850 1.0 636000
1695308704024 1.0 640000
1695308741088 1.0 644000
1695308776499 1.0 648000
1695308813180 1.0 652000
1695308854563 1.0 656000
1695308889218 1.0 660000
1695308922314 1.0 664000
1695308955688 1.0 668000
1695308990706 1.0 672000
1695309025645 1.0 676000
1695309064342 1.0 680000
1695309102502 1.0 684000
1695309138116 1.0 688000
1695309173228 1.0 692000
1695309207241 1.0 696000
1695309241659 1.0 700000
1695309278170 1.0 704000
1695309314320 1.0 708000
1695309350778 1.0 712000
1695309387630 1.0 716000
1695309422340 1.0 720000
1695309457184 1.0 724000
1695309489573 1.0 728000
1695309522344 1.0 732000
1695309555521 1.0 736000
1695309590382 1.0 740000
1695309624640 1.0 744000
1695309658610 1.0 748000
1695309692401 1.0 752000
1695309730504 1.0 756000
1695309765051 1.0 760000
1695309797538 1.0 764000
1695309829896 1.0 768000
1695309863464 1.0 772000
1695309897373 1.0 776000
1695309932736 1.0 780000
1695309970003 1.0 784000
1695310015889 1.0 788000
1695310052629 1.0 792000
1695310087803 1.0 796000
1695310125707 1.0 800000
1695310160808 1.0 804000
1695310197806 1.0 808000
1695310240397 1.0 812000
1695310277618 1.0 816000
1695310312728 1.0 820000
1695310348371 1.0 824000
1695310386714 1.0 828000
1695310421553 1.0 832000
1695310455222 1.0 836000
1695310494059 1.0 840000
1695310538757 1.0 844000
1695310575991 1.0 848000
1695310616934 1.0 852000
1695310655508 1.0 856000
1695310690372 1.0 860000
1695310724087 1.0 864000
1695310758975 1.0 868000
