1695303109751 0.0 4000
1695303138438 0.0 8000
1695303167573 0.0 12000
1695303196346 0.0 16000
1695303230415 0.0 20000
1695303262737 0.0 24000
1695303295882 0.0 28000
1695303328714 0.0 32000
1695303360608 0.0 36000
1695303392735 0.0 40000
1695303425099 0.0 44000
1695303456288 0.0 48000
1695303488012 0.0 52000
1695303518755 0.0 56000
1695303550467 0.0 60000
1695303581657 0.0 64000
1695303615396 0.0 68000
1695303648129 0.0 72000
1695303680799 0.0 76000
1695303712548 0.0 80000
1695303753751 0.0 84000
1695303786260 0.0 88000
1695303816989 0.0 92000
1695303852695 0.0 96000
1695303897887 0.0 100000
1695303939950 0.0 104000
1695303972684 0.0 108000
1695304013214 0.0 112000
1695304058392 0.0 116000
1695304101593 0.0 120000
1695304142357 0.0 124000
1695304192097 0.0 128000
1695304235777 0.0 132000
1695304278890 0.0 136000
1695304323145 0.0 140000
1695304364749 0.0 144000
1695304406630 0.0 148000
1695304450497 0.0 152000
1695304491960 0.0 156000
1695304533321 0.0 160000
1695304577763 0.0 164000
1695304622919 0.0 168000
1695304666396 0.0 172000
1695304711500 0.0 176000
1695304751081 0.0 180000
1695304788790 0.0 184000
1695304832590 0.0 188000
1695304872709 0.0 192000
1695304909431 0.0 196000
1695304945286 0.0 200000
1695304982373 0.0 204000
1695305025054 0.0 208000
1695305061280 0.0 212000
1695305097742 0.0 216000
1695305135911 0.0 220000
1695305173129 0.0 224000
1695305208339 0.0 228000
1695305242180 0.0 232000
1695305273027 0.0 236000
1695305303714 0.0 240000
1695305335061 0.0 244000
1695305365470 0.0 248000
1695305395902 0.0 252000
1695305426415 0.0 256000
1695305457151 0.0 260000
1695305487766 0.0 264000
1695305518427 0.0 268000
1695305548831 0.0 272000
1695305579531 0.0 276000
1695305610992 0.0 280000
1695305641318 0.0 284000
1695305672149 0.0 288000
1695305702392 0.0 292000
1695305733806 0.0 296000
1695305763984 0.0 300000
1695305794990 0.0 304000
1695305825396 0.0 308000
1695305856251 0.0 312000
1695305886511 0.0 316000
1695305917138 0.0 320000
1695305947625 0.0 324000
1695305978547 0.0 328000
1695306008706 0.0 332000
1695306039569 0.0 336000
1695306070937 0.0 340000
1695306101841 0.0 344000
1695306132303 0.0 348000
1695306162930 0.0 352000
1695306193419 0.0 356000
1695306224342 0.0 360000
1695306254757 0.0 364000
1695306287176 0.0 368000
1695306318544 0.0 372000
1695306351123 0.0 376000
1695306382568 0.0 380000
1695306417705 0.0 384000
1695306452268 0.0 388000
1695306486510 0.0 392000
1695306519956 0.0 396000
1695306554133 0.0 400000
1695306586135 0.0 404000
1695306620841 0.0 408000
1695306653731 0.0 412000
1695306687430 0.0 416000
1695306720513 0.0 420000
1695306752985 0.0 424000
1695306786138 0.0 428000
1695306823458 0.0 432000
1695306860262 0.0 436000
1695306893606 0.0 440000
1695306927085 0.0 444000
1695306961157 0.0 448000
1695306995375 0.0 452000
1695307028977 0.0 456000
1695307061217 0.0 460000
1695307093432 0.0 464000
1695307128245 0.0 468000
1695307160966 0.0 472000
1695307193795 0.0 476000
1695307226952 0.0 480000
1695307261362 0.0 484000
1695307295829 0.0 488000
1695307328623 0.0 492000
1695307362254 0.0 496000
1695307398594 0.0 500000
1695307433839 0.0 504000
1695307466877 0.0 508000
1695307502373 0.0 512000
1695307540939 0.0 516000
1695307575826 0.0 520000
1695307615258 0.0 524000
1695307652973 0.0 528000
1695307689041 0.0 532000
1695307724813 0.0 536000
1695307759441 0.0 540000
1695307803698 0.0 544000
1695307846269 0.0 548000
1695307880753 0.0 552000
1695307919678 0.0 556000
1695307956852 0.0 560000
1695307994922 0.0 564000
1695308028075 0.0 568000
1695308062949 0.0 572000
1695308098150 0.0 576000
1695308132168 0.0 580000
1695308167275 0.0 584000
1695308204667 0.0 588000
1695308240279 0.0 592000
1695308275328 0.0 596000
1695308317693 0.0 600000
1695308353463 0.0 604000
1695308394820 0.0 608000
1695308433181 0.0 612000
1695308469812 0.0 616000
1695308516243 0.0 620000
1695308552820 0.0 624000
1695308590006 0.0 628000
1695308629787 0.0 632000
1695308665851 0.0 636000
1695308704025 0.0 640000
1695308741089 0.0 644000
1695308776500 0.0 648000
1695308813181 0.0 652000
1695308854564 0.0 656000
1695308889219 0.0 660000
1695308922314 0.0 664000
1695308955689 0.0 668000
1695308990707 0.0 672000
1695309025646 0.0 676000
1695309064343 0.0 680000
1695309102503 0.0 684000
1695309138117 0.0 688000
1695309173229 0.0 692000
1695309207242 0.0 696000
1695309241659 0.0 700000
1695309278171 0.0 704000
1695309314321 0.0 708000
1695309350778 0.0 712000
1695309387631 0.0 716000
1695309422340 0.0 720000
1695309457185 0.0 724000
1695309489573 0.0 728000
1695309522344 0.0 732000
1695309555521 0.0 736000
1695309590382 0.0 740000
1695309624641 0.0 744000
1695309658611 0.0 748000
1695309692402 0.0 752000
1695309730506 0.0 756000
1695309765051 0.0 760000
1695309797539 0.0 764000
1695309829897 0.0 768000
1695309863464 0.0 772000
1695309897374 0.0 776000
1695309932737 0.0 780000
1695309970004 0.0 784000
1695310015890 0.0 788000
1695310052630 0.0 792000
1695310087803 0.0 796000
1695310125708 0.0 800000
1695310160808 0.0 804000
1695310197807 0.0 808000
1695310240398 0.0 812000
1695310277619 0.0 816000
1695310312728 0.0 820000
1695310348372 0.0 824000
1695310386715 0.0 828000
1695310421554 0.0 832000
1695310455223 0.0 836000
1695310494060 0.0 840000
1695310538758 0.0 844000
1695310575992 0.0 848000
1695310616936 0.0 852000
1695310655509 0.0 856000
1695310690373 0.0 860000
1695310724088 0.0 864000
1695310758976 0.0 868000
