1695303109745 256.0 4000
1695303138432 256.0 8000
1695303167567 256.0 12000
1695303196339 256.0 16000
1695303230408 256.0 20000
1695303262731 256.0 24000
1695303295876 256.0 28000
1695303328708 256.0 32000
1695303360602 256.0 36000
1695303392729 256.0 40000
1695303425093 256.0 44000
1695303456282 256.0 48000
1695303488005 256.0 52000
1695303518748 256.0 56000
1695303550460 256.0 60000
1695303581651 256.0 64000
1695303615390 256.0 68000
1695303648122 256.0 72000
1695303680793 256.0 76000
1695303712542 256.0 80000
1695303753745 256.0 84000
1695303786253 256.0 88000
1695303816982 256.0 92000
1695303852687 256.0 96000
1695303897876 256.0 100000
1695303939944 256.0 104000
1695303972672 256.0 108000
1695304013207 256.0 112000
1695304058384 256.0 116000
1695304101584 256.0 120000
1695304142347 256.0 124000
1695304192088 256.0 128000
1695304235769 256.0 132000
1695304278881 256.0 136000
1695304323136 256.0 140000
1695304364741 256.0 144000
1695304406620 256.0 148000
1695304450489 256.0 152000
1695304491953 256.0 156000
1695304533313 256.0 160000
1695304577755 256.0 164000
1695304622910 256.0 168000
1695304666388 256.0 172000
1695304711494 256.0 176000
1695304751074 256.0 180000
1695304788783 256.0 184000
1695304832584 256.0 188000
1695304872702 256.0 192000
1695304909424 256.0 196000
1695304945279 256.0 200000
1695304982366 256.0 204000
1695305025046 256.0 208000
1695305061273 256.0 212000
1695305097734 256.0 216000
1695305135904 256.0 220000
1695305173122 256.0 224000
1695305208332 256.0 228000
1695305242174 256.0 232000
1695305273021 256.0 236000
1695305303708 256.0 240000
1695305335055 256.0 244000
1695305365464 256.0 248000
1695305395897 256.0 252000
1695305426409 256.0 256000
1695305457145 256.0 260000
1695305487759 256.0 264000
1695305518421 256.0 268000
1695305548825 256.0 272000
1695305579525 256.0 276000
1695305610986 256.0 280000
1695305641312 256.0 284000
1695305672143 256.0 288000
1695305702386 256.0 292000
1695305733800 256.0 296000
1695305763977 256.0 300000
1695305794984 256.0 304000
1695305825390 256.0 308000
1695305856245 256.0 312000
1695305886505 256.0 316000
1695305917132 256.0 320000
1695305947619 256.0 324000
1695305978541 256.0 328000
1695306008700 256.0 332000
1695306039563 256.0 336000
1695306070930 256.0 340000
1695306101835 256.0 344000
1695306132297 256.0 348000
1695306162924 256.0 352000
1695306193413 256.0 356000
1695306224336 256.0 360000
1695306254751 256.0 364000
1695306287171 256.0 368000
1695306318538 256.0 372000
1695306351116 256.0 376000
1695306382562 256.0 380000
1695306417698 256.0 384000
1695306452262 256.0 388000
1695306486504 256.0 392000
1695306519950 256.0 396000
1695306554126 256.0 400000
1695306586129 256.0 404000
1695306620834 256.0 408000
1695306653725 256.0 412000
1695306687424 256.0 416000
1695306720507 256.0 420000
1695306752979 256.0 424000
1695306786131 256.0 428000
1695306823451 256.0 432000
1695306860255 256.0 436000
1695306893600 256.0 440000
1695306927078 256.0 444000
1695306961151 256.0 448000
1695306995369 256.0 452000
1695307028971 256.0 456000
1695307061211 256.0 460000
1695307093426 256.0 464000
1695307128239 256.0 468000
1695307160959 256.0 472000
1695307193788 256.0 476000
1695307226945 256.0 480000
1695307261355 256.0 484000
1695307295823 256.0 488000
1695307328617 256.0 492000
1695307362247 256.0 496000
1695307398587 256.0 500000
1695307433833 256.0 504000
1695307466870 256.0 508000
1695307502366 256.0 512000
1695307540932 256.0 516000
1695307575820 256.0 520000
1695307615249 256.0 524000
1695307652967 256.0 528000
1695307689032 256.0 532000
1695307724806 256.0 536000
1695307759435 256.0 540000
1695307803690 256.0 544000
1695307846263 256.0 548000
1695307880746 256.0 552000
1695307919672 256.0 556000
1695307956845 256.0 560000
1695307994916 256.0 564000
1695308028069 256.0 568000
1695308062942 256.0 572000
1695308098144 256.0 576000
1695308132161 256.0 580000
1695308167269 256.0 584000
1695308204660 256.0 588000
1695308240273 256.0 592000
1695308275321 256.0 596000
1695308317685 256.0 600000
1695308353455 256.0 604000
1695308394812 256.0 608000
1695308433174 256.0 612000
1695308469804 256.0 616000
1695308516236 256.0 620000
1695308552813 256.0 624000
1695308589998 256.0 628000
1695308629779 256.0 632000
1695308665843 256.0 636000
1695308704018 256.0 640000
1695308741082 256.0 644000
1695308776493 256.0 648000
1695308813173 256.0 652000
1695308854557 256.0 656000
1695308889212 256.0 660000
1695308922308 256.0 664000
1695308955683 256.0 668000
1695308990700 256.0 672000
1695309025638 256.0 676000
1695309064335 256.0 680000
1695309102496 256.0 684000
1695309138110 256.0 688000
1695309173223 256.0 692000
1695309207235 256.0 696000
1695309241653 256.0 700000
1695309278164 256.0 704000
1695309314313 256.0 708000
1695309350772 256.0 712000
1695309387624 256.0 716000
1695309422334 256.0 720000
1695309457179 256.0 724000
1695309489567 256.0 728000
1695309522338 256.0 732000
1695309555515 256.0 736000
1695309590376 256.0 740000
1695309624634 256.0 744000
1695309658605 256.0 748000
1695309692395 256.0 752000
1695309730495 256.0 756000
1695309765045 256.0 760000
1695309797533 256.0 764000
1695309829891 256.0 768000
1695309863458 256.0 772000
1695309897366 256.0 776000
1695309932730 256.0 780000
1695309969997 256.0 784000
1695310015883 256.0 788000
1695310052623 256.0 792000
1695310087796 256.0 796000
1695310125700 256.0 800000
1695310160802 256.0 804000
1695310197799 256.0 808000
1695310240391 256.0 812000
1695310277612 256.0 816000
1695310312722 256.0 820000
1695310348364 256.0 824000
1695310386707 256.0 828000
1695310421548 256.0 832000
1695310455216 256.0 836000
1695310494053 256.0 840000
1695310538752 256.0 844000
1695310575985 256.0 848000
1695310616926 256.0 852000
1695310655503 256.0 856000
1695310690366 256.0 860000
1695310724082 256.0 864000
1695310758970 256.0 868000
