1695303109744 20.0 4000
1695303138431 20.0 8000
1695303167566 20.0 12000
1695303196339 20.0 16000
1695303230407 20.0 20000
1695303262730 20.0 24000
1695303295876 20.0 28000
1695303328707 20.0 32000
1695303360601 20.0 36000
1695303392728 20.0 40000
1695303425093 20.0 44000
1695303456281 20.0 48000
1695303488005 20.0 52000
1695303518748 20.0 56000
1695303550460 20.0 60000
1695303581650 20.0 64000
1695303615389 20.0 68000
1695303648122 20.0 72000
1695303680793 20.0 76000
1695303712542 20.0 80000
1695303753744 20.0 84000
1695303786252 20.0 88000
1695303816982 20.0 92000
1695303852687 20.0 96000
1695303897875 20.0 100000
1695303939944 20.0 104000
1695303972672 20.0 108000
1695304013206 20.0 112000
1695304058383 20.0 116000
1695304101583 20.0 120000
1695304142346 20.0 124000
1695304192087 20.0 128000
1695304235768 20.0 132000
1695304278881 20.0 136000
1695304323136 20.0 140000
1695304364741 20.0 144000
1695304406619 20.0 148000
1695304450489 20.0 152000
1695304491953 20.0 156000
1695304533313 20.0 160000
1695304577755 20.0 164000
1695304622910 20.0 168000
1695304666388 20.0 172000
1695304711494 20.0 176000
1695304751073 20.0 180000
1695304788783 20.0 184000
1695304832583 20.0 188000
1695304872702 20.0 192000
1695304909424 20.0 196000
1695304945279 20.0 200000
1695304982365 20.0 204000
1695305025045 20.0 208000
1695305061273 20.0 212000
1695305097734 20.0 216000
1695305135903 20.0 220000
1695305173122 20.0 224000
1695305208332 20.0 228000
1695305242174 20.0 232000
1695305273021 20.0 236000
1695305303707 20.0 240000
1695305335054 20.0 244000
1695305365463 20.0 248000
1695305395896 20.0 252000
1695305426408 20.0 256000
1695305457145 20.0 260000
1695305487759 20.0 264000
1695305518420 20.0 268000
1695305548824 20.0 272000
1695305579525 20.0 276000
1695305610986 20.0 280000
1695305641312 20.0 284000
1695305672142 20.0 288000
1695305702385 20.0 292000
1695305733800 20.0 296000
1695305763977 20.0 300000
1695305794984 20.0 304000
1695305825389 20.0 308000
1695305856245 20.0 312000
1695305886505 20.0 316000
1695305917132 20.0 320000
1695305947619 20.0 324000
1695305978541 20.0 328000
1695306008700 20.0 332000
1695306039563 20.0 336000
1695306070930 20.0 340000
1695306101835 20.0 344000
1695306132297 20.0 348000
1695306162924 20.0 352000
1695306193413 20.0 356000
1695306224335 20.0 360000
1695306254751 20.0 364000
1695306287170 20.0 368000
1695306318537 20.0 372000
1695306351116 20.0 376000
1695306382562 20.0 380000
1695306417698 20.0 384000
1695306452261 20.0 388000
1695306486503 20.0 392000
1695306519949 20.0 396000
1695306554126 20.0 400000
1695306586128 20.0 404000
1695306620833 20.0 408000
1695306653725 20.0 412000
1695306687423 20.0 416000
1695306720507 20.0 420000
1695306752979 20.0 424000
1695306786130 20.0 428000
1695306823451 20.0 432000
1695306860255 20.0 436000
1695306893600 20.0 440000
1695306927078 20.0 444000
1695306961151 20.0 448000
1695306995368 20.0 452000
1695307028971 20.0 456000
1695307061210 20.0 460000
1695307093425 20.0 464000
1695307128238 20.0 468000
1695307160959 20.0 472000
1695307193788 20.0 476000
1695307226945 20.0 480000
1695307261355 20.0 484000
1695307295822 20.0 488000
1695307328616 20.0 492000
1695307362247 20.0 496000
1695307398587 20.0 500000
1695307433833 20.0 504000
1695307466870 20.0 508000
1695307502366 20.0 512000
1695307540932 20.0 516000
1695307575819 20.0 520000
1695307615248 20.0 524000
1695307652966 20.0 528000
1695307689032 20.0 532000
1695307724806 20.0 536000
1695307759434 20.0 540000
1695307803690 20.0 544000
1695307846262 20.0 548000
1695307880745 20.0 552000
1695307919671 20.0 556000
1695307956844 20.0 560000
1695307994915 20.0 564000
1695308028069 20.0 568000
1695308062942 20.0 572000
1695308098144 20.0 576000
1695308132161 20.0 580000
1695308167269 20.0 584000
1695308204659 20.0 588000
1695308240272 20.0 592000
1695308275320 20.0 596000
1695308317685 20.0 600000
1695308353455 20.0 604000
1695308394812 20.0 608000
1695308433174 20.0 612000
1695308469804 20.0 616000
1695308516236 20.0 620000
1695308552813 20.0 624000
1695308589997 20.0 628000
1695308629779 20.0 632000
1695308665843 20.0 636000
1695308704017 20.0 640000
1695308741082 20.0 644000
1695308776493 20.0 648000
1695308813172 20.0 652000
1695308854557 20.0 656000
1695308889212 20.0 660000
1695308922308 20.0 664000
1695308955682 20.0 668000
1695308990700 20.0 672000
1695309025637 20.0 676000
1695309064335 20.0 680000
1695309102495 20.0 684000
1695309138110 20.0 688000
1695309173222 20.0 692000
1695309207235 20.0 696000
1695309241653 20.0 700000
1695309278163 20.0 704000
1695309314313 20.0 708000
1695309350772 20.0 712000
1695309387623 20.0 716000
1695309422334 20.0 720000
1695309457178 20.0 724000
1695309489567 20.0 728000
1695309522338 20.0 732000
1695309555515 20.0 736000
1695309590375 20.0 740000
1695309624634 20.0 744000
1695309658605 20.0 748000
1695309692395 20.0 752000
1695309730494 20.0 756000
1695309765045 20.0 760000
1695309797532 20.0 764000
1695309829890 20.0 768000
1695309863458 20.0 772000
1695309897365 20.0 776000
1695309932730 20.0 780000
1695309969996 20.0 784000
1695310015883 20.0 788000
1695310052623 20.0 792000
1695310087796 20.0 796000
1695310125700 20.0 800000
1695310160802 20.0 804000
1695310197799 20.0 808000
1695310240390 20.0 812000
1695310277612 20.0 816000
1695310312721 20.0 820000
1695310348364 20.0 824000
1695310386706 20.0 828000
1695310421547 20.0 832000
1695310455216 20.0 836000
1695310494053 20.0 840000
1695310538752 20.0 844000
1695310575985 20.0 848000
1695310616926 20.0 852000
1695310655502 20.0 856000
1695310690366 20.0 860000
1695310724081 20.0 864000
1695310758969 20.0 868000
