1695303109743 0.0 4000
1695303138430 0.0 8000
1695303167565 0.0 12000
1695303196337 0.0 16000
1695303230406 0.0 20000
1695303262729 0.0 24000
1695303295875 0.0 28000
1695303328706 0.0 32000
1695303360600 0.0 36000
1695303392727 0.0 40000
1695303425092 0.0 44000
1695303456280 0.0 48000
1695303488004 0.0 52000
1695303518747 0.0 56000
1695303550459 0.0 60000
1695303581649 0.0 64000
1695303615388 0.0 68000
1695303648121 0.0 72000
1695303680792 0.0 76000
1695303712541 0.0 80000
1695303753743 0.0 84000
1695303786251 0.0 88000
1695303816981 0.0 92000
1695303852685 0.0 96000
1695303897873 0.0 100000
1695303939943 0.0 104000
1695303972669 0.0 108000
1695304013205 0.0 112000
1695304058381 0.0 116000
1695304101582 0.0 120000
1695304142345 0.0 124000
1695304192085 0.0 128000
1695304235767 0.0 132000
1695304278879 0.0 136000
1695304323134 0.0 140000
1695304364739 0.0 144000
1695304406617 0.0 148000
1695304450487 0.0 152000
1695304491951 0.0 156000
1695304533311 0.0 160000
1695304577754 0.0 164000
1695304622908 0.0 168000
1695304666387 0.0 172000
1695304711493 0.0 176000
1695304751072 0.0 180000
1695304788781 0.0 184000
1695304832582 0.0 188000
1695304872700 0.0 192000
1695304909422 0.0 196000
1695304945277 0.0 200000
1695304982364 0.0 204000
1695305025044 0.0 208000
1695305061271 0.0 212000
1695305097733 0.0 216000
1695305135902 0.0 220000
1695305173121 0.0 224000
1695305208331 0.0 228000
1695305242173 0.0 232000
1695305273020 0.0 236000
1695305303706 0.0 240000
1695305335053 0.0 244000
1695305365462 0.0 248000
1695305395895 0.0 252000
1695305426407 0.0 256000
1695305457144 0.0 260000
1695305487758 0.0 264000
1695305518419 0.0 268000
1695305548823 0.0 272000
1695305579524 0.0 276000
1695305610985 0.0 280000
1695305641311 0.0 284000
1695305672141 0.0 288000
1695305702384 0.0 292000
1695305733799 0.0 296000
1695305763975 0.0 300000
1695305794983 0.0 304000
1695305825388 0.0 308000
1695305856244 0.0 312000
1695305886504 0.0 316000
1695305917131 0.0 320000
1695305947617 0.0 324000
1695305978540 0.0 328000
1695306008699 0.0 332000
1695306039562 0.0 336000
1695306070929 0.0 340000
1695306101834 0.0 344000
1695306132296 0.0 348000
1695306162923 0.0 352000
1695306193412 0.0 356000
1695306224334 0.0 360000
1695306254750 0.0 364000
1695306287169 0.0 368000
1695306318536 0.0 372000
1695306351115 0.0 376000
1695306382561 0.0 380000
1695306417697 0.0 384000
1695306452260 0.0 388000
1695306486502 0.0 392000
1695306519948 0.0 396000
1695306554125 0.0 400000
1695306586127 0.0 404000
1695306620832 0.0 408000
1695306653724 0.0 412000
1695306687422 0.0 416000
1695306720506 0.0 420000
1695306752978 0.0 424000
1695306786129 0.0 428000
1695306823450 0.0 432000
1695306860254 0.0 436000
1695306893598 0.0 440000
1695306927077 0.0 444000
1695306961149 0.0 448000
1695306995367 0.0 452000
1695307028970 0.0 456000
1695307061209 0.0 460000
1695307093424 0.0 464000
1695307128237 0.0 468000
1695307160958 0.0 472000
1695307193787 0.0 476000
1695307226944 0.0 480000
1695307261354 0.0 484000
1695307295821 0.0 488000
1695307328615 0.0 492000
1695307362246 0.0 496000
1695307398585 0.0 500000
1695307433832 0.0 504000
1695307466868 0.0 508000
1695307502365 0.0 512000
1695307540931 0.0 516000
1695307575818 0.0 520000
1695307615246 0.0 524000
1695307652965 0.0 528000
1695307689031 0.0 532000
1695307724805 0.0 536000
1695307759433 0.0 540000
1695307803688 0.0 544000
1695307846261 0.0 548000
1695307880744 0.0 552000
1695307919670 0.0 556000
1695307956843 0.0 560000
1695307994914 0.0 564000
1695308028068 0.0 568000
1695308062941 0.0 572000
1695308098142 0.0 576000
1695308132159 0.0 580000
1695308167267 0.0 584000
1695308204658 0.0 588000
1695308240271 0.0 592000
1695308275319 0.0 596000
1695308317684 0.0 600000
1695308353453 0.0 604000
1695308394810 0.0 608000
1695308433173 0.0 612000
1695308469803 0.0 616000
1695308516235 0.0 620000
1695308552812 0.0 624000
1695308589996 0.0 628000
1695308629778 0.0 632000
1695308665841 0.0 636000
1695308704016 0.0 640000
1695308741081 0.0 644000
1695308776492 0.0 648000
1695308813171 0.0 652000
1695308854556 0.0 656000
1695308889211 0.0 660000
1695308922306 0.0 664000
1695308955681 0.0 668000
1695308990698 0.0 672000
1695309025636 0.0 676000
1695309064333 0.0 680000
1695309102494 0.0 684000
1695309138108 0.0 688000
1695309173221 0.0 692000
1695309207233 0.0 696000
1695309241652 0.0 700000
1695309278162 0.0 704000
1695309314311 0.0 708000
1695309350771 0.0 712000
1695309387622 0.0 716000
1695309422333 0.0 720000
1695309457177 0.0 724000
1695309489566 0.0 728000
1695309522337 0.0 732000
1695309555514 0.0 736000
1695309590374 0.0 740000
1695309624633 0.0 744000
1695309658603 0.0 748000
1695309692394 0.0 752000
1695309730493 0.0 756000
1695309765043 0.0 760000
1695309797531 0.0 764000
1695309829889 0.0 768000
1695309863457 0.0 772000
1695309897364 0.0 776000
1695309932729 0.0 780000
1695309969995 0.0 784000
1695310015882 0.0 788000
1695310052621 0.0 792000
1695310087795 0.0 796000
1695310125698 0.0 800000
1695310160801 0.0 804000
1695310197798 0.0 808000
1695310240389 0.0 812000
1695310277611 0.0 816000
1695310312720 0.0 820000
1695310348363 0.0 824000
1695310386705 0.0 828000
1695310421546 0.0 832000
1695310455215 0.0 836000
1695310494051 0.0 840000
1695310538750 0.0 844000
1695310575983 0.0 848000
1695310616924 0.0 852000
1695310655501 0.0 856000
1695310690365 0.0 860000
1695310724080 0.0 864000
1695310758968 0.0 868000
