1695303109744 0.0 4000
1695303138431 0.0 8000
1695303167566 0.0 12000
1695303196338 0.0 16000
1695303230407 0.0 20000
1695303262730 0.0 24000
1695303295875 0.0 28000
1695303328707 0.0 32000
1695303360601 0.0 36000
1695303392728 0.0 40000
1695303425092 0.0 44000
1695303456281 0.0 48000
1695303488005 0.0 52000
1695303518748 0.0 56000
1695303550460 0.0 60000
1695303581650 0.0 64000
1695303615389 0.0 68000
1695303648122 0.0 72000
1695303680793 0.0 76000
1695303712542 0.0 80000
1695303753744 0.0 84000
1695303786252 0.0 88000
1695303816981 0.0 92000
1695303852686 0.0 96000
1695303897874 0.0 100000
1695303939943 0.0 104000
1695303972671 0.0 108000
1695304013206 0.0 112000
1695304058382 0.0 116000
1695304101583 0.0 120000
1695304142346 0.0 124000
1695304192086 0.0 128000
1695304235768 0.0 132000
1695304278880 0.0 136000
1695304323135 0.0 140000
1695304364740 0.0 144000
1695304406618 0.0 148000
1695304450488 0.0 152000
1695304491952 0.0 156000
1695304533312 0.0 160000
1695304577755 0.0 164000
1695304622909 0.0 168000
1695304666387 0.0 172000
1695304711493 0.0 176000
1695304751073 0.0 180000
1695304788782 0.0 184000
1695304832583 0.0 188000
1695304872701 0.0 192000
1695304909423 0.0 196000
1695304945278 0.0 200000
1695304982365 0.0 204000
1695305025045 0.0 208000
1695305061272 0.0 212000
1695305097734 0.0 216000
1695305135903 0.0 220000
1695305173121 0.0 224000
1695305208331 0.0 228000
1695305242174 0.0 232000
1695305273021 0.0 236000
1695305303707 0.0 240000
1695305335054 0.0 244000
1695305365463 0.0 248000
1695305395896 0.0 252000
1695305426408 0.0 256000
1695305457144 0.0 260000
1695305487759 0.0 264000
1695305518420 0.0 268000
1695305548824 0.0 272000
1695305579525 0.0 276000
1695305610986 0.0 280000
1695305641312 0.0 284000
1695305672142 0.0 288000
1695305702385 0.0 292000
1695305733800 0.0 296000
1695305763976 0.0 300000
1695305794983 0.0 304000
1695305825389 0.0 308000
1695305856244 0.0 312000
1695305886505 0.0 316000
1695305917132 0.0 320000
1695305947618 0.0 324000
1695305978541 0.0 328000
1695306008700 0.0 332000
1695306039562 0.0 336000
1695306070930 0.0 340000
1695306101835 0.0 344000
1695306132297 0.0 348000
1695306162923 0.0 352000
1695306193413 0.0 356000
1695306224335 0.0 360000
1695306254751 0.0 364000
1695306287170 0.0 368000
1695306318537 0.0 372000
1695306351115 0.0 376000
1695306382562 0.0 380000
1695306417697 0.0 384000
1695306452261 0.0 388000
1695306486503 0.0 392000
1695306519949 0.0 396000
1695306554126 0.0 400000
1695306586128 0.0 404000
1695306620833 0.0 408000
1695306653725 0.0 412000
1695306687423 0.0 416000
1695306720506 0.0 420000
1695306752979 0.0 424000
1695306786130 0.0 428000
1695306823450 0.0 432000
1695306860254 0.0 436000
1695306893599 0.0 440000
1695306927077 0.0 444000
1695306961150 0.0 448000
1695306995368 0.0 452000
1695307028971 0.0 456000
1695307061210 0.0 460000
1695307093425 0.0 464000
1695307128238 0.0 468000
1695307160958 0.0 472000
1695307193788 0.0 476000
1695307226944 0.0 480000
1695307261354 0.0 484000
1695307295822 0.0 488000
1695307328616 0.0 492000
1695307362247 0.0 496000
1695307398586 0.0 500000
1695307433833 0.0 504000
1695307466869 0.0 508000
1695307502366 0.0 512000
1695307540932 0.0 516000
1695307575819 0.0 520000
1695307615247 0.0 524000
1695307652966 0.0 528000
1695307689031 0.0 532000
1695307724806 0.0 536000
1695307759434 0.0 540000
1695307803689 0.0 544000
1695307846262 0.0 548000
1695307880745 0.0 552000
1695307919671 0.0 556000
1695307956844 0.0 560000
1695307994915 0.0 564000
1695308028068 0.0 568000
1695308062941 0.0 572000
1695308098143 0.0 576000
1695308132160 0.0 580000
1695308167268 0.0 584000
1695308204659 0.0 588000
1695308240272 0.0 592000
1695308275320 0.0 596000
1695308317685 0.0 600000
1695308353454 0.0 604000
1695308394811 0.0 608000
1695308433174 0.0 612000
1695308469804 0.0 616000
1695308516236 0.0 620000
1695308552812 0.0 624000
1695308589997 0.0 628000
1695308629779 0.0 632000
1695308665842 0.0 636000
1695308704017 0.0 640000
1695308741081 0.0 644000
1695308776493 0.0 648000
1695308813172 0.0 652000
1695308854557 0.0 656000
1695308889212 0.0 660000
1695308922307 0.0 664000
1695308955682 0.0 668000
1695308990699 0.0 672000
1695309025637 0.0 676000
1695309064334 0.0 680000
1695309102495 0.0 684000
1695309138109 0.0 688000
1695309173222 0.0 692000
1695309207234 0.0 696000
1695309241652 0.0 700000
1695309278163 0.0 704000
1695309314312 0.0 708000
1695309350771 0.0 712000
1695309387623 0.0 716000
1695309422333 0.0 720000
1695309457178 0.0 724000
1695309489567 0.0 728000
1695309522338 0.0 732000
1695309555514 0.0 736000
1695309590375 0.0 740000
1695309624634 0.0 744000
1695309658604 0.0 748000
1695309692395 0.0 752000
1695309730494 0.0 756000
1695309765044 0.0 760000
1695309797532 0.0 764000
1695309829890 0.0 768000
1695309863457 0.0 772000
1695309897365 0.0 776000
1695309932729 0.0 780000
1695309969996 0.0 784000
1695310015883 0.0 788000
1695310052622 0.0 792000
1695310087795 0.0 796000
1695310125699 0.0 800000
1695310160801 0.0 804000
1695310197799 0.0 808000
1695310240390 0.0 812000
1695310277612 0.0 816000
1695310312721 0.0 820000
1695310348364 0.0 824000
1695310386706 0.0 828000
1695310421547 0.0 832000
1695310455215 0.0 836000
1695310494052 0.0 840000
1695310538751 0.0 844000
1695310575984 0.0 848000
1695310616925 0.0 852000
1695310655502 0.0 856000
1695310690366 0.0 860000
1695310724081 0.0 864000
1695310758969 0.0 868000
