1695303109751 1.0 4000
1695303138439 1.0 8000
1695303167574 1.0 12000
1695303196346 1.0 16000
1695303230415 1.0 20000
1695303262738 1.0 24000
1695303295882 1.0 28000
1695303328715 1.0 32000
1695303360609 1.0 36000
1695303392736 1.0 40000
1695303425100 1.0 44000
1695303456289 1.0 48000
1695303488012 1.0 52000
1695303518755 1.0 56000
1695303550467 1.0 60000
1695303581657 1.0 64000
1695303615397 1.0 68000
1695303648129 1.0 72000
1695303680800 1.0 76000
1695303712549 1.0 80000
1695303753752 1.0 84000
1695303786260 1.0 88000
1695303816989 1.0 92000
1695303852696 1.0 96000
1695303897888 1.0 100000
1695303939951 1.0 104000
1695303972685 1.0 108000
1695304013215 1.0 112000
1695304058392 1.0 116000
1695304101594 1.0 120000
1695304142358 1.0 124000
1695304192098 1.0 128000
1695304235777 1.0 132000
1695304278890 1.0 136000
1695304323146 1.0 140000
1695304364750 1.0 144000
1695304406631 1.0 148000
1695304450498 1.0 152000
1695304491961 1.0 156000
1695304533322 1.0 160000
1695304577764 1.0 164000
1695304622919 1.0 168000
1695304666396 1.0 172000
1695304711500 1.0 176000
1695304751081 1.0 180000
1695304788790 1.0 184000
1695304832590 1.0 188000
1695304872710 1.0 192000
1695304909431 1.0 196000
1695304945287 1.0 200000
1695304982373 1.0 204000
1695305025054 1.0 208000
1695305061280 1.0 212000
1695305097743 1.0 216000
1695305135911 1.0 220000
1695305173130 1.0 224000
1695305208339 1.0 228000
1695305242181 1.0 232000
1695305273028 1.0 236000
1695305303715 1.0 240000
1695305335061 1.0 244000
1695305365470 1.0 248000
1695305395903 1.0 252000
1695305426415 1.0 256000
1695305457152 1.0 260000
1695305487766 1.0 264000
1695305518427 1.0 268000
1695305548832 1.0 272000
1695305579531 1.0 276000
1695305610993 1.0 280000
1695305641319 1.0 284000
1695305672149 1.0 288000
1695305702392 1.0 292000
1695305733807 1.0 296000
1695305763984 1.0 300000
1695305794990 1.0 304000
1695305825396 1.0 308000
1695305856252 1.0 312000
1695305886511 1.0 316000
1695305917139 1.0 320000
1695305947625 1.0 324000
1695305978547 1.0 328000
1695306008707 1.0 332000
1695306039570 1.0 336000
1695306070937 1.0 340000
1695306101842 1.0 344000
1695306132304 1.0 348000
1695306162930 1.0 352000
1695306193419 1.0 356000
1695306224342 1.0 360000
1695306254758 1.0 364000
1695306287177 1.0 368000
1695306318544 1.0 372000
1695306351123 1.0 376000
1695306382568 1.0 380000
1695306417705 1.0 384000
1695306452268 1.0 388000
1695306486511 1.0 392000
1695306519956 1.0 396000
1695306554133 1.0 400000
1695306586136 1.0 404000
1695306620841 1.0 408000
1695306653732 1.0 412000
1695306687431 1.0 416000
1695306720514 1.0 420000
1695306752986 1.0 424000
1695306786138 1.0 428000
1695306823459 1.0 432000
1695306860262 1.0 436000
1695306893607 1.0 440000
1695306927085 1.0 444000
1695306961158 1.0 448000
1695306995375 1.0 452000
1695307028978 1.0 456000
1695307061218 1.0 460000
1695307093433 1.0 464000
1695307128245 1.0 468000
1695307160966 1.0 472000
1695307193795 1.0 476000
1695307226952 1.0 480000
1695307261362 1.0 484000
1695307295829 1.0 488000
1695307328623 1.0 492000
1695307362254 1.0 496000
1695307398594 1.0 500000
1695307433840 1.0 504000
1695307466878 1.0 508000
1695307502374 1.0 512000
1695307540940 1.0 516000
1695307575826 1.0 520000
1695307615259 1.0 524000
1695307652973 1.0 528000
1695307689042 1.0 532000
1695307724813 1.0 536000
1695307759441 1.0 540000
1695307803699 1.0 544000
1695307846269 1.0 548000
1695307880753 1.0 552000
1695307919679 1.0 556000
1695307956853 1.0 560000
1695307994923 1.0 564000
1695308028076 1.0 568000
1695308062949 1.0 572000
1695308098150 1.0 576000
1695308132168 1.0 580000
1695308167276 1.0 584000
1695308204667 1.0 588000
1695308240279 1.0 592000
1695308275328 1.0 596000
1695308317693 1.0 600000
1695308353463 1.0 604000
1695308394821 1.0 608000
1695308433181 1.0 612000
1695308469812 1.0 616000
1695308516244 1.0 620000
1695308552821 1.0 624000
1695308590006 1.0 628000
1695308629787 1.0 632000
1695308665852 1.0 636000
1695308704025 1.0 640000
1695308741089 1.0 644000
1695308776501 1.0 648000
1695308813181 1.0 652000
1695308854564 1.0 656000
1695308889219 1.0 660000
1695308922315 1.0 664000
1695308955689 1.0 668000
1695308990708 1.0 672000
1695309025646 1.0 676000
1695309064343 1.0 680000
1695309102503 1.0 684000
1695309138118 1.0 688000
1695309173229 1.0 692000
1695309207243 1.0 696000
1695309241660 1.0 700000
1695309278171 1.0 704000
1695309314321 1.0 708000
1695309350779 1.0 712000
1695309387631 1.0 716000
1695309422341 1.0 720000
1695309457185 1.0 724000
1695309489574 1.0 728000
1695309522345 1.0 732000
1695309555522 1.0 736000
1695309590383 1.0 740000
1695309624641 1.0 744000
1695309658611 1.0 748000
1695309692402 1.0 752000
1695309730506 1.0 756000
1695309765052 1.0 760000
1695309797539 1.0 764000
1695309829897 1.0 768000
1695309863465 1.0 772000
1695309897374 1.0 776000
1695309932737 1.0 780000
1695309970004 1.0 784000
1695310015890 1.0 788000
1695310052630 1.0 792000
1695310087804 1.0 796000
1695310125708 1.0 800000
1695310160809 1.0 804000
1695310197807 1.0 808000
1695310240398 1.0 812000
1695310277619 1.0 816000
1695310312729 1.0 820000
1695310348372 1.0 824000
1695310386715 1.0 828000
1695310421554 1.0 832000
1695310455223 1.0 836000
1695310494061 1.0 840000
1695310538759 1.0 844000
1695310575992 1.0 848000
1695310616937 1.0 852000
1695310655509 1.0 856000
1695310690373 1.0 860000
1695310724088 1.0 864000
1695310758976 1.0 868000
