1695136485653 1.0 4000
1695136522555 1.0 8000
1695136560488 1.0 12000
1695136594714 1.0 16000
1695136626350 1.0 20000
1695136659481 1.0 24000
1695136692967 1.0 28000
1695136726869 1.0 32000
1695136760630 1.0 36000
1695136795251 1.0 40000
1695136829890 1.0 44000
1695136863923 1.0 48000
1695136896354 1.0 52000
1695136932804 1.0 56000
1695136966910 1.0 60000
1695136999808 1.0 64000
1695137033508 1.0 68000
1695137066555 1.0 72000
1695137103837 1.0 76000
1695137142223 1.0 80000
1695137179794 1.0 84000
1695137217217 1.0 88000
1695137252717 1.0 92000
1695137286591 1.0 96000
1695137322212 1.0 100000
1695137356764 1.0 104000
1695137389788 1.0 108000
1695137421535 1.0 112000
1695137453499 1.0 116000
1695137486602 1.0 120000
1695137518855 1.0 124000
1695137553034 1.0 128000
1695137587543 1.0 132000
1695137620439 1.0 136000
1695137652439 1.0 140000
1695137685777 1.0 144000
1695137720487 1.0 148000
1695137753183 1.0 152000
1695137785994 1.0 156000
1695137819470 1.0 160000
