1695136485661 0.5 4000
1695136522562 0.5 8000
1695136560495 0.5 12000
1695136594720 0.5 16000
1695136626356 0.5 20000
1695136659488 0.5 24000
1695136692973 0.5 28000
1695136726876 0.5 32000
1695136760636 0.5 36000
1695136795257 0.5 40000
1695136829897 0.5 44000
1695136863930 0.5 48000
1695136896361 0.5 52000
1695136932810 0.5 56000
1695136966917 0.5 60000
1695136999814 0.5 64000
1695137033516 0.5 68000
1695137066561 0.5 72000
1695137103844 0.5 76000
1695137142230 0.5 80000
1695137179801 0.5 84000
1695137217224 0.5 88000
1695137252723 0.5 92000
1695137286597 0.5 96000
1695137322218 0.5 100000
1695137356771 0.5 104000
1695137389794 0.5 108000
1695137421542 0.5 112000
1695137453505 0.5 116000
1695137486608 0.5 120000
1695137518862 0.5 124000
1695137553041 0.5 128000
1695137587550 0.5 132000
1695137620446 0.5 136000
1695137652445 0.5 140000
1695137685784 0.5 144000
1695137720493 0.5 148000
1695137753189 0.5 152000
1695137786000 0.5 156000
1695137819477 0.5 160000
