1695136485661 0.001 4000
1695136522563 0.001 8000
1695136560495 0.001 12000
1695136594720 0.001 16000
1695136626357 0.001 20000
1695136659488 0.001 24000
1695136692973 0.001 28000
1695136726876 0.001 32000
1695136760637 0.001 36000
1695136795258 0.001 40000
1695136829897 0.001 44000
1695136863930 0.001 48000
1695136896361 0.001 52000
1695136932810 0.001 56000
1695136966917 0.001 60000
1695136999814 0.001 64000
1695137033516 0.001 68000
1695137066562 0.001 72000
1695137103845 0.001 76000
1695137142231 0.001 80000
1695137179801 0.001 84000
1695137217225 0.001 88000
1695137252724 0.001 92000
1695137286598 0.001 96000
1695137322218 0.001 100000
1695137356772 0.001 104000
1695137389795 0.001 108000
1695137421542 0.001 112000
1695137453505 0.001 116000
1695137486608 0.001 120000
1695137518862 0.001 124000
1695137553042 0.001 128000
1695137587550 0.001 132000
1695137620446 0.001 136000
1695137652446 0.001 140000
1695137685784 0.001 144000
1695137720494 0.001 148000
1695137753190 0.001 152000
1695137786000 0.001 156000
1695137819477 0.001 160000
