1695303109736 0.0042692820231119795 4000
1695303138423 0.0044207419118573585 8000
1695303167558 0.004615233494685247 12000
1695303196330 0.004589226510789659 16000
1695303230398 0.004743760631930443 20000
1695303262722 0.004870057106018066 24000
1695303295868 0.004956483840942383 28000
1695303328700 0.004971861839294434 32000
1695303360593 0.004887580871582031 36000
1695303392720 0.004865527153015137 40000
1695303425085 0.0048046112060546875 44000
1695303456274 0.0047931671142578125 48000
1695303487997 0.004742622375488281 52000
1695303518740 0.004712224006652832 56000
1695303550452 0.004745364189147949 60000
1695303581643 0.0048370361328125 64000
1695303615381 0.00486302375793457 68000
1695303648114 0.004899859428405762 72000
1695303680785 0.004900311960757357 76000
1695303712534 0.004861152397011811 80000
1695303753736 0.0062224027272817254 84000
1695303786245 0.005262408937726702 88000
1695303816974 0.0047973078540247726 92000
1695303852677 0.004978163712689666 96000
1695303897856 0.006177294545057343 100000
1695303939936 0.006411823571897021 104000
1695303972661 0.005223085713940997 108000
1695304013197 0.006065791819518778 112000
1695304058372 0.0065411062545428 116000
1695304101574 0.006588707204724922 120000
1695304142337 0.006076178876271689 124000
1695304192075 0.0070697503071635165 128000
1695304235758 0.00652329612324256 132000
1695304278870 0.006551464108655053 136000
1695304323125 0.006924546681917631 140000
1695304364731 0.006596773665472372 144000
1695304406607 0.006120545523507255 148000
1695304450478 0.006653702556026364 152000
1695304491944 0.006446242332458496 156000
1695304533303 0.006195367392847094 160000
1695304577745 0.00677177539238563 164000
1695304622899 0.006268929082451137 168000
1695304666379 0.0066387775408123136 172000
1695304711486 0.006520057070082513 176000
1695304751065 0.006116098827785916 180000
1695304788774 0.006013615378018083 184000
1695304832576 0.006331933424776832 188000
1695304872693 0.006059600460913873 192000
1695304909415 0.005660347613809784 196000
1695304945270 0.005746289134426952 200000
1695304982356 0.00584299365679423 204000
1695305025036 0.0062187910079956055 208000
1695305061264 0.005632379780644956 212000
1695305097725 0.005694023974530109 216000
1695305135895 0.005638142496035905 220000
1695305173113 0.005769160013556887 224000
1695305208323 0.005401238646523538 228000
1695305242166 0.005312854168461818 232000
1695305273014 0.004928404824775562 236000
1695305303699 0.0049260946420522835 240000
1695305335047 0.004987626705529555 244000
1695305365456 0.004731861141085209 248000
1695305395889 0.00477545744889266 252000
1695305426400 0.004704766354318392 256000
1695305457137 0.004847024259193936 260000
1695305487751 0.004759603652401247 264000
1695305518413 0.004882375958939673 268000
1695305548816 0.004784307546085781 272000
1695305579517 0.004852563142776489 276000
1695305610978 0.0048926561185629065 280000
1695305641305 0.004856237748853204 284000
1695305672136 0.004765736002500365 288000
1695305702378 0.00474619514801923 292000
1695305733793 0.004862976395321213 296000
1695305763968 0.0046827395757039385 300000
1695305794976 0.004847272694539681 304000
1695305825382 0.004751963808967618 308000
1695305856237 0.004836041541776248 312000
1695305886498 0.004835910088307149 316000
1695305917125 0.004823137037824876 320000
1695305947611 0.004789613237316977 324000
1695305978534 0.004906150767512054 328000
1695306008693 0.004733853067211832 332000
1695306039555 0.004874755053630363 336000
1695306070923 0.004846399480646307 340000
1695306101827 0.004823078775102166 344000
1695306132290 0.004749696816193773 348000
1695306162916 0.004774493140143317 352000
1695306193406 0.004685273418178806 356000
1695306224328 0.004794106290147111 360000
1695306254744 0.00477926128875838 364000
1695306287163 0.004931829041904873 368000
1695306318530 0.004772345225016276 372000
1695306351108 0.004853208859761556 376000
1695306382555 0.0049383123329928 380000
1695306417690 0.005200475354657125 384000
1695306452249 0.00514366587654489 388000
1695306486495 0.004984553043658917 392000
1695306519942 0.0051870087909091055 396000
1695306554117 0.005060700616476052 400000
1695306586121 0.00498322279829728 404000
1695306620825 0.005136341998801414 408000
1695306653718 0.005006300259942878 412000
1695306687414 0.005164308455383893 416000
1695306720499 0.0050533349346962705 420000
1695306752971 0.004869554100967035 424000
1695306786123 0.005009611447652181 428000
1695306823442 0.005492363595790381 432000
1695306860247 0.005531192221910851 436000
1695306893592 0.004986103843240177 440000
1695306927069 0.005014255398609599 444000
1695306961143 0.005137114911466031 448000
1695306995361 0.005076702671869359 452000
1695307028963 0.0051028497757450225 456000
1695307061202 0.004976906188546795 460000
1695307093417 0.004830679942652122 464000
1695307128230 0.005278913516563391 468000
1695307160950 0.0049101339804159625 472000
1695307193780 0.004908051153626105 476000
1695307226936 0.004909652294498859 480000
1695307261347 0.0051182049971360425 484000
1695307295815 0.005057192685311301 488000
1695307328609 0.005058597211968409 492000
1695307362239 0.005366593076471696 496000
1695307398578 0.0050005346241563855 500000
1695307433825 0.005392259673068398 504000
1695307466861 0.004994503060298568 508000
1695307502357 0.005353509990218418 512000
1695307540923 0.005399784772499059 516000
1695307575811 0.005290492788537756 520000
1695307615237 0.005668824718844506 524000
1695307652958 0.005615866461465525 528000
1695307689024 0.005111485332637639 532000
1695307724798 0.0054200993308538125 536000
1695307759427 0.0051555105451652206 540000
1695307803679 0.006121925160854678 544000
1695307846254 0.006318092346191406 548000
1695307880736 0.0050388819334522775 552000
1695307919663 0.005854449225860892 556000
1695307956835 0.0050708259406842685 560000
1695307994907 0.005693144353639658 564000
1695308028061 0.004999622020846099 568000
1695308062934 0.005141057466205798 572000
1695308098136 0.005130501060219078 576000
1695308132152 0.005091139194717167 580000
1695308167261 0.005042514117610571 584000
1695308204650 0.005267448112612865 588000
1695308240264 0.005321180705472204 592000
1695308275311 0.004999629862896808 596000
1695308317675 0.006063791890494739 600000
1695308353446 0.0052621311945870095 604000
1695308394800 0.005621979989912301 608000
1695308433166 0.005739888587555328 612000
1695308469795 0.005259546073707375 616000
1695308516227 0.006624479762843398 620000
1695308552804 0.005372122553000496 624000
1695308589988 0.005309667183444244 628000
1695308629770 0.005954332625904023 632000
1695308665832 0.005331438177554034 636000
1695308704008 0.005486945118333144 640000
1695308741074 0.00556358106576713 644000
1695308776485 0.00505466309804765 648000
1695308813163 0.005549134183007653 652000
1695308854549 0.006027393091737834 656000
1695308889204 0.00529409204638979 660000
1695308922299 0.005076684858589297 664000
1695308955674 0.004973878892157165 668000
1695308990691 0.005352147627342796 672000
1695309025628 0.005093586990256715 676000
1695309064325 0.00518031026187696 680000
1695309102487 0.005542623753450355 684000
1695309138101 0.005318676701749857 688000
1695309173214 0.0051966762851357075 692000
1695309207226 0.005125117838574376 696000
1695309241645 0.005093781776677549 700000
1695309278155 0.005197132888593171 704000
1695309314303 0.005302008460549747 708000
1695309350764 0.005352613972682579 712000
1695309387615 0.00511676168901744 716000
1695309422326 0.005294349032582961 720000
1695309457170 0.005199984898642888 724000
1695309489560 0.004980866871182881 728000
1695309522330 0.004812429001281312 732000
1695309555507 0.004986718820687681 736000
1695309590367 0.005269829743827869 740000
1695309624626 0.005095744683797604 744000
1695309658597 0.0050577521324157715 748000
1695309692387 0.004899421253719846 752000
1695309730485 0.00532073334763987 756000
1695309765037 0.005274377763271332 760000
1695309797525 0.00485829416030831 764000
1695309829882 0.0049937744529879825 768000
1695309863450 0.004999126706804548 772000
1695309897357 0.005047366446125018 776000
1695309932722 0.005174572184934455 780000
1695309969988 0.0051084502798612 784000
1695310015875 0.006254514058430989 788000
1695310052614 0.00539672111487163 792000
1695310087787 0.005091444339627534 796000
1695310125689 0.005379210997729412 800000
1695310160794 0.0052769722477082285 804000
1695310197790 0.005089595348020143 808000
1695310240381 0.0059301860797138645 812000
1695310277604 0.005423079563092582 816000
1695310312713 0.005186894896683419 820000
1695310348355 0.005197636783123016 824000
1695310386696 0.005368863788768403 828000
1695310421540 0.0052641865401762385 832000
1695310455208 0.005031494224596323 836000
1695310494044 0.005624286565194238 840000
1695310538744 0.006477434152192241 844000
1695310575976 0.005165518671753322 848000
1695310616912 0.005749163155357678 852000
1695310655495 0.006137807157975209 856000
1695310690358 0.0050362176115407884 860000
1695310724074 0.005017263820757881 864000
1695310758961 0.005023864007765247 868000
