1695303109762 0.001 4000
1695303138449 0.001 8000
1695303167584 0.001 12000
1695303196356 0.001 16000
1695303230426 0.001 20000
1695303262747 0.001 24000
1695303295892 0.001 28000
1695303328724 0.001 32000
1695303360619 0.001 36000
1695303392745 0.001 40000
1695303425109 0.001 44000
1695303456299 0.001 48000
1695303488022 0.001 52000
1695303518765 0.001 56000
1695303550477 0.001 60000
1695303581666 0.001 64000
1695303615407 0.001 68000
1695303648138 0.001 72000
1695303680809 0.001 76000
1695303712558 0.001 80000
1695303753762 0.001 84000
1695303786270 0.001 88000
1695303816999 0.001 92000
1695303852708 0.001 96000
1695303897903 0.001 100000
1695303939959 0.001 104000
1695303972696 0.001 108000
1695304013227 0.001 112000
1695304058405 0.001 116000
1695304101607 0.001 120000
1695304142369 0.001 124000
1695304192113 0.001 128000
1695304235789 0.001 132000
1695304278903 0.001 136000
1695304323159 0.001 140000
1695304364762 0.001 144000
1695304406645 0.001 148000
1695304450511 0.001 152000
1695304491971 0.001 156000
1695304533334 0.001 160000
1695304577776 0.001 164000
1695304622932 0.001 168000
1695304666408 0.001 172000
1695304711511 0.001 176000
1695304751092 0.001 180000
1695304788801 0.001 184000
1695304832600 0.001 188000
1695304872721 0.001 192000
1695304909442 0.001 196000
1695304945297 0.001 200000
1695304982384 0.001 204000
1695305025066 0.001 208000
1695305061291 0.001 212000
1695305097754 0.001 216000
1695305135923 0.001 220000
1695305173141 0.001 224000
1695305208350 0.001 228000
1695305242190 0.001 232000
1695305273037 0.001 236000
1695305303726 0.001 240000
1695305335070 0.001 244000
1695305365480 0.001 248000
1695305395912 0.001 252000
1695305426425 0.001 256000
1695305457161 0.001 260000
1695305487776 0.001 264000
1695305518436 0.001 268000
1695305548841 0.001 272000
1695305579540 0.001 276000
1695305611002 0.001 280000
1695305641328 0.001 284000
1695305672158 0.001 288000
1695305702401 0.001 292000
1695305733815 0.001 296000
1695305763994 0.001 300000
1695305794999 0.001 304000
1695305825405 0.001 308000
1695305856260 0.001 312000
1695305886520 0.001 316000
1695305917148 0.001 320000
1695305947634 0.001 324000
1695305978556 0.001 328000
1695306008716 0.001 332000
1695306039579 0.001 336000
1695306070946 0.001 340000
1695306101851 0.001 344000
1695306132313 0.001 348000
1695306162939 0.001 352000
1695306193428 0.001 356000
1695306224351 0.001 360000
1695306254766 0.001 364000
1695306287186 0.001 368000
1695306318553 0.001 372000
1695306351133 0.001 376000
1695306382576 0.001 380000
1695306417715 0.001 384000
1695306452278 0.001 388000
1695306486521 0.001 392000
1695306519965 0.001 396000
1695306554144 0.001 400000
1695306586145 0.001 404000
1695306620851 0.001 408000
1695306653741 0.001 412000
1695306687441 0.001 416000
1695306720523 0.001 420000
1695306752995 0.001 424000
1695306786147 0.001 428000
1695306823469 0.001 432000
1695306860272 0.001 436000
1695306893616 0.001 440000
1695306927096 0.001 444000
1695306961167 0.001 448000
1695306995384 0.001 452000
1695307028987 0.001 456000
1695307061227 0.001 460000
1695307093443 0.001 464000
1695307128255 0.001 468000
1695307160977 0.001 472000
1695307193805 0.001 476000
1695307226963 0.001 480000
1695307261372 0.001 484000
1695307295838 0.001 488000
1695307328633 0.001 492000
1695307362264 0.001 496000
1695307398607 0.001 500000
1695307433849 0.001 504000
1695307466889 0.001 508000
1695307502393 0.001 512000
1695307540950 0.001 516000
1695307575836 0.001 520000
1695307615272 0.001 524000
1695307652982 0.001 528000
1695307689059 0.001 532000
1695307724823 0.001 536000
1695307759451 0.001 540000
1695307803711 0.001 544000
1695307846279 0.001 548000
1695307880764 0.001 552000
1695307919689 0.001 556000
1695307956864 0.001 560000
1695307994932 0.001 564000
1695308028085 0.001 568000
1695308062959 0.001 572000
1695308098160 0.001 576000
1695308132178 0.001 580000
1695308167286 0.001 584000
1695308204678 0.001 588000
1695308240289 0.001 592000
1695308275339 0.001 596000
1695308317704 0.001 600000
1695308353474 0.001 604000
1695308394835 0.001 608000
1695308433191 0.001 612000
1695308469824 0.001 616000
1695308516255 0.001 620000
1695308552831 0.001 624000
1695308590018 0.001 628000
1695308629798 0.001 632000
1695308665868 0.001 636000
1695308704036 0.001 640000
1695308741099 0.001 644000
1695308776511 0.001 648000
1695308813193 0.001 652000
1695308854573 0.001 656000
1695308889229 0.001 660000
1695308922324 0.001 664000
1695308955699 0.001 668000
1695308990718 0.001 672000
1695309025658 0.001 676000
1695309064355 0.001 680000
1695309102513 0.001 684000
1695309138129 0.001 688000
1695309173239 0.001 692000
1695309207253 0.001 696000
1695309241670 0.001 700000
1695309278181 0.001 704000
1695309314333 0.001 708000
1695309350788 0.001 712000
1695309387641 0.001 716000
1695309422350 0.001 720000
1695309457195 0.001 724000
1695309489583 0.001 728000
1695309522354 0.001 732000
1695309555532 0.001 736000
1695309590393 0.001 740000
1695309624651 0.001 744000
1695309658621 0.001 748000
1695309692411 0.001 752000
1695309730521 0.001 756000
1695309765061 0.001 760000
1695309797549 0.001 764000
1695309829907 0.001 768000
1695309863474 0.001 772000
1695309897384 0.001 776000
1695309932747 0.001 780000
1695309970015 0.001 784000
1695310015900 0.001 788000
1695310052640 0.001 792000
1695310087815 0.001 796000
1695310125719 0.001 800000
1695310160818 0.001 804000
1695310197819 0.001 808000
1695310240410 0.001 812000
1695310277629 0.001 816000
1695310312739 0.001 820000
1695310348383 0.001 824000
1695310386727 0.001 828000
1695310421564 0.001 832000
1695310455233 0.001 836000
1695310494072 0.001 840000
1695310538768 0.001 844000
1695310576003 0.001 848000
1695310616957 0.001 852000
1695310655519 0.001 856000
1695310690383 0.001 860000
1695310724098 0.001 864000
1695310758986 0.001 868000
