1695303109761 0.5 4000
1695303138448 0.5 8000
1695303167583 0.5 12000
1695303196356 0.5 16000
1695303230426 0.5 20000
1695303262746 0.5 24000
1695303295891 0.5 28000
1695303328723 0.5 32000
1695303360618 0.5 36000
1695303392745 0.5 40000
1695303425108 0.5 44000
1695303456298 0.5 48000
1695303488021 0.5 52000
1695303518764 0.5 56000
1695303550476 0.5 60000
1695303581666 0.5 64000
1695303615406 0.5 68000
1695303648138 0.5 72000
1695303680809 0.5 76000
1695303712557 0.5 80000
1695303753761 0.5 84000
1695303786269 0.5 88000
1695303816998 0.5 92000
1695303852708 0.5 96000
1695303897902 0.5 100000
1695303939959 0.5 104000
1695303972695 0.5 108000
1695304013226 0.5 112000
1695304058405 0.5 116000
1695304101606 0.5 120000
1695304142369 0.5 124000
1695304192112 0.5 128000
1695304235789 0.5 132000
1695304278902 0.5 136000
1695304323158 0.5 140000
1695304364761 0.5 144000
1695304406644 0.5 148000
1695304450510 0.5 152000
1695304491971 0.5 156000
1695304533333 0.5 160000
1695304577775 0.5 164000
1695304622931 0.5 168000
1695304666407 0.5 172000
1695304711510 0.5 176000
1695304751092 0.5 180000
1695304788800 0.5 184000
1695304832600 0.5 188000
1695304872720 0.5 192000
1695304909441 0.5 196000
1695304945296 0.5 200000
1695304982383 0.5 204000
1695305025066 0.5 208000
1695305061290 0.5 212000
1695305097753 0.5 216000
1695305135922 0.5 220000
1695305173140 0.5 224000
1695305208349 0.5 228000
1695305242189 0.5 232000
1695305273036 0.5 236000
1695305303725 0.5 240000
1695305335070 0.5 244000
1695305365479 0.5 248000
1695305395911 0.5 252000
1695305426424 0.5 256000
1695305457160 0.5 260000
1695305487775 0.5 264000
1695305518435 0.5 268000
1695305548840 0.5 272000
1695305579539 0.5 276000
1695305611001 0.5 280000
1695305641327 0.5 284000
1695305672157 0.5 288000
1695305702400 0.5 292000
1695305733815 0.5 296000
1695305763994 0.5 300000
1695305794999 0.5 304000
1695305825404 0.5 308000
1695305856260 0.5 312000
1695305886520 0.5 316000
1695305917147 0.5 320000
1695305947634 0.5 324000
1695305978555 0.5 328000
1695306008715 0.5 332000
1695306039578 0.5 336000
1695306070946 0.5 340000
1695306101851 0.5 344000
1695306132312 0.5 348000
1695306162939 0.5 352000
1695306193428 0.5 356000
1695306224350 0.5 360000
1695306254766 0.5 364000
1695306287185 0.5 368000
1695306318552 0.5 372000
1695306351132 0.5 376000
1695306382576 0.5 380000
1695306417714 0.5 384000
1695306452277 0.5 388000
1695306486520 0.5 392000
1695306519964 0.5 396000
1695306554143 0.5 400000
1695306586145 0.5 404000
1695306620850 0.5 408000
1695306653740 0.5 412000
1695306687441 0.5 416000
1695306720522 0.5 420000
1695306752994 0.5 424000
1695306786146 0.5 428000
1695306823468 0.5 432000
1695306860271 0.5 436000
1695306893616 0.5 440000
1695306927095 0.5 444000
1695306961167 0.5 448000
1695306995384 0.5 452000
1695307028986 0.5 456000
1695307061227 0.5 460000
1695307093442 0.5 464000
1695307128254 0.5 468000
1695307160976 0.5 472000
1695307193804 0.5 476000
1695307226962 0.5 480000
1695307261371 0.5 484000
1695307295838 0.5 488000
1695307328632 0.5 492000
1695307362263 0.5 496000
1695307398606 0.5 500000
1695307433848 0.5 504000
1695307466888 0.5 508000
1695307502391 0.5 512000
1695307540950 0.5 516000
1695307575836 0.5 520000
1695307615271 0.5 524000
1695307652982 0.5 528000
1695307689058 0.5 532000
1695307724822 0.5 536000
1695307759450 0.5 540000
1695307803710 0.5 544000
1695307846278 0.5 548000
1695307880764 0.5 552000
1695307919688 0.5 556000
1695307956863 0.5 560000
1695307994932 0.5 564000
1695308028085 0.5 568000
1695308062959 0.5 572000
1695308098159 0.5 576000
1695308132178 0.5 580000
1695308167285 0.5 584000
1695308204678 0.5 588000
1695308240288 0.5 592000
1695308275338 0.5 596000
1695308317704 0.5 600000
1695308353473 0.5 604000
1695308394835 0.5 608000
1695308433190 0.5 612000
1695308469823 0.5 616000
1695308516254 0.5 620000
1695308552831 0.5 624000
1695308590017 0.5 628000
1695308629797 0.5 632000
1695308665867 0.5 636000
1695308704035 0.5 640000
1695308741098 0.5 644000
1695308776510 0.5 648000
1695308813192 0.5 652000
1695308854573 0.5 656000
1695308889228 0.5 660000
1695308922324 0.5 664000
1695308955699 0.5 668000
1695308990717 0.5 672000
1695309025657 0.5 676000
1695309064354 0.5 680000
1695309102513 0.5 684000
1695309138128 0.5 688000
1695309173238 0.5 692000
1695309207252 0.5 696000
1695309241669 0.5 700000
1695309278181 0.5 704000
1695309314332 0.5 708000
1695309350788 0.5 712000
1695309387640 0.5 716000
1695309422350 0.5 720000
1695309457194 0.5 724000
1695309489582 0.5 728000
1695309522353 0.5 732000
1695309555531 0.5 736000
1695309590392 0.5 740000
1695309624650 0.5 744000
1695309658621 0.5 748000
1695309692411 0.5 752000
1695309730521 0.5 756000
1695309765060 0.5 760000
1695309797548 0.5 764000
1695309829907 0.5 768000
1695309863473 0.5 772000
1695309897383 0.5 776000
1695309932746 0.5 780000
1695309970014 0.5 784000
1695310015899 0.5 788000
1695310052639 0.5 792000
1695310087814 0.5 796000
1695310125718 0.5 800000
1695310160817 0.5 804000
1695310197818 0.5 808000
1695310240409 0.5 812000
1695310277628 0.5 816000
1695310312738 0.5 820000
1695310348382 0.5 824000
1695310386726 0.5 828000
1695310421563 0.5 832000
1695310455232 0.5 836000
1695310494071 0.5 840000
1695310538767 0.5 844000
1695310576002 0.5 848000
1695310616956 0.5 852000
1695310655518 0.5 856000
1695310690383 0.5 860000
1695310724097 0.5 864000
1695310758985 0.5 868000
