1695303109674 -0.1388 4000
1695303138362 0.031903225806451566 8000
1695303167498 -0.014653846153846208 12000
1695303196268 -0.009722222222222262 16000
1695303230328 -0.027344086021505412 20000
1695303262662 0.0037399999999999543 24000
1695303295808 0.005319999999999953 28000
1695303328641 0.05966999999999996 32000
1695303360529 0.06337999999999998 36000
1695303392660 0.06734999999999997 40000
1695303425026 0.06917999999999998 44000
1695303456212 0.08972999999999999 48000
1695303487938 0.15333999999999998 52000
1695303518681 0.14281999999999997 56000
1695303550394 0.06534 60000
1695303581584 0.04221 64000
1695303615318 0.060589999999999984 68000
1695303648058 0.12641 72000
1695303680727 0.08807766990291262 76000
1695303712477 0.06978301886792453 80000
1695303753674 0.0474954954954955 84000
1695303786188 0.15912857142857142 88000
1695303816912 0.11494017094017095 92000
1695303852601 0.11125850340136052 96000
1695303897724 0.1195060975609756 100000
1695303939878 0.12983333333333333 104000
1695303972598 0.10239069767441861 108000
1695304013123 0.09704761904761904 112000
1695304058294 0.14432876712328765 116000
1695304101506 0.13120901639344262 120000
1695304142268 0.1401566265060241 124000
1695304191981 0.1487432950191571 128000
1695304235681 0.13074045801526718 132000
1695304278793 0.13217153284671534 136000
1695304323050 0.15778076923076922 140000
1695304364652 0.15619867549668873 144000
1695304406518 0.18508013937282228 148000
1695304450401 0.16438078291814948 152000
1695304491877 0.20245999999999995 156000
1695304533228 0.2062915254237288 160000
1695304577674 0.20286538461538461 164000
1695304622822 0.20368439716312056 168000
1695304666310 0.21929010238907848 172000
1695304711430 0.24503985507246376 176000
1695304750998 0.26435416666666667 180000
1695304788705 0.2951793103448276 184000
1695304832509 0.2931375838926174 188000
1695304872624 0.30774193548387097 192000
1695304909341 0.31470250896057345 196000
1695304945207 0.30972727272727274 200000
1695304982291 0.3237395833333333 204000
1695305024965 0.38159666666666664 208000
1695305061199 0.383518115942029 212000
1695305097658 0.38418506493506493 216000
1695305135829 0.45228571428571424 220000
1695305173047 0.4157372013651877 224000
1695305208261 0.42934812286689417 228000
1695305242111 0.4544509803921568 232000
1695305272958 0.4793157894736842 236000
1695305303633 0.4648662207357859 240000
1695305334991 0.484532075471698 244000
1695305365397 0.47969337979094073 248000
1695305395834 0.527451048951049 252000
1695305426340 0.5058881355932204 256000
1695305457084 0.494459074733096 260000
1695305487691 0.5177463768115942 264000
1695305518359 0.5629929577464788 268000
1695305548758 0.6019895833333333 272000
1695305579465 0.5948854166666666 276000
1695305610922 0.5543795379537954 280000
1695305641249 0.6065748299319728 284000
1695305672084 0.604904761904762 288000
1695305702323 0.5786580882352941 292000
1695305733738 0.597087542087542 296000
1695305763899 0.5730766666666667 300000
1695305794921 0.5820863309352518 304000
1695305825327 0.606380073800738 308000
1695305856183 0.5989867986798679 312000
1695305886446 0.5625371621621621 316000
1695305917070 0.6079075907590759 320000
1695305947555 0.6173154362416107 324000
1695305978482 0.6272442244224423 328000
1695306008637 0.6194814814814814 332000
1695306039498 0.62406600660066 336000
1695306070867 0.6249512987012987 340000
1695306101771 0.6491464968152866 344000
1695306132236 0.6550204778156996 348000
1695306162861 0.6316858108108109 352000
1695306193350 0.5856493506493506 356000
1695306224273 0.6465168918918918 360000
1695306254688 0.6312422145328719 364000
1695306287108 0.6243680555555556 368000
1695306318474 0.6239421768707484 372000
1695306351043 0.6575866666666667 376000
1695306382502 0.6276763754045307 380000
1695306417629 0.675628762541806 384000
1695306452180 0.6306622950819673 388000
1695306486434 0.6153878205128205 392000
1695306519887 0.6282165605095541 396000
1695306554057 0.6690721649484536 400000
1695306586063 0.658578947368421 404000
1695306620763 0.7106933797909408 408000
1695306653662 0.7151232876712329 412000
1695306687350 0.6175857605177993 416000
1695306720440 0.627076433121019 420000
1695306752914 0.6792090592334494 424000
1695306786067 0.6369333333333334 428000
1695306823357 0.6133754512635379 432000
1695306860187 0.6841960132890365 436000
1695306893534 0.674702614379085 440000
1695306927004 0.6718360655737705 444000
1695306961084 0.6545675675675675 448000
1695306995303 0.6533135313531353 452000
1695307028905 0.6414967741935483 456000
1695307061142 0.6621643835616438 460000
1695307093357 0.6662920962199312 464000
1695307128172 0.5992442996742671 468000
1695307160887 0.6787567567567567 472000
1695307193721 0.6359124579124579 476000
1695307226875 0.6598052805280528 480000
1695307261287 0.6566185897435898 484000
1695307295758 0.6597087719298246 488000
1695307328549 0.6575582191780822 492000
1695307362178 0.6430526315789473 496000
1695307398513 0.6597623762376238 500000
1695307433765 0.6507927631578948 504000
1695307466796 0.6314163822525597 508000
1695307502292 0.652954248366013 512000
1695307540854 0.6460631229235879 516000
1695307575752 0.6635357142857143 520000
1695307615171 0.6433096774193549 524000
1695307652900 0.7242823920265781 528000
1695307688962 0.6564772727272727 532000
1695307724736 0.6278797468354431 536000
1695307759369 0.687214983713355 540000
1695307803584 0.638743670886076 544000
1695307846196 0.6476071428571428 548000
1695307880670 0.7248543046357616 552000
1695307919601 0.6438543689320388 556000
1695307956766 0.6734572368421052 560000
1695307994847 0.6443536977491962 564000
1695308028002 0.6663039215686275 568000
1695308062873 0.6787565789473684 572000
1695308098078 0.6505209790209789 576000
1695308132089 0.6668296529968454 580000
1695308167202 0.5778110749185668 584000
1695308204580 0.6355737704918033 588000
1695308240206 0.6557234726688103 592000
1695308275244 0.6330844155844156 596000
1695308317608 0.6607795527156549 600000
1695308353383 0.6479589905362777 604000
1695308394719 0.6626938110749185 608000
1695308433108 0.7022727272727273 612000
1695308469726 0.6686722972972973 616000
1695308516161 0.6385934426229509 620000
1695308552739 0.6621318327974277 624000
1695308589918 0.6396221498371336 628000
1695308629702 0.608188498402556 632000
1695308665754 0.6566655052264809 636000
1695308703939 0.6349546925566343 640000
1695308741015 0.6286974522292994 644000
1695308776419 0.6219174603174603 648000
1695308813093 0.6608664495114006 652000
1695308854491 0.6304183006535947 656000
1695308889145 0.5891069182389936 660000
1695308922240 0.5959934853420196 664000
1695308955613 0.6040764119601328 668000
1695308990625 0.6299218241042346 672000
1695309025556 0.6403169934640524 676000
1695309064249 0.662328947368421 680000
1695309102421 0.666860544217687 684000
1695309138036 0.6604025559105432 688000
1695309173153 0.6196537216828479 692000
1695309207163 0.6730064308681672 696000
1695309241586 0.6662581699346405 700000
1695309278091 0.7169078947368421 704000
1695309314234 0.6743660130718954 708000
1695309350706 0.6484673202614378 712000
1695309387553 0.642604501607717 716000
1695309422268 0.6572636655948553 720000
1695309457112 0.6532412698412698 724000
1695309489505 0.6428285714285714 728000
1695309522273 0.7023111888111888 732000
1695309555447 0.6529488817891373 736000
1695309590306 0.6264084967320261 740000
1695309624566 0.6140924092409241 744000
1695309658538 0.64328125 748000
1695309692330 0.7099763513513513 752000
1695309730407 0.6636198083067093 756000
1695309764978 0.6151500000000001 760000
1695309797469 0.6794256055363321 764000
1695309829823 0.6512619047619047 768000
1695309863391 0.6714448051948052 772000
1695309897297 0.6133123028391166 776000
1695309932661 0.6364983050847457 780000
1695309969923 0.662272131147541 784000
1695310015814 0.6331185897435898 788000
1695310052551 0.6255394321766561 792000
1695310087723 0.6530947712418301 796000
1695310125627 0.6237326732673267 800000
1695310160738 0.6091161290322581 804000
1695310197724 0.6342088607594938 808000
1695310240315 0.6260638977635784 812000
1695310277544 0.6088797468354431 816000
1695310312651 0.6539235668789809 820000
1695310348289 0.620246875 824000
1695310386612 0.6904587458745874 828000
1695310421484 0.6319297658862877 832000
1695310455146 0.6252672955974843 836000
1695310493979 0.6305792880258899 840000
1695310538686 0.6395016077170418 844000
1695310575913 0.6807491961414792 848000
1695310616827 0.6420862619808307 852000
1695310655436 0.6769462025316455 856000
1695310690299 0.6286132075471698 860000
1695310724016 0.6766645367412141 864000
1695310758903 0.6289709677419355 868000
