1695303109675 15.0 4000
1695303138363 16.0 8000
1695303167499 21.0 12000
1695303196269 20.0 16000
1695303230329 21.0 20000
1695303262663 20.0 24000
1695303295809 21.0 28000
1695303328642 25.0 32000
1695303360530 34.0 36000
1695303392661 23.0 40000
1695303425027 32.0 44000
1695303456213 41.0 48000
1695303487939 35.0 52000
1695303518682 39.0 56000
1695303550395 57.0 60000
1695303581585 56.0 64000
1695303615319 70.0 68000
1695303648059 70.0 72000
1695303680727 103.0 76000
1695303712478 106.0 80000
1695303753675 111.0 84000
1695303786188 140.0 88000
1695303816913 117.0 92000
1695303852602 147.0 96000
1695303897726 164.0 100000
1695303939879 204.0 104000
1695303972598 215.0 108000
1695304013124 231.0 112000
1695304058296 219.0 116000
1695304101507 244.0 120000
1695304142269 249.0 124000
1695304191982 261.0 128000
1695304235682 262.0 132000
1695304278795 274.0 136000
1695304323051 260.0 140000
1695304364653 302.0 144000
1695304406519 287.0 148000
1695304450402 281.0 152000
1695304491878 300.0 156000
1695304533229 295.0 160000
1695304577675 312.0 164000
1695304622823 282.0 168000
1695304666310 293.0 172000
1695304711431 276.0 176000
1695304750999 288.0 180000
1695304788706 290.0 184000
1695304832510 298.0 188000
1695304872625 310.0 192000
1695304909342 279.0 196000
1695304945207 297.0 200000
1695304982292 288.0 204000
1695305024966 300.0 208000
1695305061200 276.0 212000
1695305097659 308.0 216000
1695305135830 287.0 220000
1695305173048 293.0 224000
1695305208261 293.0 228000
1695305242112 255.0 232000
1695305272959 285.0 236000
1695305303634 299.0 240000
1695305334992 265.0 244000
1695305365398 287.0 248000
1695305395835 286.0 252000
1695305426341 295.0 256000
1695305457085 281.0 260000
1695305487692 276.0 264000
1695305518360 284.0 268000
1695305548758 288.0 272000
1695305579465 288.0 276000
1695305610923 303.0 280000
1695305641250 294.0 284000
1695305672085 294.0 288000
1695305702323 272.0 292000
1695305733739 297.0 296000
1695305763900 300.0 300000
1695305794922 278.0 304000
1695305825327 271.0 308000
1695305856184 303.0 312000
1695305886446 296.0 316000
1695305917071 303.0 320000
1695305947556 298.0 324000
1695305978483 303.0 328000
1695306008638 297.0 332000
1695306039499 303.0 336000
1695306070868 308.0 340000
1695306101772 314.0 344000
1695306132236 293.0 348000
1695306162862 296.0 352000
1695306193350 308.0 356000
1695306224274 296.0 360000
1695306254689 289.0 364000
1695306287109 288.0 368000
1695306318475 294.0 372000
1695306351044 300.0 376000
1695306382503 309.0 380000
1695306417630 299.0 384000
1695306452181 305.0 388000
1695306486435 312.0 392000
1695306519887 314.0 396000
1695306554058 291.0 400000
1695306586063 304.0 404000
1695306620764 287.0 408000
1695306653663 292.0 412000
1695306687351 309.0 416000
1695306720441 314.0 420000
1695306752915 287.0 424000
1695306786068 300.0 428000
1695306823358 277.0 432000
1695306860188 301.0 436000
1695306893535 306.0 440000
1695306927005 305.0 444000
1695306961085 296.0 448000
1695306995303 303.0 452000
1695307028906 310.0 456000
1695307061143 292.0 460000
1695307093358 291.0 464000
1695307128173 307.0 468000
1695307160888 296.0 472000
1695307193722 297.0 476000
1695307226876 303.0 480000
1695307261288 312.0 484000
1695307295759 285.0 488000
1695307328550 292.0 492000
1695307362179 285.0 496000
1695307398513 303.0 500000
1695307433766 304.0 504000
1695307466797 293.0 508000
1695307502293 306.0 512000
1695307540855 301.0 516000
1695307575753 308.0 520000
1695307615172 310.0 524000
1695307652901 301.0 528000
1695307688963 308.0 532000
1695307724737 316.0 536000
1695307759369 307.0 540000
1695307803586 316.0 544000
1695307846197 308.0 548000
1695307880671 302.0 552000
1695307919602 309.0 556000
1695307956767 304.0 560000
1695307994848 311.0 564000
1695308028002 306.0 568000
1695308062873 304.0 572000
1695308098079 286.0 576000
1695308132090 317.0 580000
1695308167202 307.0 584000
1695308204581 305.0 588000
1695308240207 311.0 592000
1695308275245 308.0 596000
1695308317609 313.0 600000
1695308353384 317.0 604000
1695308394720 307.0 608000
1695308433109 308.0 612000
1695308469727 296.0 616000
1695308516162 305.0 620000
1695308552740 311.0 624000
1695308589919 307.0 628000
1695308629703 313.0 632000
1695308665755 287.0 636000
1695308703940 309.0 640000
1695308741016 314.0 644000
1695308776420 315.0 648000
1695308813093 307.0 652000
1695308854492 306.0 656000
1695308889146 318.0 660000
1695308922241 307.0 664000
1695308955614 301.0 668000
1695308990626 307.0 672000
1695309025557 306.0 676000
1695309064250 304.0 680000
1695309102422 294.0 684000
1695309138037 313.0 688000
1695309173154 309.0 692000
1695309207164 311.0 696000
1695309241587 306.0 700000
1695309278092 304.0 704000
1695309314234 306.0 708000
1695309350707 306.0 712000
1695309387554 311.0 716000
1695309422269 311.0 720000
1695309457113 315.0 724000
1695309489505 315.0 728000
1695309522273 286.0 732000
1695309555448 313.0 736000
1695309590307 306.0 740000
1695309624567 303.0 744000
1695309658539 320.0 748000
1695309692331 296.0 752000
1695309730408 313.0 756000
1695309764979 320.0 760000
1695309797470 289.0 764000
1695309829824 294.0 768000
1695309863392 308.0 772000
1695309897298 317.0 776000
1695309932662 295.0 780000
1695309969924 305.0 784000
1695310015815 312.0 788000
1695310052552 317.0 792000
1695310087724 306.0 796000
1695310125628 303.0 800000
1695310160738 310.0 804000
1695310197725 316.0 808000
1695310240315 313.0 812000
1695310277545 316.0 816000
1695310312651 314.0 820000
1695310348290 320.0 824000
1695310386613 303.0 828000
1695310421485 299.0 832000
1695310455146 318.0 836000
1695310493980 309.0 840000
1695310538686 311.0 844000
1695310575913 311.0 848000
1695310616828 313.0 852000
1695310655437 316.0 856000
1695310690300 318.0 860000
1695310724017 313.0 864000
1695310758904 310.0 868000
