1695303109674 194.66666666666666 4000
1695303138363 208.03225806451613 8000
1695303167499 212.96153846153845 12000
1695303196269 207.41666666666666 16000
1695303230329 202.1290322580645 20000
1695303262662 205.15 24000
1695303295809 195.69 28000
1695303328641 187.57 32000
1695303360529 164.39 36000
1695303392660 155.06 40000
1695303425027 137.06 44000
1695303456213 127.16 48000
1695303487938 109.8 52000
1695303518681 103.66 56000
1695303550394 84.63 60000
1695303581584 70.67 64000
1695303615318 66.79 68000
1695303648059 64.16 72000
1695303680727 37.46601941747573 76000
1695303712477 39.58490566037736 80000
1695303753674 37.45945945945946 84000
1695303786188 28.114285714285714 88000
1695303816912 32.794871794871796 92000
1695303852602 29.20408163265306 96000
1695303897725 24.201219512195124 100000
1695303939879 19.686274509803923 104000
1695303972598 19.390697674418604 108000
1695304013124 17.4978354978355 112000
1695304058295 18.22374429223744 116000
1695304101507 16.40573770491803 120000
1695304142269 15.72289156626506 124000
1695304191981 15.808429118773946 128000
1695304235681 15.095419847328245 132000
1695304278794 14.60948905109489 136000
1695304323050 15.442307692307692 140000
1695304364652 13.258278145695364 144000
1695304406518 14.006968641114982 148000
1695304450401 14.192170818505337 152000
1695304491878 13.36 156000
1695304533228 13.569491525423729 160000
1695304577675 12.833333333333334 164000
1695304622822 14.03191489361702 168000
1695304666310 13.69283276450512 172000
1695304711431 13.601449275362318 176000
1695304750999 14.614583333333334 180000
1695304788705 14.051724137931034 184000
1695304832509 13.43288590604027 188000
1695304872624 12.864516129032259 192000
1695304909341 13.806451612903226 196000
1695304945207 13.855218855218855 200000
1695304982292 13.989583333333334 204000
1695305024965 13.23 208000
1695305061200 14.471014492753623 212000
1695305097659 13.055194805194805 216000
1695305135830 13.993031358885018 220000
1695305173048 13.638225255972696 224000
1695305208261 13.689419795221843 228000
1695305242112 15.43921568627451 232000
1695305272959 14.291228070175439 236000
1695305303633 13.244147157190636 240000
1695305334992 13.88679245283019 244000
1695305365397 15.069686411149826 248000
1695305395835 13.986013986013987 252000
1695305426340 13.711864406779661 256000
1695305457085 13.594306049822064 260000
1695305487692 15.083333333333334 264000
1695305518359 14.01056338028169 268000
1695305548758 13.875 272000
1695305579465 13.95138888888889 276000
1695305610923 13.102310231023102 280000
1695305641249 13.680272108843537 284000
1695305672084 13.656462585034014 288000
1695305702323 14.680147058823529 292000
1695305733738 13.464646464646465 296000
1695305763900 13.323333333333334 300000
1695305794922 14.363309352517986 304000
1695305825327 14.77490774907749 308000
1695305856183 13.105610561056105 312000
1695305886446 13.364864864864865 316000
1695305917071 13.452145214521453 320000
1695305947556 13.375838926174497 324000
1695305978483 13.049504950495049 328000
1695306008637 13.37037037037037 332000
1695306039499 13.534653465346535 336000
1695306070867 12.918831168831169 340000
1695306101771 12.80891719745223 344000
1695306132236 13.662116040955631 348000
1695306162862 13.422297297297296 352000
1695306193350 12.967532467532468 356000
1695306224273 13.510135135135135 360000
1695306254689 13.854671280276817 364000
1695306287108 13.902777777777779 368000
1695306318475 13.547619047619047 372000
1695306351044 13.496666666666666 376000
1695306382502 12.922330097087379 380000
1695306417629 13.304347826086957 384000
1695306452181 13.177049180327868 388000
1695306486435 12.721153846153847 392000
1695306519887 12.872611464968152 396000
1695306554057 12.893470790378007 400000
1695306586063 13.898026315789474 404000
1695306620763 13.853658536585366 408000
1695306653662 13.73972602739726 412000
1695306687351 13.019417475728156 416000
1695306720440 12.719745222929935 420000
1695306752914 13.264808362369338 424000
1695306786067 13.6 428000
1695306823357 14.859205776173285 432000
1695306860187 13.255813953488373 436000
1695306893534 13.013071895424837 440000
1695306927005 13.111475409836066 444000
1695306961085 13.618243243243244 448000
1695306995303 13.165016501650165 452000
1695307028905 12.919354838709678 456000
1695307061143 13.743150684931507 460000
1695307093358 13.721649484536082 464000
1695307128172 12.977198697068404 468000
1695307160887 13.510135135135135 472000
1695307193722 13.498316498316498 476000
1695307226875 13.165016501650165 480000
1695307261288 12.849358974358974 484000
1695307295758 13.31578947368421 488000
1695307328550 13.952054794520548 492000
1695307362178 14.487719298245613 496000
1695307398513 13.191419141914192 500000
1695307433765 13.207236842105264 504000
1695307466797 13.546075085324231 508000
1695307502293 13.137254901960784 512000
1695307540854 13.18936877076412 516000
1695307575752 13.042207792207792 520000
1695307615172 12.87741935483871 524000
1695307652901 13.196013289036545 528000
1695307688962 13.21103896103896 532000
1695307724737 12.66139240506329 536000
1695307759369 12.954397394136809 540000
1695307803585 12.715189873417721 544000
1695307846196 12.909090909090908 548000
1695307880671 13.201986754966887 552000
1695307919601 12.912621359223301 556000
1695307956766 13.322368421052632 560000
1695307994848 12.80064308681672 564000
1695308028002 13.058823529411764 568000
1695308062873 13.25328947368421 572000
1695308098078 13.846153846153847 576000
1695308132089 12.681388012618296 580000
1695308167202 13.013029315960912 584000
1695308204580 13.131147540983607 588000
1695308240207 12.864951768488746 592000
1695308275244 12.925324675324676 596000
1695308317609 12.875399361022364 600000
1695308353383 12.589905362776026 604000
1695308394719 12.947882736156352 608000
1695308433108 13.045454545454545 612000
1695308469727 13.422297297297296 616000
1695308516161 13.232786885245902 620000
1695308552740 12.810289389067524 624000
1695308589918 13.058631921824103 628000
1695308629703 12.782747603833865 632000
1695308665755 13.292682926829269 636000
1695308703940 13.53074433656958 640000
1695308741015 12.687898089171975 644000
1695308776419 12.714285714285714 648000
1695308813093 13.04885993485342 652000
1695308854492 13.062091503267974 656000
1695308889145 12.676100628930818 660000
1695308922241 12.95114006514658 664000
1695308955613 13.348837209302326 668000
1695308990626 13.0 672000
1695309025557 13.013071895424837 676000
1695309064250 13.167763157894736 680000
1695309102421 13.445578231292517 684000
1695309138037 12.977635782747603 688000
1695309173153 12.818770226537216 692000
1695309207164 12.967845659163988 696000
1695309241587 13.091503267973856 700000
1695309278092 13.125 704000
1695309314234 13.098039215686274 708000
1695309350707 13.022875816993464 712000
1695309387553 12.881028938906752 716000
1695309422268 12.877813504823152 720000
1695309457113 12.8 724000
1695309489505 12.6 728000
1695309522273 13.926573426573427 732000
1695309555448 12.798722044728434 736000
1695309590307 12.77124183006536 740000
1695309624567 13.511551155115512 744000
1695309658539 12.553125 748000
1695309692330 13.263513513513514 752000
1695309730408 12.964856230031948 756000
1695309764979 12.58125 760000
1695309797469 13.806228373702423 764000
1695309829824 13.513605442176871 768000
1695309863392 13.042207792207792 772000
1695309897298 12.637223974763407 776000
1695309932662 13.166101694915254 780000
1695309969924 13.524590163934427 784000
1695310015814 12.737179487179487 788000
1695310052551 12.725552050473187 792000
1695310087723 13.104575163398692 796000
1695310125627 13.05940594059406 800000
1695310160738 12.977419354838709 804000
1695310197724 12.64240506329114 808000
1695310240315 12.731629392971247 812000
1695310277545 12.651898734177216 816000
1695310312651 12.780254777070065 820000
1695310348289 12.421875 824000
1695310386613 12.844884488448844 828000
1695310421484 13.735785953177258 832000
1695310455146 12.660377358490566 836000
1695310493979 12.912621359223301 840000
1695310538686 12.855305466237942 844000
1695310575913 12.987138263665594 848000
1695310616827 12.667731629392971 852000
1695310655436 12.620253164556962 856000
1695310690300 12.584905660377359 860000
1695310724016 12.856230031948881 864000
1695310758903 12.796774193548387 868000
