1695303109673 0.9279999999999999 4000
1695303138361 0.9279999999999999 8000
1695303167498 1.0179999999999998 12000
1695303196268 1.0179999999999998 16000
1695303230327 1.0179999999999998 20000
1695303262661 1.0179999999999998 24000
1695303295808 1.0179999999999998 28000
1695303328640 0.9189999999999999 32000
1695303360528 0.9189999999999999 36000
1695303392659 0.9259999999999999 40000
1695303425026 1.0829999999999997 44000
1695303456212 1.0829999999999997 48000
1695303487937 0.9319999999999999 52000
1695303518680 0.9319999999999999 56000
1695303550393 0.9259999999999999 60000
1695303581583 0.9390000000000001 64000
1695303615317 1.835 68000
1695303648058 1.835 72000
1695303680726 1.4449999999999998 76000
1695303712476 1.4329999999999998 80000
1695303753673 1.33 84000
1695303786187 1.173 88000
1695303816911 0.9249999999999998 92000
1695303852600 0.968 96000
1695303897723 1.412 100000
1695303939878 1.885 104000
1695303972597 0.873 108000
1695304013122 0.962 112000
1695304058293 1.346 116000
1695304101505 0.9609999999999999 120000
1695304142267 1.458 124000
1695304191979 1.442 128000
1695304235680 0.9660000000000002 132000
1695304278793 1.432 136000
1695304323048 1.436 140000
1695304364651 1.4580000000000002 144000
1695304406516 1.448 148000
1695304450400 1.443 152000
1695304491877 1.46 156000
1695304533227 1.4449999999999998 160000
1695304577673 1.459 164000
1695304622821 1.453 168000
1695304666309 1.4569999999999999 172000
1695304711429 1.454 176000
1695304750998 0.97 180000
1695304788704 1.94 184000
1695304832508 1.448 188000
1695304872623 1.46 192000
1695304909340 1.46 196000
1695304945206 1.9529999999999998 200000
1695304982290 1.459 204000
1695305024964 1.46 208000
1695305061198 1.459 212000
1695305097657 1.954 216000
1695305135828 1.946 220000
1695305173046 1.958 224000
1695305208260 1.46 228000
1695305242111 1.4609999999999999 232000
1695305272958 1.46 236000
1695305303632 1.954 240000
1695305334991 1.46 244000
1695305365396 1.46 248000
1695305395833 1.959 252000
1695305426339 1.954 256000
1695305457084 1.955 260000
1695305487691 1.955 264000
1695305518358 1.9609999999999999 268000
1695305548757 1.956 272000
1695305579464 1.9529999999999998 276000
1695305610922 1.955 280000
1695305641248 1.9569999999999999 284000
1695305672083 1.96 288000
1695305702322 1.956 292000
1695305733737 1.958 296000
1695305763899 1.46 300000
1695305794920 1.9609999999999999 304000
1695305825326 1.948 308000
1695305856182 1.9609999999999999 312000
1695305886445 1.9569999999999999 316000
1695305917070 1.9609999999999999 320000
1695305947555 1.9569999999999999 324000
1695305978482 1.952 328000
1695306008636 1.9609999999999999 332000
1695306039498 1.932 336000
1695306070866 1.952 340000
1695306101770 1.9529999999999998 344000
1695306132235 1.954 348000
1695306162861 1.954 352000
1695306193349 1.956 356000
1695306224272 1.9369999999999998 360000
1695306254688 1.96 364000
1695306287107 1.955 368000
1695306318474 1.948 372000
1695306351043 1.929 376000
1695306382501 1.96 380000
1695306417628 1.9609999999999999 384000
1695306452180 1.4609999999999999 388000
1695306486433 1.954 392000
1695306519886 1.96 396000
1695306554056 1.9609999999999999 400000
1695306586062 1.9529999999999998 404000
1695306620762 1.955 408000
1695306653661 1.955 412000
1695306687349 1.959 416000
1695306720439 1.959 420000
1695306752913 1.958 424000
1695306786066 1.948 428000
1695306823356 1.959 432000
1695306860186 1.96 436000
1695306893533 1.9609999999999999 440000
1695306927003 1.9609999999999999 444000
1695306961084 1.955 448000
1695306995302 1.9609999999999999 452000
1695307028904 1.9529999999999998 456000
1695307061142 1.955 460000
1695307093356 1.955 464000
1695307128171 1.9580000000000002 468000
1695307160886 1.956 472000
1695307193721 1.958 476000
1695307226874 1.956 480000
1695307261286 1.4609999999999999 484000
1695307295757 1.96 488000
1695307328548 1.943 492000
1695307362177 1.957 496000
1695307398512 1.9569999999999999 500000
1695307433764 1.4609999999999999 504000
1695307466796 1.951 508000
1695307502292 1.952 512000
1695307540852 1.96 516000
1695307575751 1.954 520000
1695307615170 1.9569999999999999 524000
1695307652899 1.9609999999999999 528000
1695307688961 1.9609999999999999 532000
1695307724736 1.9609999999999999 536000
1695307759368 1.9609999999999999 540000
1695307803582 1.9609999999999999 544000
1695307846195 1.96 548000
1695307880670 1.96 552000
1695307919600 1.959 556000
1695307956765 1.948 560000
1695307994846 1.96 564000
1695308028001 1.96 568000
1695308062872 1.96 572000
1695308098077 1.956 576000
1695308132088 1.96 580000
1695308167201 1.459 584000
1695308204579 1.9529999999999998 588000
1695308240205 1.955 592000
1695308275243 1.959 596000
1695308317607 1.96 600000
1695308353382 1.955 604000
1695308394718 1.96 608000
1695308433107 1.959 612000
1695308469726 1.9609999999999999 616000
1695308516160 1.943 620000
1695308552738 1.9609999999999999 624000
1695308589917 1.96 628000
1695308629701 1.9180000000000001 632000
1695308665754 1.96 636000
1695308703939 1.957 640000
1695308741014 1.9609999999999999 644000
1695308776418 1.954 648000
1695308813092 1.954 652000
1695308854491 1.96 656000
1695308889144 1.9540000000000002 660000
1695308922240 1.954 664000
1695308955612 1.96 668000
1695308990624 1.9569999999999999 672000
1695309025555 1.96 676000
1695309064248 1.9609999999999999 680000
1695309102420 1.9609999999999999 684000
1695309138035 1.96 688000
1695309173152 1.955 692000
1695309207162 1.959 696000
1695309241585 1.959 700000
1695309278091 1.959 704000
1695309314233 1.959 708000
1695309350706 1.9529999999999998 712000
1695309387552 1.959 716000
1695309422267 1.948 720000
1695309457112 1.96 724000
1695309489504 1.4609999999999999 728000
1695309522272 1.9609999999999999 732000
1695309555447 1.959 736000
1695309590306 1.943 740000
1695309624566 1.959 744000
1695309658538 1.9609999999999999 748000
1695309692329 1.959 752000
1695309730406 1.959 756000
1695309764978 1.954 760000
1695309797468 1.959 764000
1695309829822 1.946 768000
1695309863391 1.9529999999999998 772000
1695309897297 1.959 776000
1695309932661 1.9529999999999998 780000
1695309969923 1.9489999999999998 784000
1695310015813 1.959 788000
1695310052550 1.954 792000
1695310087722 1.96 796000
1695310125626 1.4609999999999999 800000
1695310160737 1.9540000000000002 804000
1695310197723 1.9609999999999999 808000
1695310240314 1.96 812000
1695310277543 1.96 816000
1695310312650 1.96 820000
1695310348288 1.9569999999999999 824000
1695310386611 1.9609999999999999 828000
1695310421483 1.9609999999999999 832000
1695310455145 1.955 836000
1695310493978 1.4609999999999999 840000
1695310538685 1.959 844000
1695310575912 1.959 848000
1695310616826 1.947 852000
1695310655435 1.96 856000
1695310690299 1.96 860000
1695310724015 1.96 864000
1695310758902 1.9609999999999999 868000
