1695303109673 -0.6100000000000001 4000
1695303138362 -0.81 8000
1695303167498 -0.81 12000
1695303196268 -0.81 16000
1695303230328 -0.8670000000000001 20000
1695303262661 -0.923 24000
1695303295808 -0.923 28000
1695303328640 -0.923 32000
1695303360529 -0.923 36000
1695303392660 -0.739 40000
1695303425026 -0.739 44000
1695303456212 -0.739 48000
1695303487938 -0.6060000000000001 52000
1695303518681 -0.4610000000000001 56000
1695303550394 -0.4690000000000001 60000
1695303581584 -0.732 64000
1695303615318 -0.854 68000
1695303648058 -0.854 72000
1695303680726 -0.8690000000000001 76000
1695303712477 -0.7090000000000001 80000
1695303753673 -0.469 84000
1695303786187 -0.33899999999999997 88000
1695303816912 -0.4810000000000001 92000
1695303852601 -0.4910000000000001 96000
1695303897724 -0.43100000000000005 100000
1695303939878 -0.28400000000000003 104000
1695303972597 -0.20600000000000007 108000
1695304013123 -0.30499999999999994 112000
1695304058294 -0.33000000000000007 116000
1695304101506 -0.29900000000000004 120000
1695304142268 -0.3410000000000001 124000
1695304191980 -0.14200000000000002 128000
1695304235680 -0.16899999999999993 132000
1695304278793 -0.11999999999999988 136000
1695304323049 -0.8990000000000001 140000
1695304364651 -0.20199999999999996 144000
1695304406517 -0.29599999999999993 148000
1695304450400 -0.388 152000
1695304491877 -0.16400000000000003 156000
1695304533227 -0.14200000000000002 160000
1695304577674 -0.2400000000000001 164000
1695304622821 -0.1499999999999999 168000
1695304666309 -0.20000000000000007 172000
1695304711430 -0.10099999999999998 176000
1695304750998 -0.928 180000
1695304788704 -0.14100000000000001 184000
1695304832508 -0.15100000000000002 188000
1695304872624 -0.09899999999999998 192000
1695304909341 -0.368 196000
1695304945206 -0.18300000000000005 200000
1695304982291 -0.16900000000000004 204000
1695305024964 -0.06700000000000006 208000
1695305061199 -0.22899999999999987 212000
1695305097658 -0.11299999999999999 216000
1695305135829 -0.10999999999999999 220000
1695305173047 -0.14800000000000002 224000
1695305208260 -0.25 228000
1695305242111 -0.271 232000
1695305272958 -0.09599999999999997 236000
1695305303633 -0.12 240000
1695305334991 -0.16500000000000004 244000
1695305365397 -0.32799999999999985 248000
1695305395834 -0.08299999999999996 252000
1695305426340 -0.08499999999999996 256000
1695305457084 -0.07899999999999996 260000
1695305487691 -0.19100000000000006 264000
1695305518358 -0.267 268000
1695305548757 -0.09599999999999997 272000
1695305579464 -0.06000000000000005 276000
1695305610922 -0.06299999999999994 280000
1695305641249 -0.061000000000000054 284000
1695305672084 -0.16900000000000004 288000
1695305702322 -0.7970000000000002 292000
1695305733737 -0.06800000000000006 296000
1695305763899 -0.051000000000000045 300000
1695305794921 -0.08199999999999985 304000
1695305825326 -0.274 308000
1695305856182 -0.07299999999999984 312000
1695305886445 -0.19699999999999995 316000
1695305917070 -0.41000000000000003 320000
1695305947555 -0.05900000000000005 324000
1695305978482 -0.04999999999999993 328000
1695306008637 -0.18900000000000006 332000
1695306039498 -0.06000000000000005 336000
1695306070866 -0.051000000000000045 340000
1695306101770 -0.04600000000000004 344000
1695306132235 -0.26 348000
1695306162861 -0.09899999999999998 352000
1695306193349 -0.07000000000000006 356000
1695306224272 -0.253 360000
1695306254688 -0.04899999999999993 364000
1695306287108 -0.09599999999999986 368000
1695306318474 -0.07499999999999996 372000
1695306351043 -0.07899999999999996 376000
1695306382502 -0.06500000000000006 380000
1695306417629 -0.04200000000000004 384000
1695306452180 -0.052000000000000046 388000
1695306486434 -0.05500000000000005 392000
1695306519886 -0.05900000000000005 396000
1695306554057 -0.04600000000000004 400000
1695306586062 -0.3580000000000001 404000
1695306620762 -0.05800000000000005 408000
1695306653662 -0.05700000000000005 412000
1695306687350 -0.1439999999999999 416000
1695306720440 -0.04800000000000004 420000
1695306752913 -0.04600000000000004 424000
1695306786067 -0.13000000000000012 428000
1695306823357 -0.127 432000
1695306860187 -0.09799999999999998 436000
1695306893533 -0.05300000000000005 440000
1695306927003 -0.061000000000000054 444000
1695306961084 -0.11399999999999999 448000
1695306995302 -0.04300000000000004 452000
1695307028905 -0.03700000000000003 456000
1695307061142 -0.119 460000
1695307093357 -0.05300000000000005 464000
1695307128171 -0.11699999999999999 468000
1695307160886 -0.07700000000000007 472000
1695307193721 -0.10699999999999987 476000
1695307226875 -0.041000000000000036 480000
1695307261287 -0.06999999999999995 484000
1695307295758 -0.11299999999999999 488000
1695307328549 -0.04999999999999993 492000
1695307362178 -0.10300000000000008 496000
1695307398512 -0.1469999999999999 500000
1695307433765 -0.04999999999999993 504000
1695307466796 -0.17500000000000004 508000
1695307502292 -0.050000000000000044 512000
1695307540853 -0.03700000000000003 516000
1695307575752 -0.09999999999999998 520000
1695307615171 -0.04500000000000004 524000
1695307652900 -0.134 528000
1695307688961 -0.038000000000000034 532000
1695307724736 -0.04800000000000004 536000
1695307759368 -0.03699999999999992 540000
1695307803583 -0.03600000000000003 544000
1695307846195 -0.05900000000000005 548000
1695307880670 -0.05700000000000005 552000
1695307919600 -0.05400000000000005 556000
1695307956766 -0.04600000000000004 560000
1695307994847 -0.09199999999999997 564000
1695308028001 -0.04600000000000004 568000
1695308062872 -0.06499999999999995 572000
1695308098077 -0.06400000000000006 576000
1695308132089 -0.04500000000000004 580000
1695308167201 -0.127 584000
1695308204579 -0.06600000000000006 588000
1695308240206 -0.06700000000000006 592000
1695308275243 -0.08399999999999996 596000
1695308317608 -0.038000000000000034 600000
1695308353382 -0.050000000000000044 604000
1695308394718 -0.07599999999999996 608000
1695308433108 -0.038000000000000034 612000
1695308469726 -0.04800000000000004 616000
1695308516161 -0.09999999999999998 620000
1695308552739 -0.06300000000000006 624000
1695308589918 -0.10099999999999998 628000
1695308629702 -0.15700000000000003 632000
1695308665754 -0.19899999999999995 636000
1695308703939 -0.060000000000000046 640000
1695308741014 -0.049000000000000044 644000
1695308776418 -0.05400000000000005 648000
1695308813092 -0.050999999999999934 652000
1695308854491 -0.04400000000000004 656000
1695308889144 -0.052999999999999936 660000
1695308922240 -0.08399999999999996 664000
1695308955613 -0.19800000000000006 668000
1695308990625 -0.07299999999999984 672000
1695309025556 -0.08499999999999996 676000
1695309064249 -0.09799999999999998 680000
1695309102420 -0.673 684000
1695309138036 -0.04800000000000004 688000
1695309173153 -0.041999999999999926 692000
1695309207163 -0.11599999999999999 696000
1695309241586 -0.08099999999999996 700000
1695309278091 -0.028000000000000025 704000
1695309314233 -0.278 708000
1695309350706 -0.08299999999999996 712000
1695309387553 -0.05599999999999994 716000
1695309422267 -0.06600000000000006 720000
1695309457112 -0.07599999999999996 724000
1695309489504 -0.05500000000000005 728000
1695309522272 -0.04500000000000004 732000
1695309555447 -0.09099999999999997 736000
1695309590306 -0.04400000000000004 740000
1695309624566 -0.07999999999999996 744000
1695309658538 -0.04600000000000004 748000
1695309692329 -0.039000000000000035 752000
1695309730407 -0.05500000000000005 756000
1695309764978 -0.07199999999999995 760000
1695309797469 -0.15700000000000003 764000
1695309829823 -0.63 768000
1695309863391 -0.139 772000
1695309897297 -0.04500000000000004 776000
1695309932661 -0.061000000000000054 780000
1695309969923 -0.587 784000
1695310015813 -0.04500000000000004 788000
1695310052550 -0.05800000000000005 792000
1695310087723 -0.06400000000000006 796000
1695310125627 -0.09699999999999998 800000
1695310160737 -0.16500000000000004 804000
1695310197723 -0.04899999999999993 808000
1695310240314 -0.049000000000000044 812000
1695310277544 -0.04499999999999993 816000
1695310312650 -0.07099999999999995 820000
1695310348288 -0.05500000000000005 824000
1695310386612 -0.05700000000000005 828000
1695310421483 -0.07300000000000006 832000
1695310455145 -0.04600000000000004 836000
1695310493979 -0.07399999999999984 840000
1695310538685 -0.11099999999999999 844000
1695310575912 -0.09599999999999997 848000
1695310616826 -0.038000000000000034 852000
1695310655435 -0.10099999999999998 856000
1695310690299 -0.134 860000
1695310724016 -0.12 864000
1695310758903 -0.11399999999999988 868000
