1695303109675 0.0 4000
1695303138364 0.0 8000
1695303167500 0.0 12000
1695303196270 0.0 16000
1695303230330 0.0 20000
1695303262663 0.0 24000
1695303295810 0.0 28000
1695303328642 0.0 32000
1695303360530 0.0 36000
1695303392661 0.0 40000
1695303425028 0.0 44000
1695303456214 0.0 48000
1695303487939 0.0 52000
1695303518682 0.0 56000
1695303550395 0.0 60000
1695303581585 0.0 64000
1695303615319 0.0 68000
1695303648059 0.0 72000
1695303680728 0.0 76000
1695303712478 0.0 80000
1695303753675 0.0 84000
1695303786189 0.0 88000
1695303816913 0.0 92000
1695303852602 0.0 96000
1695303897727 0.0 100000
1695303939880 0.0 104000
1695303972599 0.0 108000
1695304013125 0.0 112000
1695304058296 0.0 116000
1695304101508 0.0 120000
1695304142269 0.0 124000
1695304191983 0.0 128000
1695304235682 0.0 132000
1695304278795 0.0 136000
1695304323051 0.0 140000
1695304364653 0.0 144000
1695304406520 0.0 148000
1695304450402 0.0 152000
1695304491879 0.0 156000
1695304533230 0.0 160000
1695304577676 0.0 164000
1695304622823 0.0 168000
1695304666311 0.0 172000
1695304711432 0.0 176000
1695304751000 0.0 180000
1695304788706 0.0 184000
1695304832510 0.0 188000
1695304872625 0.0 192000
1695304909342 0.0 196000
1695304945208 0.0 200000
1695304982292 0.0 204000
1695305024966 0.0 208000
1695305061200 0.0 212000
1695305097660 0.0 216000
1695305135830 0.0 220000
1695305173049 0.0 224000
1695305208262 0.0 228000
1695305242112 0.0 232000
1695305272960 0.0 236000
1695305303634 0.0 240000
1695305334993 0.0 244000
1695305365398 0.0 248000
1695305395835 0.0 252000
1695305426341 0.0 256000
1695305457085 0.0 260000
1695305487693 0.0 264000
1695305518360 0.0 268000
1695305548759 0.0 272000
1695305579466 0.0 276000
1695305610924 0.0 280000
1695305641250 0.0 284000
1695305672085 0.0 288000
1695305702324 0.0 292000
1695305733739 0.0 296000
1695305763901 0.0 300000
1695305794922 0.0 304000
1695305825328 0.0 308000
1695305856184 0.0 312000
1695305886447 0.0 316000
1695305917071 0.0 320000
1695305947556 0.0 324000
1695305978483 0.0 328000
1695306008638 0.0 332000
1695306039499 0.0 336000
1695306070868 0.0 340000
1695306101772 0.0 344000
1695306132237 0.0 348000
1695306162862 0.0 352000
1695306193351 0.0 356000
1695306224274 0.0 360000
1695306254690 0.0 364000
1695306287109 0.0 368000
1695306318475 0.0 372000
1695306351044 0.0 376000
1695306382503 0.0 380000
1695306417630 0.0 384000
1695306452182 0.0 388000
1695306486435 0.0 392000
1695306519888 0.0 396000
1695306554058 0.0 400000
1695306586064 0.0 404000
1695306620764 0.0 408000
1695306653663 0.0 412000
1695306687351 0.0 416000
1695306720441 0.0 420000
1695306752915 0.0 424000
1695306786068 0.0 428000
1695306823358 0.0 432000
1695306860188 0.0 436000
1695306893535 0.0 440000
1695306927006 0.0 444000
1695306961086 0.0 448000
1695306995304 0.0 452000
1695307028906 0.0 456000
1695307061144 0.0 460000
1695307093358 0.0 464000
1695307128173 0.0 468000
1695307160888 0.0 472000
1695307193723 0.0 476000
1695307226876 0.0 480000
1695307261288 0.0 484000
1695307295759 0.0 488000
1695307328550 0.0 492000
1695307362179 0.0 496000
1695307398514 0.0 500000
1695307433766 0.0 504000
1695307466798 0.0 508000
1695307502294 0.0 512000
1695307540856 0.0 516000
1695307575753 0.0 520000
1695307615173 0.0 524000
1695307652901 0.0 528000
1695307688963 0.0 532000
1695307724738 0.0 536000
1695307759370 0.0 540000
1695307803587 0.0 544000
1695307846197 0.0 548000
1695307880672 0.0 552000
1695307919602 0.0 556000
1695307956767 0.0 560000
1695307994848 0.0 564000
1695308028003 0.0 568000
1695308062874 0.0 572000
1695308098079 0.0 576000
1695308132090 0.0 580000
1695308167203 0.0 584000
1695308204581 0.0 588000
1695308240207 0.0 592000
1695308275245 0.0 596000
1695308317610 0.0 600000
1695308353384 0.0 604000
1695308394720 0.0 608000
1695308433109 0.0 612000
1695308469728 0.0 616000
1695308516162 0.0 620000
1695308552740 0.0 624000
1695308589919 0.0 628000
1695308629704 0.0 632000
1695308665756 0.0 636000
1695308703941 0.0 640000
1695308741016 0.0 644000
1695308776420 0.0 648000
1695308813094 0.0 652000
1695308854493 0.0 656000
1695308889146 0.0 660000
1695308922242 0.0 664000
1695308955614 0.0 668000
1695308990626 0.0 672000
1695309025558 0.0 676000
1695309064251 0.0 680000
1695309102423 0.0 684000
1695309138038 0.0 688000
1695309173154 0.0 692000
1695309207164 0.0 696000
1695309241587 0.0 700000
1695309278093 0.0 704000
1695309314235 0.0 708000
1695309350707 0.0 712000
1695309387554 0.0 716000
1695309422269 0.0 720000
1695309457114 0.0 724000
1695309489506 0.0 728000
1695309522274 0.0 732000
1695309555448 0.0 736000
1695309590308 0.0 740000
1695309624568 0.0 744000
1695309658539 0.0 748000
1695309692331 0.0 752000
1695309730408 0.0 756000
1695309764980 0.0 760000
1695309797470 0.0 764000
1695309829824 0.0 768000
1695309863392 0.0 772000
1695309897299 0.0 776000
1695309932663 0.0 780000
1695309969925 0.0 784000
1695310015815 0.0 788000
1695310052552 0.0 792000
1695310087724 0.0 796000
1695310125628 0.0 800000
1695310160739 0.0 804000
1695310197725 0.0 808000
1695310240316 0.0 812000
1695310277545 0.0 816000
1695310312652 0.0 820000
1695310348290 0.0 824000
1695310386614 0.0 828000
1695310421485 0.0 832000
1695310455147 0.0 836000
1695310493980 0.0 840000
1695310538687 0.0 844000
1695310575914 0.0 848000
1695310616828 0.0 852000
1695310655437 0.0 856000
1695310690301 0.0 860000
1695310724017 0.0 864000
1695310758904 0.0 868000
