1695136485620 0.0 4000
1695136522517 0.025 8000
1695136560452 0.03571428571428571 12000
1695136594682 0.025974025974025976 16000
1695136626320 0.02040816326530612 20000
1695136659449 0.03 24000
1695136692935 0.02 28000
1695136726839 0.02 32000
1695136760596 0.02 36000
1695136795218 0.04 40000
1695136829854 0.03 44000
1695136863892 0.04 48000
1695136896321 0.03 52000
1695136932771 0.02 56000
1695136966879 0.02 60000
1695136999776 0.01 64000
1695137033472 0.01 68000
1695137066525 0.0 72000
1695137103803 0.0 76000
1695137142187 0.0 80000
1695137179761 0.01 84000
1695137217183 0.03 88000
1695137252682 0.02 92000
1695137286559 0.01 96000
1695137322181 0.0 100000
1695137356729 0.0 104000
1695137389757 0.0 108000
1695137421503 0.01 112000
1695137453467 0.01 116000
1695137486570 0.02 120000
1695137518820 0.02 124000
1695137552997 0.017241379310344827 128000
1695137587512 0.03 132000
1695137620408 0.04 136000
1695137652407 0.06 140000
1695137685744 0.05 144000
1695137720453 0.08928571428571429 148000
1695137753153 0.022727272727272728 152000
1695137785964 0.03676470588235294 156000
1695137819437 0.08661417322834646 160000
