1695136485621 0.0 4000
1695136522518 1.0 8000
1695136560453 1.0 12000
1695136594683 1.0 16000
1695136626320 1.0 20000
1695136659450 1.0 24000
1695136692936 1.0 28000
1695136726840 1.0 32000
1695136760597 1.0 36000
1695136795219 1.0 40000
1695136829855 1.0 44000
1695136863893 1.0 48000
1695136896322 1.0 52000
1695136932772 1.0 56000
1695136966879 1.0 60000
1695136999777 1.0 64000
1695137033473 1.0 68000
1695137066526 0.0 72000
1695137103804 0.0 76000
1695137142188 0.0 80000
1695137179761 1.0 84000
1695137217184 1.0 88000
1695137252682 1.0 92000
1695137286560 1.0 96000
1695137322182 0.0 100000
1695137356730 0.0 104000
1695137389758 0.0 108000
1695137421504 1.0 112000
1695137453468 1.0 116000
1695137486571 1.0 120000
1695137518821 1.0 124000
1695137552998 1.0 128000
1695137587513 1.0 132000
1695137620409 1.0 136000
1695137652408 1.0 140000
1695137685744 1.0 144000
1695137720454 1.0 148000
1695137753153 1.0 152000
1695137785965 1.0 156000
1695137819438 1.0 160000
