1695136485620 0.0 4000
1695136522517 0.0 8000
1695136560453 0.0 12000
1695136594683 0.0 16000
1695136626320 0.0 20000
1695136659449 0.0 24000
1695136692936 0.0 28000
1695136726839 0.0 32000
1695136760597 0.0 36000
1695136795219 0.0 40000
1695136829854 0.0 44000
1695136863892 0.0 48000
1695136896322 0.0 52000
1695136932772 0.0 56000
1695136966879 0.0 60000
1695136999776 0.0 64000
1695137033473 0.0 68000
1695137066525 0.0 72000
1695137103803 0.0 76000
1695137142188 0.0 80000
1695137179761 0.0 84000
1695137217184 0.0 88000
1695137252682 0.0 92000
1695137286560 0.0 96000
1695137322181 0.0 100000
1695137356729 0.0 104000
1695137389758 0.0 108000
1695137421503 0.0 112000
1695137453468 0.0 116000
1695137486570 0.0 120000
1695137518821 0.0 124000
1695137552998 0.0 128000
1695137587512 0.0 132000
1695137620409 0.0 136000
1695137652408 0.0 140000
1695137685744 0.0 144000
1695137720453 0.0 148000
1695137753153 0.0 152000
1695137785965 0.0 156000
1695137819438 0.0 160000
