1695136485622 1.0 4000
1695136522519 1.0 8000
1695136560454 1.0 12000
1695136594684 1.0 16000
1695136626322 1.0 20000
1695136659451 1.0 24000
1695136692937 1.0 28000
1695136726841 1.0 32000
1695136760598 1.0 36000
1695136795220 1.0 40000
1695136829856 1.0 44000
1695136863894 1.0 48000
1695136896323 1.0 52000
1695136932773 1.0 56000
1695136966881 1.0 60000
1695136999778 1.0 64000
1695137033475 1.0 68000
1695137066527 1.0 72000
1695137103805 1.0 76000
1695137142190 1.0 80000
1695137179763 1.0 84000
1695137217185 1.0 88000
1695137252684 1.0 92000
1695137286561 1.0 96000
1695137322183 1.0 100000
1695137356731 1.0 104000
1695137389759 1.0 108000
1695137421505 1.0 112000
1695137453469 1.0 116000
1695137486572 1.0 120000
1695137518822 1.0 124000
1695137553000 1.0 128000
1695137587514 1.0 132000
1695137620410 1.0 136000
1695137652409 1.0 140000
1695137685746 1.0 144000
1695137720455 1.0 148000
1695137753155 1.0 152000
1695137785966 1.0 156000
1695137819439 1.0 160000
