1695136485624 1.0 4000
1695136522522 1.0 8000
1695136560457 1.0 12000
1695136594687 1.0 16000
1695136626324 1.0 20000
1695136659453 1.0 24000
1695136692940 1.0 28000
1695136726843 1.0 32000
1695136760601 1.0 36000
1695136795223 1.0 40000
1695136829859 1.0 44000
1695136863896 1.0 48000
1695136896326 1.0 52000
1695136932776 1.0 56000
1695136966883 1.0 60000
1695136999780 1.0 64000
1695137033477 1.0 68000
1695137066529 1.0 72000
1695137103807 1.0 76000
1695137142193 1.0 80000
1695137179766 1.0 84000
1695137217188 1.0 88000
1695137252686 1.0 92000
1695137286564 1.0 96000
1695137322185 1.0 100000
1695137356734 1.0 104000
1695137389762 1.0 108000
1695137421508 1.0 112000
1695137453472 1.0 116000
1695137486574 1.0 120000
1695137518825 1.0 124000
1695137553002 1.0 128000
1695137587516 1.0 132000
1695137620412 1.0 136000
1695137652411 1.0 140000
1695137685748 1.0 144000
1695137720457 1.0 148000
1695137753157 1.0 152000
1695137785969 1.0 156000
1695137819442 1.0 160000
