1695136485621 0.4666666666666667 4000
1695136522518 0.425 8000
1695136560453 0.375 12000
1695136594684 0.4025974025974026 16000
1695136626321 0.41836734693877553 20000
1695136659450 0.41 24000
1695136692937 0.43 28000
1695136726840 0.51 32000
1695136760597 0.48 36000
1695136795220 0.55 40000
1695136829855 0.63 44000
1695136863893 0.69 48000
1695136896323 0.72 52000
1695136932773 0.78 56000
1695136966880 0.8 60000
1695136999777 0.8 64000
1695137033474 0.83 68000
1695137066526 0.9 72000
1695137103804 0.87 76000
1695137142189 0.86 80000
1695137179762 0.88 84000
1695137217185 0.92 88000
1695137252683 0.86 92000
1695137286561 0.86 96000
1695137322182 0.89 100000
1695137356730 0.92 104000
1695137389758 0.92 108000
1695137421504 0.93 112000
1695137453468 0.92 116000
1695137486571 0.93 120000
1695137518821 0.93 124000
1695137552999 0.9224137931034483 128000
1695137587513 0.89 132000
1695137620409 0.84 136000
1695137652408 0.83 140000
1695137685745 0.86 144000
1695137720454 0.8392857142857143 148000
1695137753154 0.9090909090909091 152000
1695137785966 0.9264705882352942 156000
1695137819438 0.9133858267716536 160000
