1695136485623 0.4666666666666667 4000
1695136522521 0.425 8000
1695136560456 0.375 12000
1695136594686 0.4025974025974026 16000
1695136626323 0.41836734693877553 20000
1695136659452 0.41 24000
1695136692939 0.43 28000
1695136726842 0.51 32000
1695136760600 0.48 36000
1695136795222 0.55 40000
1695136829858 0.63 44000
1695136863896 0.69 48000
1695136896325 0.72 52000
1695136932775 0.78 56000
1695136966882 0.8 60000
1695136999780 0.8 64000
1695137033476 0.83 68000
1695137066528 0.9 72000
1695137103807 0.87 76000
1695137142191 0.86 80000
1695137179764 0.88 84000
1695137217187 0.92 88000
1695137252685 0.86 92000
1695137286563 0.86 96000
1695137322184 0.89 100000
1695137356733 0.92 104000
1695137389761 0.92 108000
1695137421507 0.93 112000
1695137453471 0.92 116000
1695137486573 0.93 120000
1695137518824 0.93 124000
1695137553002 0.9224137931034483 128000
1695137587515 0.89 132000
1695137620412 0.84 136000
1695137652411 0.83 140000
1695137685747 0.86 144000
1695137720457 0.8392857142857143 148000
1695137753156 0.9090909090909091 152000
1695137785968 0.9264705882352942 156000
1695137819441 0.9133858267716536 160000
