1695136485624 0.0 4000
1695136522521 0.0 8000
1695136560457 0.0 12000
1695136594686 0.0 16000
1695136626323 0.0 20000
1695136659453 0.0 24000
1695136692939 0.0 28000
1695136726843 0.0 32000
1695136760600 0.0 36000
1695136795223 0.0 40000
1695136829858 0.0 44000
1695136863896 0.0 48000
1695136896325 0.0 52000
1695136932775 0.0 56000
1695136966883 0.0 60000
1695136999780 0.0 64000
1695137033477 0.0 68000
1695137066529 0.0 72000
1695137103807 0.0 76000
1695137142192 0.0 80000
1695137179765 0.0 84000
1695137217188 0.0 88000
1695137252686 0.0 92000
1695137286563 0.0 96000
1695137322185 0.0 100000
1695137356733 0.0 104000
1695137389761 0.0 108000
1695137421507 0.0 112000
1695137453471 0.0 116000
1695137486574 0.0 120000
1695137518824 0.0 124000
1695137553002 0.0 128000
1695137587516 0.0 132000
1695137620412 0.0 136000
1695137652411 0.0 140000
1695137685748 0.0 144000
1695137720457 0.0 148000
1695137753157 0.0 152000
1695137785968 0.0 156000
1695137819441 0.0 160000
