1695136485622 0.0 4000
1695136522519 0.0 8000
1695136560454 0.0 12000
1695136594684 0.0 16000
1695136626321 0.0 20000
1695136659450 0.0 24000
1695136692937 0.0 28000
1695136726840 0.0 32000
1695136760598 0.0 36000
1695136795220 0.0 40000
1695136829855 0.0 44000
1695136863894 0.0 48000
1695136896323 0.0 52000
1695136932773 0.0 56000
1695136966880 0.0 60000
1695136999778 0.0 64000
1695137033474 0.0 68000
1695137066526 0.0 72000
1695137103804 0.0 76000
1695137142189 0.0 80000
1695137179762 0.0 84000
1695137217185 0.0 88000
1695137252683 0.0 92000
1695137286561 0.0 96000
1695137322183 0.0 100000
1695137356730 0.0 104000
1695137389759 0.0 108000
1695137421505 0.0 112000
1695137453469 0.0 116000
1695137486571 0.0 120000
1695137518822 0.0 124000
1695137552999 0.0 128000
1695137587514 0.0 132000
1695137620410 0.0 136000
1695137652409 0.0 140000
1695137685745 0.0 144000
1695137720454 0.0 148000
1695137753154 0.0 152000
1695137785966 0.0 156000
1695137819439 0.0 160000
