1695136485623 0.0 4000
1695136522520 0.0 8000
1695136560455 0.0 12000
1695136594685 0.0 16000
1695136626322 0.0 20000
1695136659452 0.0 24000
1695136692938 0.0 28000
1695136726842 0.0 32000
1695136760599 0.0 36000
1695136795221 0.0 40000
1695136829857 0.0 44000
1695136863895 0.0 48000
1695136896324 0.0 52000
1695136932774 0.0 56000
1695136966881 0.0 60000
1695136999779 0.0 64000
1695137033475 0.0 68000
1695137066528 0.0 72000
1695137103806 0.0 76000
1695137142190 0.0 80000
1695137179763 0.0 84000
1695137217186 0.0 88000
1695137252685 0.0 92000
1695137286562 0.0 96000
1695137322184 0.0 100000
1695137356732 0.0 104000
1695137389760 0.0 108000
1695137421506 0.0 112000
1695137453470 0.0 116000
1695137486573 0.0 120000
1695137518823 0.0 124000
1695137553001 0.0 128000
1695137587515 0.0 132000
1695137620411 0.0 136000
1695137652410 0.0 140000
1695137685746 0.0 144000
1695137720456 0.0 148000
1695137753155 0.0 152000
1695137785967 0.0 156000
1695137819440 0.0 160000
