1695136485623 1.0 4000
1695136522520 1.0 8000
1695136560456 1.0 12000
1695136594686 1.0 16000
1695136626323 1.0 20000
1695136659452 1.0 24000
1695136692939 1.0 28000
1695136726842 1.0 32000
1695136760600 1.0 36000
1695136795222 1.0 40000
1695136829857 1.0 44000
1695136863895 1.0 48000
1695136896325 1.0 52000
1695136932775 1.0 56000
1695136966882 1.0 60000
1695136999779 1.0 64000
1695137033476 1.0 68000
1695137066528 1.0 72000
1695137103806 1.0 76000
1695137142191 1.0 80000
1695137179764 1.0 84000
1695137217187 1.0 88000
1695137252685 1.0 92000
1695137286563 1.0 96000
1695137322184 1.0 100000
1695137356732 1.0 104000
1695137389760 1.0 108000
1695137421506 1.0 112000
1695137453470 1.0 116000
1695137486573 1.0 120000
1695137518823 1.0 124000
1695137553001 1.0 128000
1695137587515 1.0 132000
1695137620411 1.0 136000
1695137652410 1.0 140000
1695137685747 1.0 144000
1695137720456 1.0 148000
1695137753156 1.0 152000
1695137785967 1.0 156000
1695137819440 0.0 160000
