1695136485622 0.13333333333333333 4000
1695136522520 0.25 8000
1695136560455 0.25 12000
1695136594685 0.2857142857142857 16000
1695136626322 0.25510204081632654 20000
1695136659451 0.29 24000
1695136692938 0.27 28000
1695136726841 0.22 32000
1695136760599 0.24 36000
1695136795221 0.23 40000
1695136829856 0.16 44000
1695136863894 0.18 48000
1695136896324 0.17 52000
1695136932774 0.14 56000
1695136966881 0.12 60000
1695136999778 0.12 64000
1695137033475 0.09 68000
1695137066527 0.07 72000
1695137103805 0.08 76000
1695137142190 0.09 80000
1695137179763 0.06 84000
1695137217186 0.05 88000
1695137252684 0.11 92000
1695137286562 0.1 96000
1695137322183 0.09 100000
1695137356731 0.08 104000
1695137389760 0.08 108000
1695137421506 0.05 112000
1695137453470 0.06 116000
1695137486572 0.04 120000
1695137518823 0.03 124000
1695137553000 0.0603448275862069 128000
1695137587514 0.08 132000
1695137620411 0.12 136000
1695137652410 0.11 140000
1695137685746 0.08 144000
1695137720455 0.07142857142857142 148000
1695137753155 0.06060606060606061 152000
1695137785967 0.03676470588235294 156000
1695137819440 0.0 160000
