1695136485634 1.0 4000
1695136522533 1.0 8000
1695136560468 1.0 12000
1695136594696 1.0 16000
1695136626333 1.0 20000
1695136659463 1.0 24000
1695136692949 1.0 28000
1695136726852 1.0 32000
1695136760611 1.0 36000
1695136795233 1.0 40000
1695136829869 1.0 44000
1695136863906 1.0 48000
1695136896336 1.0 52000
1695136932786 1.0 56000
1695136966893 1.0 60000
1695136999790 1.0 64000
1695137033488 1.0 68000
1695137066538 1.0 72000
1695137103818 1.0 76000
1695137142203 1.0 80000
1695137179776 1.0 84000
1695137217198 1.0 88000
1695137252698 1.0 92000
1695137286573 1.0 96000
1695137322195 1.0 100000
1695137356744 1.0 104000
1695137389771 1.0 108000
1695137421517 1.0 112000
1695137453481 1.0 116000
1695137486584 1.0 120000
1695137518836 1.0 124000
1695137553013 1.0 128000
1695137587525 1.0 132000
1695137620422 1.0 136000
1695137652421 1.0 140000
1695137685758 1.0 144000
1695137720468 1.0 148000
1695137753166 1.0 152000
1695137785978 1.0 156000
1695137819452 1.0 160000
