1695136485633 2.0 4000
1695136522531 2.0 8000
1695136560466 2.0 12000
1695136594695 2.0 16000
1695136626332 2.0 20000
1695136659462 2.0 24000
1695136692948 2.0 28000
1695136726851 2.0 32000
1695136760610 2.0 36000
1695136795232 2.0 40000
1695136829868 2.0 44000
1695136863905 2.0 48000
1695136896335 2.0 52000
1695136932784 2.0 56000
1695136966891 2.0 60000
1695136999789 2.0 64000
1695137033486 2.0 68000
1695137066537 2.0 72000
1695137103816 2.0 76000
1695137142202 2.0 80000
1695137179774 2.0 84000
1695137217197 2.0 88000
1695137252697 2.0 92000
1695137286572 2.0 96000
1695137322193 2.0 100000
1695137356743 2.0 104000
1695137389770 2.0 108000
1695137421516 2.0 112000
1695137453480 2.0 116000
1695137486583 2.0 120000
1695137518835 2.0 124000
1695137553012 2.0 128000
1695137587524 2.0 132000
1695137620421 2.0 136000
1695137652420 2.0 140000
1695137685757 2.0 144000
1695137720467 2.0 148000
1695137753165 2.0 152000
1695137785976 2.0 156000
1695137819450 2.0 160000
