1695136485634 0.0 4000
1695136522532 0.0 8000
1695136560467 0.0 12000
1695136594696 0.0 16000
1695136626333 0.0 20000
1695136659463 0.0 24000
1695136692949 0.0 28000
1695136726852 0.0 32000
1695136760611 0.0 36000
1695136795233 0.0 40000
1695136829869 0.0 44000
1695136863905 0.0 48000
1695136896336 0.0 52000
1695136932785 0.0 56000
1695136966892 0.0 60000
1695136999790 0.0 64000
1695137033487 0.0 68000
1695137066538 0.0 72000
1695137103817 0.0 76000
1695137142203 0.0 80000
1695137179775 0.0 84000
1695137217198 0.0 88000
1695137252698 0.0 92000
1695137286573 0.0 96000
1695137322194 0.0 100000
1695137356744 0.0 104000
1695137389771 0.0 108000
1695137421517 0.0 112000
1695137453481 0.0 116000
1695137486583 0.0 120000
1695137518835 0.0 124000
1695137553013 0.0 128000
1695137587525 0.0 132000
1695137620422 0.0 136000
1695137652421 0.0 140000
1695137685758 0.0 144000
1695137720467 0.0 148000
1695137753166 0.0 152000
1695137785977 0.0 156000
1695137819451 0.0 160000
