1695303109725 0.05379999999999995 4000
1695303138412 -0.05258064516129032 8000
1695303167547 -0.05001923076923079 12000
1695303196318 -0.074625 16000
1695303230385 -0.09396774193548388 20000
1695303262711 -0.15588 24000
1695303295856 -0.13563 28000
1695303328688 -0.11020000000000002 32000
1695303360580 -0.23261999999999997 36000
1695303392708 -0.25175 40000
1695303425074 -0.4485299999999999 44000
1695303456262 -0.54266 48000
1695303487986 -0.5318200000000001 52000
1695303518729 -0.59578 56000
1695303550441 -0.7818499999999999 60000
1695303581631 -0.79195 64000
1695303615369 -0.7217599999999998 68000
1695303648103 -0.7495599999999998 72000
1695303680774 -0.9005339805825241 76000
1695303712523 -0.7870943396226414 80000
1695303753723 -0.768972972972973 84000
1695303786234 -0.8597 88000
1695303816961 -0.9083846153846153 92000
1695303852663 -0.8696394557823128 96000
1695303897827 -0.8972134146341464 100000
1695303939924 -0.9105931372549018 104000
1695303972648 -0.890813953488372 108000
1695304013183 -0.8843246753246753 112000
1695304058357 -0.8966392694063926 116000
1695304101561 -0.8870204918032787 120000
1695304142323 -0.8826827309236948 124000
1695304192058 -0.8970651340996169 128000
1695304235743 -0.9101832061068701 132000
1695304278854 -0.9090802919708028 136000
1695304323110 -0.8926461538461538 140000
1695304364717 -0.8549437086092715 144000
1695304406591 -0.8849825783972126 148000
1695304450463 -0.9161637010676155 152000
1695304491930 -0.8702666666666666 156000
1695304533289 -0.9185118644067797 160000
1695304577731 -0.9005769230769232 164000
1695304622884 -0.872528368794326 168000
1695304666365 -0.8774607508532424 172000
1695304711475 -0.8874710144927537 176000
1695304751052 -0.9229131944444444 180000
1695304788760 -0.875551724137931 184000
1695304832564 -0.9072986577181208 188000
1695304872678 -0.8838290322580644 192000
1695304909402 -0.8863297491039427 196000
1695304945257 -0.8788047138047138 200000
1695304982343 -0.86996875 204000
1695305025022 -0.8925899999999998 208000
1695305061251 -0.8421666666666666 212000
1695305097711 -0.7991363636363636 216000
1695305135882 -0.8561533101045297 220000
1695305173100 -0.8751126279863481 224000
1695305208311 -0.8177406143344709 228000
1695305242155 -0.8444666666666666 232000
1695305273003 -0.822719298245614 236000
1695305303686 -0.83914381270903 240000
1695305335036 -0.8558943396226415 244000
1695305365444 -0.8085505226480836 248000
1695305395878 -0.7853111888111888 252000
1695305426388 -0.8166135593220339 256000
1695305457127 -0.8197437722419928 260000
1695305487739 -0.7894528985507244 264000
1695305518402 -0.7414295774647887 268000
1695305548805 -0.713829861111111 272000
1695305579507 -0.7682986111111111 276000
1695305610967 -0.7865115511551155 280000
1695305641293 -0.7327959183673469 284000
1695305672125 -0.7413333333333333 288000
1695305702367 -0.7317022058823528 292000
1695305733781 -0.7620067340067339 296000
1695305763956 -0.8010733333333332 300000
1695305794965 -0.7798273381294963 304000
1695305825371 -0.7938523985239851 308000
1695305856226 -0.7666435643564357 312000
1695305886488 -0.7782972972972972 316000
1695305917114 -0.7455148514851484 320000
1695305947600 -0.6930771812080536 324000
1695305978524 -0.7582310231023103 328000
1695306008682 -0.7669326599326599 332000
1695306039544 -0.7275676567656765 336000
1695306070911 -0.7191266233766233 340000
1695306101816 -0.7382420382165604 344000
1695306132279 -0.6895733788395904 348000
1695306162905 -0.7661891891891891 352000
1695306193395 -0.798288961038961 356000
1695306224317 -0.7161722972972973 360000
1695306254733 -0.7724878892733564 364000
1695306287152 -0.7445034722222221 368000
1695306318519 -0.7629353741496598 372000
1695306351091 -0.7424966666666666 376000
1695306382544 -0.759766990291262 380000
1695306417677 -0.6871137123745819 384000
1695306452231 -0.6681049180327868 388000
1695306486483 -0.7562339743589742 392000
1695306519931 -0.7449554140127388 396000
1695306554105 -0.754786941580756 400000
1695306586109 -0.7249605263157894 404000
1695306620813 -0.6821358885017421 408000
1695306653707 -0.6859965753424657 412000
1695306687402 -0.7619935275080906 416000
1695306720487 -0.7684331210191082 420000
1695306752960 -0.7134878048780486 424000
1695306786112 -0.7792133333333333 428000
1695306823423 -0.7859602888086641 432000
1695306860235 -0.6840398671096345 436000
1695306893580 -0.7057450980392156 440000
1695306927057 -0.7320622950819672 444000
1695306961131 -0.7514189189189188 448000
1695306995349 -0.7225412541254125 452000
1695307028952 -0.7577870967741934 456000
1695307061191 -0.7188356164383561 460000
1695307093405 -0.7549896907216493 464000
1695307128219 -0.7493908794788273 468000
1695307160938 -0.6956148648648648 472000
1695307193768 -0.7585286195286195 476000
1695307226924 -0.7338349834983497 480000
1695307261335 -0.7112051282051282 484000
1695307295803 -0.7343684210526314 488000
1695307328597 -0.7105068493150685 492000
1695307362227 -0.7709719298245614 496000
1695307398565 -0.7206105610561055 500000
1695307433814 -0.7460328947368421 504000
1695307466848 -0.7770511945392491 508000
1695307502344 -0.754173202614379 512000
1695307540910 -0.7715714285714286 516000
1695307575799 -0.7586525974025973 520000
1695307615224 -0.7541677419354839 524000
1695307652947 -0.6753621262458471 528000
1695307689012 -0.707905844155844 532000
1695307724786 -0.7605253164556961 536000
1695307759414 -0.7608697068403908 540000
1695307803660 -0.7855727848101265 544000
1695307846242 -0.7300746753246752 548000
1695307880723 -0.6668211920529801 552000
1695307919651 -0.7452977346278317 556000
1695307956821 -0.7280657894736842 560000
1695307994895 -0.7410643086816721 564000
1695308028049 -0.7218692810457517 568000
1695308062922 -0.7099078947368419 572000
1695308098124 -0.7592972027972027 576000
1695308132140 -0.7389085173501576 580000
1695308167249 -0.8169739413680781 584000
1695308204637 -0.7698426229508195 588000
1695308240253 -0.7404533762057877 592000
1695308275298 -0.7750227272727273 596000
1695308317662 -0.7752523961661342 600000
1695308353433 -0.750198738170347 604000
1695308394784 -0.7210716612377849 608000
1695308433155 -0.6926363636363635 612000
1695308469781 -0.7322804054054054 616000
1695308516214 -0.760072131147541 620000
1695308552792 -0.7263247588424437 624000
1695308589974 -0.7663094462540716 628000
1695308629757 -0.801150159744409 632000
1695308665815 -0.7722857142857142 636000
1695308703994 -0.7693980582524271 640000
1695308741062 -0.781312101910828 644000
1695308776473 -0.8099809523809524 648000
1695308813148 -0.749902280130293 652000
1695308854538 -0.8091503267973855 656000
1695308889193 -0.7658207547169811 660000
1695308922287 -0.789342019543974 664000
1695308955662 -0.7949269102990032 668000
1695308990678 -0.7776026058631922 672000
1695309025613 -0.7687973856209149 676000
1695309064311 -0.7587467105263158 680000
1695309102474 -0.7288367346938774 684000
1695309138088 -0.7499520766773161 688000
1695309173202 -0.7920679611650485 692000
1695309207214 -0.7544758842443728 696000
1695309241633 -0.7265261437908497 700000
1695309278142 -0.7207236842105262 704000
1695309314289 -0.7150522875816993 708000
1695309350752 -0.7218398692810457 712000
1695309387603 -0.7518938906752411 716000
1695309422315 -0.7498006430868167 720000
1695309457159 -0.7265269841269841 724000
1695309489549 -0.7800158730158728 728000
1695309522319 -0.6883881118881119 732000
1695309555495 -0.7374600638977635 736000
1695309590354 -0.8011895424836601 740000
1695309624614 -0.7655049504950494 744000
1695309658585 -0.7232375 748000
1695309692376 -0.70275 752000
1695309730471 -0.7610031948881788 756000
1695309765025 -0.7575531249999999 760000
1695309797514 -0.6983598615916954 764000
1695309829871 -0.7575748299319727 768000
1695309863438 -0.7252792207792207 772000
1695309897345 -0.7554858044164038 776000
1695309932710 -0.7819355932203389 780000
1695309969975 -0.7534918032786885 784000
1695310015863 -0.7446634615384615 788000
1695310052601 -0.7831451104100946 792000
1695310087774 -0.7492483660130719 796000
1695310125677 -0.7699042904290428 800000
1695310160783 -0.7831645161290322 804000
1695310197777 -0.7774715189873417 808000
1695310240368 -0.7913801916932908 812000
1695310277592 -0.7825664556962025 816000
1695310312701 -0.7368216560509553 820000
1695310348342 -0.78505 824000
1695310386678 -0.717069306930693 828000
1695310421528 -0.7702207357859532 832000
1695310455195 -0.7946509433962263 836000
1695310494031 -0.787093851132686 840000
1695310538732 -0.7563729903536976 844000
1695310575964 -0.7371993569131832 848000
1695310616895 -0.7455399361022363 852000
1695310655483 -0.7349936708860759 856000
1695310690346 -0.7898930817610063 860000
1695310724062 -0.7385463258785941 864000
1695310758950 -0.751016129032258 868000
