1695303109724 -0.1926 4000
1695303138412 0.08448387096774192 8000
1695303167547 0.0353653846153846 12000
1695303196318 0.06490277777777778 16000
1695303230384 0.06662365591397845 20000
1695303262710 0.15962 24000
1695303295855 0.14095 28000
1695303328688 0.16987 32000
1695303360580 0.296 36000
1695303392708 0.3191 40000
1695303425073 0.51771 44000
1695303456261 0.63239 48000
1695303487985 0.6851600000000001 52000
1695303518729 0.7386 56000
1695303550440 0.8471899999999999 60000
1695303581630 0.8341599999999998 64000
1695303615368 0.7823500000000001 68000
1695303648103 0.8759699999999999 72000
1695303680773 0.9886116504854368 76000
1695303712522 0.856877358490566 80000
1695303753723 0.8164684684684684 84000
1695303786233 1.0188285714285714 88000
1695303816961 1.0233247863247863 92000
1695303852662 0.9808979591836735 96000
1695303897826 1.0167195121951218 100000
1695303939923 1.0404264705882353 104000
1695303972648 0.9932046511627907 108000
1695304013182 0.9813722943722943 112000
1695304058356 1.0409680365296803 116000
1695304101560 1.0182295081967212 120000
1695304142323 1.022839357429719 124000
1695304192057 1.045808429118774 128000
1695304235743 1.0409236641221373 132000
1695304278854 1.0412518248175182 136000
1695304323110 1.050426923076923 140000
1695304364716 1.0111423841059604 144000
1695304406591 1.0700627177700348 148000
1695304450462 1.080544483985765 152000
1695304491930 1.0727266666666666 156000
1695304533288 1.1248033898305083 160000
1695304577730 1.1034423076923077 164000
1695304622884 1.076212765957447 168000
1695304666364 1.0967508532423207 172000
1695304711475 1.1325108695652173 176000
1695304751051 1.187267361111111 180000
1695304788760 1.1707310344827586 184000
1695304832564 1.2004362416107384 188000
1695304872678 1.1915709677419355 192000
1695304909401 1.201032258064516 196000
1695304945257 1.1885319865319866 200000
1695304982343 1.1937083333333334 204000
1695305025021 1.2741866666666666 208000
1695305061251 1.2256847826086958 212000
1695305097711 1.1833214285714286 216000
1695305135881 1.308439024390244 220000
1695305173099 1.2908498293515358 224000
1695305208311 1.2470887372013653 228000
1695305242155 1.2989176470588233 232000
1695305273003 1.302035087719298 236000
1695305303685 1.3040100334448161 240000
1695305335035 1.3404264150943395 244000
1695305365443 1.2882439024390244 248000
1695305395878 1.3127622377622377 252000
1695305426388 1.3225016949152544 256000
1695305457126 1.314202846975089 260000
1695305487739 1.307199275362319 264000
1695305518402 1.3044225352112677 268000
1695305548804 1.3158194444444444 272000
1695305579507 1.3631840277777778 276000
1695305610967 1.340891089108911 280000
1695305641293 1.3393707482993196 284000
1695305672125 1.3462380952380952 288000
1695305702367 1.310360294117647 292000
1695305733781 1.3590942760942761 296000
1695305763955 1.37415 300000
1695305794965 1.361913669064748 304000
1695305825371 1.400232472324723 308000
1695305856226 1.3656303630363038 312000
1695305886487 1.3408344594594597 316000
1695305917114 1.3534224422442245 320000
1695305947600 1.3103926174496647 324000
1695305978523 1.3854752475247525 328000
1695306008681 1.3864141414141415 332000
1695306039544 1.3516336633663366 336000
1695306070911 1.344077922077922 340000
1695306101816 1.3873885350318473 344000
1695306132279 1.3445938566552902 348000
1695306162905 1.397875 352000
1695306193395 1.3839383116883117 356000
1695306224317 1.3626891891891892 360000
1695306254732 1.4037301038062284 364000
1695306287152 1.3688715277777779 368000
1695306318519 1.3868775510204083 372000
1695306351090 1.4000833333333333 376000
1695306382544 1.387443365695793 380000
1695306417676 1.3627424749163881 384000
1695306452230 1.298767213114754 388000
1695306486483 1.371621794871795 392000
1695306519931 1.3731719745222932 396000
1695306554105 1.4238591065292094 400000
1695306586109 1.3835394736842106 404000
1695306620812 1.392829268292683 408000
1695306653706 1.4011198630136987 412000
1695306687401 1.3795792880258901 416000
1695306720487 1.3955095541401277 420000
1695306752959 1.3926968641114983 424000
1695306786111 1.4161466666666667 428000
1695306823422 1.3993357400722022 432000
1695306860235 1.3682358803986712 436000
1695306893580 1.3804477124183008 440000
1695306927056 1.4038983606557376 444000
1695306961131 1.4059864864864866 448000
1695306995349 1.375854785478548 452000
1695307028951 1.399283870967742 456000
1695307061190 1.3810000000000002 460000
1695307093404 1.4212817869415808 464000
1695307128218 1.3486351791530946 468000
1695307160937 1.3743716216216217 472000
1695307193768 1.3944410774410774 476000
1695307226923 1.3936402640264027 480000
1695307261335 1.367823717948718 484000
1695307295803 1.3940771929824562 488000
1695307328597 1.3680650684931508 492000
1695307362227 1.4140245614035087 496000
1695307398564 1.3803729372937295 500000
1695307433814 1.396825657894737 504000
1695307466848 1.4084675767918091 508000
1695307502344 1.4071274509803922 512000
1695307540910 1.4176345514950166 516000
1695307575799 1.4221883116883118 520000
1695307615224 1.3974774193548385 524000
1695307652947 1.3996445182724253 528000
1695307689011 1.3643831168831169 532000
1695307724786 1.388405063291139 536000
1695307759414 1.448084690553746 540000
1695307803660 1.4243164556962027 544000
1695307846242 1.3776818181818182 548000
1695307880723 1.391675496688742 552000
1695307919650 1.3891521035598706 556000
1695307956821 1.4015230263157894 560000
1695307994895 1.385418006430868 564000
1695308028048 1.3881732026143792 568000
1695308062921 1.3886644736842104 572000
1695308098124 1.4098181818181819 576000
1695308132139 1.4057381703470033 580000
1695308167249 1.394785016286645 584000
1695308204636 1.4054163934426231 588000
1695308240252 1.396176848874598 592000
1695308275298 1.4081071428571428 596000
1695308317662 1.4360319488817894 600000
1695308353433 1.3981577287066247 604000
1695308394784 1.3837654723127037 608000
1695308433155 1.3949090909090909 612000
1695308469781 1.4009527027027027 616000
1695308516214 1.3986655737704918 620000
1695308552791 1.3884565916398712 624000
1695308589973 1.4059315960912055 628000
1695308629756 1.409338658146965 632000
1695308665814 1.428951219512195 636000
1695308703994 1.4043527508090614 640000
1695308741061 1.4100095541401276 644000
1695308776472 1.4318984126984127 648000
1695308813148 1.410768729641694 652000
1695308854537 1.4395686274509805 656000
1695308889192 1.354927672955975 660000
1695308922287 1.3853355048859934 664000
1695308955662 1.3990033222591363 668000
1695308990677 1.4075244299674268 672000
1695309025613 1.4091143790849674 676000
1695309064311 1.4210756578947368 680000
1695309102474 1.3956972789115647 684000
1695309138087 1.4103546325878595 688000
1695309173201 1.4117216828478965 692000
1695309207213 1.4274823151125402 696000
1695309241633 1.3927843137254903 700000
1695309278142 1.4376315789473686 704000
1695309314288 1.389418300653595 708000
1695309350752 1.3703071895424837 712000
1695309387603 1.3944983922829584 716000
1695309422314 1.407064308681672 720000
1695309457159 1.379768253968254 724000
1695309489548 1.4228444444444446 728000
1695309522319 1.3906993006993007 732000
1695309555495 1.390408945686901 736000
1695309590354 1.4275980392156864 740000
1695309624614 1.3795973597359736 744000
1695309658585 1.3665187500000002 748000
1695309692375 1.4127263513513515 752000
1695309730471 1.4246230031948883 756000
1695309765025 1.3727031250000001 760000
1695309797513 1.3777854671280276 764000
1695309829871 1.4088367346938775 768000
1695309863438 1.3967240259740261 772000
1695309897345 1.3687981072555206 776000
1695309932710 1.4184338983050846 780000
1695309969974 1.4157639344262294 784000
1695310015862 1.3777820512820516 788000
1695310052601 1.4086845425867507 792000
1695310087774 1.402343137254902 796000
1695310125676 1.3936369636963697 800000
1695310160782 1.3922806451612904 804000
1695310197776 1.4116803797468356 808000
1695310240368 1.4174440894568692 812000
1695310277592 1.3914462025316456 816000
1695310312700 1.3907452229299364 820000
1695310348341 1.4052968750000001 824000
1695310386676 1.4075280528052805 828000
1695310421528 1.4021505016722409 832000
1695310455195 1.4199182389937108 836000
1695310494030 1.4176731391585762 840000
1695310538732 1.3958745980707397 844000
1695310575963 1.4179485530546625 848000
1695310616894 1.387626198083067 852000
1695310655483 1.4119398734177215 856000
1695310690346 1.4185062893081761 860000
1695310724062 1.4152108626198086 864000
1695310758949 1.3799870967741936 868000
