1695136485579 4000.0 4000
1695136522464 8000.0 8000
1695136560405 12000.0 12000
1695136594643 16000.0 16000
1695136626280 20000.0 20000
1695136659408 24000.0 24000
1695136692893 28000.0 28000
1695136726799 32000.0 32000
1695136760554 36000.0 36000
1695136795176 40000.0 40000
1695136829808 44000.0 44000
1695136863852 48000.0 48000
1695136896278 52000.0 52000
1695136932729 56000.0 56000
1695136966838 60000.0 60000
1695136999733 64000.0 64000
1695137033427 68000.0 68000
1695137066484 72000.0 72000
1695137103758 76000.0 76000
1695137142143 80000.0 80000
1695137179718 84000.0 84000
1695137217140 88000.0 88000
1695137252638 92000.0 92000
1695137286517 96000.0 96000
1695137322142 100000.0 100000
1695137356681 104000.0 104000
1695137389717 108000.0 108000
1695137421461 112000.0 112000
1695137453429 116000.0 116000
1695137486529 120000.0 120000
1695137518776 124000.0 124000
1695137552947 128000.0 128000
1695137587473 132000.0 132000
1695137620368 136000.0 136000
1695137652367 140000.0 140000
1695137685699 144000.0 144000
1695137720409 148000.0 148000
1695137753113 152000.0 152000
1695137785926 156000.0 156000
1695137819394 160000.0 160000
