1695136485631 0.0 4000
1695136522529 0.0 8000
1695136560465 0.0 12000
1695136594693 0.0 16000
1695136626330 0.0 20000
1695136659460 0.0 24000
1695136692947 0.0 28000
1695136726850 0.0 32000
1695136760608 0.0 36000
1695136795230 0.0 40000
1695136829866 0.0 44000
1695136863903 0.0 48000
1695136896333 0.0 52000
1695136932783 0.0 56000
1695136966890 0.0 60000
1695136999787 0.0 64000
1695137033485 0.0 68000
1695137066536 0.0 72000
1695137103815 0.0 76000
1695137142200 0.0 80000
1695137179773 0.0 84000
1695137217195 0.0 88000
1695137252695 0.0 92000
1695137286571 0.0 96000
1695137322192 0.0 100000
1695137356741 0.0 104000
1695137389768 0.0 108000
1695137421515 0.0 112000
1695137453478 0.0 116000
1695137486581 0.0 120000
1695137518833 0.0 124000
1695137553010 0.0 128000
1695137587523 0.0 132000
1695137620419 0.0 136000
1695137652419 0.0 140000
1695137685755 0.0 144000
1695137720465 0.0 148000
1695137753164 0.0 152000
1695137785975 0.0 156000
1695137819449 0.0 160000
