1695136485630 4.207735862319706 4000
1695136522528 4.318402472429552 8000
1695136560463 4.411886635700858 12000
1695136594692 4.488875434662967 16000
1695136626329 4.521451927276063 20000
1695136659459 4.594308517629893 24000
1695136692945 4.635606521220626 28000
1695136726849 4.6130555130360245 32000
1695136760607 4.593202256841137 36000
1695136795229 4.596719126072769 40000
1695136829865 4.608802060357806 44000
1695136863902 4.61478053051494 48000
1695136896332 4.623432283274251 52000
1695136932782 4.62496087488635 56000
1695136966889 4.627355291728192 60000
1695136999786 4.627444809292089 64000
1695137033483 4.626295687781959 68000
1695137066535 4.62198190884731 72000
1695137103813 4.633352642395611 76000
1695137142199 4.65355200255249 80000
1695137179771 4.682267638042675 84000
1695137217194 4.714926283562201 88000
1695137252692 4.728506378453027 92000
1695137286569 4.717842763260075 96000
1695137322191 4.715871961751727 100000
1695137356740 4.709618638843187 104000
1695137389767 4.72989508723657 108000
1695137421513 4.720928974727031 112000
1695137453477 4.701580506025448 116000
1695137486580 4.695571019853552 120000
1695137518831 4.672413363511807 124000
1695137553009 4.669829504980231 128000
1695137587522 4.6765785104021 132000
1695137620418 4.676149215118726 136000
1695137652417 4.662789309091198 140000
1695137685754 4.65688649717863 144000
1695137720464 4.658449867236835 148000
1695137753162 4.653765483674894 152000
1695137785974 4.64697248965356 156000
1695137819447 4.64046599174062 160000
