1695136485630 0.17960787017644692 4000
1695136522529 0.18469073687507054 8000
1695136560464 0.18868888118172977 12000
1695136594693 0.19227577298931273 16000
1695136626330 0.19391676661549062 20000
1695136659459 0.19732534154824224 24000
1695136692946 0.199312561202391 28000
1695136726849 0.1984374460710425 32000
1695136760607 0.19762173334837846 36000
1695136795229 0.19790376854283792 40000
1695136829865 0.1986976624307171 44000
1695136863902 0.19912731615810994 48000
1695136896332 0.19979043954107 52000
1695136932782 0.20013160471559424 56000
1695136966889 0.2003044569576646 60000
1695136999786 0.20032815579187307 64000
1695137033484 0.20040345119033767 68000
1695137066535 0.20024081111585323 72000
1695137103814 0.20085582388575415 76000
1695137142199 0.20214807652715386 80000
1695137179772 0.2038664006421382 84000
1695137217195 0.2056278404117059 88000
1695137252692 0.20635104156865075 92000
1695137286570 0.20585271643814326 96000
1695137322191 0.2058324702941818 100000
1695137356740 0.2053592815337934 104000
1695137389768 0.20631431986631632 108000
1695137421514 0.2059597788150375 112000
1695137453477 0.20503248846688563 116000
1695137486580 0.20471378265757018 120000
1695137518832 0.20341532832659368 124000
1695137553009 0.2032999666381789 128000
1695137587522 0.20364000508858965 132000
1695137620418 0.20350385605104157 136000
1695137652418 0.20287584382804094 140000
1695137685754 0.20252301273937984 144000
1695137720464 0.2024962752963994 148000
1695137753163 0.20237490422050777 152000
1695137785974 0.20191779649224803 156000
1695137819448 0.20162187806990792 160000
