1695136485630 0.5914826841029345 4000
1695136522528 0.6119650113238977 8000
1695136560463 0.62518525227419 12000
1695136594692 0.6362731852675283 16000
1695136626329 0.641079793985697 20000
1695136659459 0.6527981143491567 24000
1695136692945 0.658580383612899 28000
1695136726848 0.6563082815478036 32000
1695136760606 0.6546684480283439 36000
1695136795228 0.6562100330430108 40000
1695136829864 0.6588135123814556 44000
1695136863901 0.6603650928784057 48000
1695136896331 0.6618849145690882 52000
1695136932781 0.6630390559040218 56000
1695136966888 0.6638119136167556 60000
1695136999786 0.6644360497656223 64000
1695137033483 0.6652945303488464 68000
1695137066534 0.6667350788295292 72000
1695137103813 0.6691721048147101 76000
1695137142198 0.672342235474645 80000
1695137179771 0.6766343808251947 84000
1695137217194 0.6831894473537639 88000
1695137252692 0.686431258592278 92000
1695137286569 0.6836900172291742 96000
1695137322190 0.6840657712157341 100000
1695137356739 0.684211682797576 104000
1695137389767 0.6865965916533778 108000
1695137421513 0.6860431652294389 112000
1695137453477 0.6831920008624269 116000
1695137486579 0.6827051449926662 120000
1695137518831 0.6810478971787143 124000
1695137553008 0.6815000733386185 128000
1695137587521 0.6833687912610423 132000
1695137620418 0.6833752588715842 136000
1695137652417 0.6821322745262308 140000
1695137685754 0.6823008085785537 144000
1695137720463 0.6832030328003756 148000
1695137753162 0.6833926040452349 152000
1695137785973 0.6840157722442192 156000
1695137819447 0.68394663033862 160000
