1695303109714 1.0 4000
1695303138401 1.0 8000
1695303167536 1.0 12000
1695303196306 1.0 16000
1695303230372 1.0 20000
1695303262699 1.0 24000
1695303295845 1.0 28000
1695303328677 1.0 32000
1695303360567 1.0 36000
1695303392697 1.0 40000
1695303425063 1.0 44000
1695303456250 1.0 48000
1695303487975 1.0 52000
1695303518719 1.0 56000
1695303550430 1.0 60000
1695303581620 1.0 64000
1695303615357 1.0 68000
1695303648093 1.0 72000
1695303680763 1.0 76000
1695303712512 1.0 80000
1695303753712 1.0 84000
1695303786223 1.0 88000
1695303816949 1.0 92000
1695303852649 1.0 96000
1695303897803 1.0 100000
1695303939913 1.0 104000
1695303972636 1.0 108000
1695304013168 1.0 112000
1695304058342 1.0 116000
1695304101548 1.0 120000
1695304142310 1.0 124000
1695304192041 1.0 128000
1695304235728 1.0 132000
1695304278840 1.0 136000
1695304323096 1.0 140000
1695304364703 1.0 144000
1695304406576 1.0 148000
1695304450448 1.0 152000
1695304491918 1.0 156000
1695304533275 1.0 160000
1695304577718 1.0 164000
1695304622869 1.0 168000
1695304666352 1.0 172000
1695304711465 1.0 176000
1695304751039 1.0 180000
1695304788745 1.0 184000
1695304832553 1.0 188000
1695304872665 1.0 192000
1695304909389 1.0 196000
1695304945246 1.0 200000
1695304982331 1.0 204000
1695305025009 1.0 208000
1695305061239 1.0 212000
1695305097699 1.0 216000
1695305135870 1.0 220000
1695305173087 1.0 224000
1695305208299 1.0 228000
1695305242145 1.0 232000
1695305272993 1.0 236000
1695305303674 1.0 240000
1695305335026 1.0 244000
1695305365433 1.0 248000
1695305395868 1.0 252000
1695305426377 1.0 256000
1695305457117 1.0 260000
1695305487729 1.0 264000
1695305518392 1.0 268000
1695305548794 1.0 272000
1695305579498 1.0 276000
1695305610957 1.0 280000
1695305641283 1.0 284000
1695305672116 1.0 288000
1695305702357 1.0 292000
1695305733771 1.0 296000
1695305763941 1.0 300000
1695305794956 1.0 304000
1695305825361 1.0 308000
1695305856216 1.0 312000
1695305886478 1.0 316000
1695305917104 1.0 320000
1695305947590 1.0 324000
1695305978514 1.0 328000
1695306008671 1.0 332000
1695306039534 1.0 336000
1695306070901 1.0 340000
1695306101806 1.0 344000
1695306132269 1.0 348000
1695306162894 1.0 352000
1695306193385 1.0 356000
1695306224307 1.0 360000
1695306254722 1.0 364000
1695306287142 1.0 368000
1695306318509 1.0 372000
1695306351078 1.0 376000
1695306382534 1.0 380000
1695306417665 1.0 384000
1695306452215 1.0 388000
1695306486471 1.0 392000
1695306519920 1.0 396000
1695306554094 1.0 400000
1695306586098 1.0 404000
1695306620801 1.0 408000
1695306653696 1.0 412000
1695306687390 1.0 416000
1695306720476 1.0 420000
1695306752949 1.0 424000
1695306786101 1.0 428000
1695306823401 1.0 432000
1695306860224 1.0 436000
1695306893570 1.0 440000
1695306927045 1.0 444000
1695306961120 1.0 448000
1695306995338 1.0 452000
1695307028941 1.0 456000
1695307061179 1.0 460000
1695307093393 1.0 464000
1695307128208 1.0 468000
1695307160926 1.0 472000
1695307193757 1.0 476000
1695307226913 1.0 480000
1695307261324 1.0 484000
1695307295793 1.0 488000
1695307328586 1.0 492000
1695307362216 1.0 496000
1695307398552 1.0 500000
1695307433804 1.0 504000
1695307466836 1.0 508000
1695307502332 1.0 512000
1695307540898 1.0 516000
1695307575788 1.0 520000
1695307615212 1.0 524000
1695307652936 1.0 528000
1695307689000 1.0 532000
1695307724774 1.0 536000
1695307759404 1.0 540000
1695307803646 1.0 544000
1695307846232 1.0 548000
1695307880711 1.0 552000
1695307919639 1.0 556000
1695307956809 1.0 560000
1695307994884 1.0 564000
1695308028038 1.0 568000
1695308062910 1.0 572000
1695308098113 1.0 576000
1695308132128 1.0 580000
1695308167238 1.0 584000
1695308204624 1.0 588000
1695308240242 1.0 592000
1695308275286 1.0 596000
1695308317649 1.0 600000
1695308353421 1.0 604000
1695308394769 1.0 608000
1695308433144 1.0 612000
1695308469768 1.0 616000
1695308516202 1.0 620000
1695308552779 1.0 624000
1695308589961 1.0 628000
1695308629744 1.0 632000
1695308665799 1.0 636000
1695308703982 1.0 640000
1695308741051 1.0 644000
1695308776456 1.0 648000
1695308813135 1.0 652000
1695308854527 1.0 656000
1695308889182 1.0 660000
1695308922276 1.0 664000
1695308955650 1.0 668000
1695308990665 1.0 672000
1695309025600 1.0 676000
1695309064298 1.0 680000
1695309102462 1.0 684000
1695309138076 1.0 688000
1695309173190 1.0 692000
1695309207202 1.0 696000
1695309241622 1.0 700000
1695309278130 1.0 704000
1695309314276 1.0 708000
1695309350742 1.0 712000
1695309387592 1.0 716000
1695309422304 1.0 720000
1695309457148 1.0 724000
1695309489538 1.0 728000
1695309522308 1.0 732000
1695309555484 1.0 736000
1695309590343 1.0 740000
1695309624603 1.0 744000
1695309658575 1.0 748000
1695309692364 1.0 752000
1695309730458 1.0 756000
1695309765014 1.0 760000
1695309797503 1.0 764000
1695309829860 1.0 768000
1695309863427 1.0 772000
1695309897334 1.0 776000
1695309932699 1.0 780000
1695309969963 1.0 784000
1695310015851 1.0 788000
1695310052590 1.0 792000
1695310087762 1.0 796000
1695310125665 1.0 800000
1695310160772 1.0 804000
1695310197765 1.0 808000
1695310240356 1.0 812000
1695310277581 1.0 816000
1695310312689 1.0 820000
1695310348330 1.0 824000
1695310386656 1.0 828000
1695310421518 1.0 832000
1695310455184 1.0 836000
1695310494019 1.0 840000
1695310538721 1.0 844000
1695310575952 1.0 848000
1695310616878 1.0 852000
1695310655471 1.0 856000
1695310690335 1.0 860000
1695310724052 1.0 864000
1695310758939 1.0 868000
