1695303109713 0.0 4000
1695303138400 0.0 8000
1695303167535 0.0 12000
1695303196306 0.0 16000
1695303230371 0.0 20000
1695303262699 0.0 24000
1695303295844 0.0 28000
1695303328677 0.0 32000
1695303360566 0.0 36000
1695303392696 0.0 40000
1695303425062 0.0 44000
1695303456250 0.0 48000
1695303487974 0.0 52000
1695303518718 0.0 56000
1695303550429 0.0 60000
1695303581619 0.0 64000
1695303615356 0.0 68000
1695303648092 0.0 72000
1695303680762 0.0 76000
1695303712511 0.0 80000
1695303753711 0.0 84000
1695303786222 0.0 88000
1695303816949 0.0 92000
1695303852648 0.0 96000
1695303897801 0.0 100000
1695303939912 0.0 104000
1695303972635 0.0 108000
1695304013167 0.0 112000
1695304058342 0.0 116000
1695304101547 0.0 120000
1695304142309 0.0 124000
1695304192039 0.0 128000
1695304235727 0.0 132000
1695304278839 0.0 136000
1695304323095 0.0 140000
1695304364702 0.0 144000
1695304406575 0.0 148000
1695304450447 0.0 152000
1695304491917 0.0 156000
1695304533274 0.0 160000
1695304577717 0.0 164000
1695304622868 0.0 168000
1695304666351 0.0 172000
1695304711464 0.0 176000
1695304751038 0.0 180000
1695304788744 0.0 184000
1695304832552 0.0 188000
1695304872664 0.0 192000
1695304909388 0.0 196000
1695304945245 0.0 200000
1695304982331 0.0 204000
1695305025008 0.0 208000
1695305061239 0.0 212000
1695305097698 0.0 216000
1695305135869 0.0 220000
1695305173086 0.0 224000
1695305208298 0.0 228000
1695305242144 0.0 232000
1695305272992 0.0 236000
1695305303673 0.0 240000
1695305335025 0.0 244000
1695305365432 0.0 248000
1695305395868 0.0 252000
1695305426376 0.0 256000
1695305457116 0.0 260000
1695305487728 0.0 264000
1695305518391 0.0 268000
1695305548793 0.0 272000
1695305579497 0.0 276000
1695305610956 0.0 280000
1695305641283 0.0 284000
1695305672115 0.0 288000
1695305702356 0.0 292000
1695305733770 0.0 296000
1695305763940 0.0 300000
1695305794955 0.0 304000
1695305825360 0.0 308000
1695305856215 0.0 312000
1695305886477 0.0 316000
1695305917103 0.0 320000
1695305947589 0.0 324000
1695305978513 0.0 328000
1695306008671 0.0 332000
1695306039533 0.0 336000
1695306070900 0.0 340000
1695306101805 0.0 344000
1695306132268 0.0 348000
1695306162894 0.0 352000
1695306193384 0.0 356000
1695306224306 0.0 360000
1695306254722 0.0 364000
1695306287142 0.0 368000
1695306318508 0.0 372000
1695306351078 0.0 376000
1695306382534 0.0 380000
1695306417664 0.0 384000
1695306452215 0.0 388000
1695306486470 0.0 392000
1695306519920 0.0 396000
1695306554093 0.0 400000
1695306586098 0.0 404000
1695306620800 0.0 408000
1695306653696 0.0 412000
1695306687389 0.0 416000
1695306720476 0.0 420000
1695306752948 0.0 424000
1695306786100 0.0 428000
1695306823400 0.0 432000
1695306860223 0.0 436000
1695306893569 0.0 440000
1695306927044 0.0 444000
1695306961119 0.0 448000
1695306995337 0.0 452000
1695307028940 0.0 456000
1695307061179 0.0 460000
1695307093392 0.0 464000
1695307128207 0.0 468000
1695307160925 0.0 472000
1695307193757 0.0 476000
1695307226912 0.0 480000
1695307261323 0.0 484000
1695307295792 0.0 488000
1695307328585 0.0 492000
1695307362215 0.0 496000
1695307398551 0.0 500000
1695307433803 0.0 504000
1695307466835 0.0 508000
1695307502331 0.0 512000
1695307540897 0.0 516000
1695307575787 0.0 520000
1695307615211 0.0 524000
1695307652935 0.0 528000
1695307688999 0.0 532000
1695307724774 0.0 536000
1695307759403 0.0 540000
1695307803644 0.0 544000
1695307846231 0.0 548000
1695307880710 0.0 552000
1695307919638 0.0 556000
1695307956808 0.0 560000
1695307994883 0.0 564000
1695308028037 0.0 568000
1695308062909 0.0 572000
1695308098113 0.0 576000
1695308132127 0.0 580000
1695308167237 0.0 584000
1695308204623 0.0 588000
1695308240241 0.0 592000
1695308275285 0.0 596000
1695308317648 0.0 600000
1695308353420 0.0 604000
1695308394768 0.0 608000
1695308433143 0.0 612000
1695308469768 0.0 616000
1695308516201 0.0 620000
1695308552779 0.0 624000
1695308589960 0.0 628000
1695308629743 0.0 632000
1695308665797 0.0 636000
1695308703981 0.0 640000
1695308741050 0.0 644000
1695308776455 0.0 648000
1695308813134 0.0 652000
1695308854526 0.0 656000
1695308889181 0.0 660000
1695308922276 0.0 664000
1695308955650 0.0 668000
1695308990665 0.0 672000
1695309025599 0.0 676000
1695309064297 0.0 680000
1695309102461 0.0 684000
1695309138075 0.0 688000
1695309173190 0.0 692000
1695309207201 0.0 696000
1695309241622 0.0 700000
1695309278130 0.0 704000
1695309314275 0.0 708000
1695309350741 0.0 712000
1695309387591 0.0 716000
1695309422303 0.0 720000
1695309457147 0.0 724000
1695309489538 0.0 728000
1695309522308 0.0 732000
1695309555483 0.0 736000
1695309590342 0.0 740000
1695309624602 0.0 744000
1695309658574 0.0 748000
1695309692363 0.0 752000
1695309730457 0.0 756000
1695309765013 0.0 760000
1695309797502 0.0 764000
1695309829859 0.0 768000
1695309863427 0.0 772000
1695309897333 0.0 776000
1695309932698 0.0 780000
1695309969962 0.0 784000
1695310015850 0.0 788000
1695310052589 0.0 792000
1695310087761 0.0 796000
1695310125664 0.0 800000
1695310160772 0.0 804000
1695310197764 0.0 808000
1695310240355 0.0 812000
1695310277580 0.0 816000
1695310312688 0.0 820000
1695310348329 0.0 824000
1695310386655 0.0 828000
1695310421518 0.0 832000
1695310455183 0.0 836000
1695310494018 0.0 840000
1695310538721 0.0 844000
1695310575951 0.0 848000
1695310616877 0.0 852000
1695310655471 0.0 856000
1695310690335 0.0 860000
1695310724051 0.0 864000
1695310758938 0.0 868000
