1695303109713 0.0 4000
1695303138401 0.0 8000
1695303167536 0.0 12000
1695303196306 0.0 16000
1695303230371 0.0 20000
1695303262699 0.0 24000
1695303295845 0.0 28000
1695303328677 0.0 32000
1695303360567 0.0 36000
1695303392697 0.0 40000
1695303425063 0.0 44000
1695303456250 0.0 48000
1695303487974 0.0 52000
1695303518718 0.0 56000
1695303550430 0.0 60000
1695303581620 0.0 64000
1695303615356 0.0 68000
1695303648092 0.0 72000
1695303680762 0.0 76000
1695303712512 0.0 80000
1695303753712 0.0 84000
1695303786223 0.0 88000
1695303816949 0.0 92000
1695303852649 0.0 96000
1695303897802 0.0 100000
1695303939912 0.0 104000
1695303972636 0.0 108000
1695304013167 0.0 112000
1695304058342 0.0 116000
1695304101548 0.0 120000
1695304142310 0.0 124000
1695304192040 0.0 128000
1695304235728 0.0 132000
1695304278839 0.0 136000
1695304323096 0.0 140000
1695304364702 0.0 144000
1695304406575 0.0 148000
1695304450448 0.0 152000
1695304491917 0.0 156000
1695304533275 0.0 160000
1695304577717 0.0 164000
1695304622869 0.0 168000
1695304666351 0.0 172000
1695304711464 0.0 176000
1695304751039 0.0 180000
1695304788745 0.0 184000
1695304832553 0.0 188000
1695304872664 0.0 192000
1695304909389 0.0 196000
1695304945245 0.0 200000
1695304982331 0.0 204000
1695305025008 0.0 208000
1695305061239 0.0 212000
1695305097699 0.0 216000
1695305135869 0.0 220000
1695305173087 0.0 224000
1695305208299 0.0 228000
1695305242144 0.0 232000
1695305272992 0.0 236000
1695305303674 0.0 240000
1695305335025 0.0 244000
1695305365432 0.0 248000
1695305395868 0.0 252000
1695305426377 0.0 256000
1695305457116 0.0 260000
1695305487728 0.0 264000
1695305518392 0.0 268000
1695305548794 0.0 272000
1695305579497 0.0 276000
1695305610956 0.0 280000
1695305641283 0.0 284000
1695305672115 0.0 288000
1695305702356 0.0 292000
1695305733771 0.0 296000
1695305763941 0.0 300000
1695305794955 0.0 304000
1695305825361 0.0 308000
1695305856216 0.0 312000
1695305886478 0.0 316000
1695305917104 0.0 320000
1695305947589 0.0 324000
1695305978514 0.0 328000
1695306008671 0.0 332000
1695306039533 0.0 336000
1695306070901 0.0 340000
1695306101805 0.0 344000
1695306132268 0.0 348000
1695306162894 0.0 352000
1695306193385 0.0 356000
1695306224307 0.0 360000
1695306254722 0.0 364000
1695306287142 0.0 368000
1695306318508 0.0 372000
1695306351078 0.0 376000
1695306382534 0.0 380000
1695306417665 0.0 384000
1695306452215 0.0 388000
1695306486471 0.0 392000
1695306519920 0.0 396000
1695306554094 0.0 400000
1695306586098 0.0 404000
1695306620801 0.0 408000
1695306653696 0.0 412000
1695306687390 0.0 416000
1695306720476 0.0 420000
1695306752949 0.0 424000
1695306786101 0.0 428000
1695306823400 0.0 432000
1695306860223 0.0 436000
1695306893569 0.0 440000
1695306927045 0.0 444000
1695306961120 0.0 448000
1695306995338 0.0 452000
1695307028941 0.0 456000
1695307061179 0.0 460000
1695307093393 0.0 464000
1695307128207 0.0 468000
1695307160926 0.0 472000
1695307193757 0.0 476000
1695307226912 0.0 480000
1695307261323 0.0 484000
1695307295792 0.0 488000
1695307328586 0.0 492000
1695307362215 0.0 496000
1695307398552 0.0 500000
1695307433803 0.0 504000
1695307466836 0.0 508000
1695307502331 0.0 512000
1695307540898 0.0 516000
1695307575788 0.0 520000
1695307615211 0.0 524000
1695307652936 0.0 528000
1695307688999 0.0 532000
1695307724774 0.0 536000
1695307759403 0.0 540000
1695307803645 0.0 544000
1695307846231 0.0 548000
1695307880710 0.0 552000
1695307919639 0.0 556000
1695307956808 0.0 560000
1695307994884 0.0 564000
1695308028037 0.0 568000
1695308062910 0.0 572000
1695308098113 0.0 576000
1695308132128 0.0 580000
1695308167238 0.0 584000
1695308204623 0.0 588000
1695308240241 0.0 592000
1695308275285 0.0 596000
1695308317649 0.0 600000
1695308353421 0.0 604000
1695308394769 0.0 608000
1695308433144 0.0 612000
1695308469768 0.0 616000
1695308516201 0.0 620000
1695308552779 0.0 624000
1695308589960 0.0 628000
1695308629744 0.0 632000
1695308665798 0.0 636000
1695308703981 0.0 640000
1695308741050 0.0 644000
1695308776456 0.0 648000
1695308813135 0.0 652000
1695308854527 0.0 656000
1695308889181 0.0 660000
1695308922276 0.0 664000
1695308955650 0.0 668000
1695308990665 0.0 672000
1695309025599 0.0 676000
1695309064298 0.0 680000
1695309102462 0.0 684000
1695309138075 0.0 688000
1695309173190 0.0 692000
1695309207201 0.0 696000
1695309241622 0.0 700000
1695309278130 0.0 704000
1695309314275 0.0 708000
1695309350741 0.0 712000
1695309387591 0.0 716000
1695309422304 0.0 720000
1695309457148 0.0 724000
1695309489538 0.0 728000
1695309522308 0.0 732000
1695309555483 0.0 736000
1695309590343 0.0 740000
1695309624603 0.0 744000
1695309658574 0.0 748000
1695309692364 0.0 752000
1695309730457 0.0 756000
1695309765014 0.0 760000
1695309797503 0.0 764000
1695309829859 0.0 768000
1695309863427 0.0 772000
1695309897334 0.0 776000
1695309932698 0.0 780000
1695309969962 0.0 784000
1695310015851 0.0 788000
1695310052589 0.0 792000
1695310087762 0.0 796000
1695310125665 0.0 800000
1695310160772 0.0 804000
1695310197764 0.0 808000
1695310240355 0.0 812000
1695310277580 0.0 816000
1695310312689 0.0 820000
1695310348329 0.0 824000
1695310386656 0.0 828000
1695310421518 0.0 832000
1695310455183 0.0 836000
1695310494018 0.0 840000
1695310538721 0.0 844000
1695310575951 0.0 848000
1695310616878 0.0 852000
1695310655471 0.0 856000
1695310690335 0.0 860000
1695310724051 0.0 864000
1695310758938 0.0 868000
