1695303109714 0.0 4000
1695303138401 0.0 8000
1695303167536 0.0 12000
1695303196307 0.0 16000
1695303230372 0.0 20000
1695303262700 0.0 24000
1695303295845 0.0 28000
1695303328678 0.0 32000
1695303360568 0.0 36000
1695303392698 0.0 40000
1695303425063 0.0 44000
1695303456251 0.0 48000
1695303487975 0.0 52000
1695303518719 0.0 56000
1695303550430 0.0 60000
1695303581620 0.0 64000
1695303615357 0.0 68000
1695303648093 0.0 72000
1695303680763 0.0 76000
1695303712512 0.0 80000
1695303753712 0.0 84000
1695303786223 0.0 88000
1695303816950 0.0 92000
1695303852649 0.0 96000
1695303897803 0.0 100000
1695303939913 0.0 104000
1695303972636 0.0 108000
1695304013168 0.0 112000
1695304058343 0.0 116000
1695304101549 0.0 120000
1695304142311 0.0 124000
1695304192041 0.0 128000
1695304235729 0.0 132000
1695304278840 0.0 136000
1695304323096 0.0 140000
1695304364703 0.0 144000
1695304406576 0.0 148000
1695304450449 0.0 152000
1695304491918 0.0 156000
1695304533276 0.0 160000
1695304577718 0.0 164000
1695304622870 0.0 168000
1695304666352 0.0 172000
1695304711465 0.0 176000
1695304751040 0.0 180000
1695304788745 0.0 184000
1695304832554 0.0 188000
1695304872665 0.0 192000
1695304909390 0.0 196000
1695304945246 0.0 200000
1695304982332 0.0 204000
1695305025009 0.0 208000
1695305061240 0.0 212000
1695305097700 0.0 216000
1695305135870 0.0 220000
1695305173088 0.0 224000
1695305208300 0.0 228000
1695305242145 0.0 232000
1695305272993 0.0 236000
1695305303674 0.0 240000
1695305335026 0.0 244000
1695305365433 0.0 248000
1695305395869 0.0 252000
1695305426377 0.0 256000
1695305457117 0.0 260000
1695305487729 0.0 264000
1695305518392 0.0 268000
1695305548794 0.0 272000
1695305579498 0.0 276000
1695305610957 0.0 280000
1695305641284 0.0 284000
1695305672116 0.0 288000
1695305702357 0.0 292000
1695305733772 0.0 296000
1695305763942 0.0 300000
1695305794956 0.0 304000
1695305825361 0.0 308000
1695305856217 0.0 312000
1695305886478 0.0 316000
1695305917104 0.0 320000
1695305947590 0.0 324000
1695305978514 0.0 328000
1695306008672 0.0 332000
1695306039534 0.0 336000
1695306070901 0.0 340000
1695306101806 0.0 344000
1695306132269 0.0 348000
1695306162895 0.0 352000
1695306193385 0.0 356000
1695306224307 0.0 360000
1695306254723 0.0 364000
1695306287143 0.0 368000
1695306318509 0.0 372000
1695306351079 0.0 376000
1695306382535 0.0 380000
1695306417665 0.0 384000
1695306452216 0.0 388000
1695306486472 0.0 392000
1695306519921 0.0 396000
1695306554094 0.0 400000
1695306586099 0.0 404000
1695306620802 0.0 408000
1695306653697 0.0 412000
1695306687391 0.0 416000
1695306720477 0.0 420000
1695306752950 0.0 424000
1695306786101 0.0 428000
1695306823402 0.0 432000
1695306860224 0.0 436000
1695306893570 0.0 440000
1695306927045 0.0 444000
1695306961121 0.0 448000
1695306995339 0.0 452000
1695307028941 0.0 456000
1695307061180 0.0 460000
1695307093394 0.0 464000
1695307128208 0.0 468000
1695307160926 0.0 472000
1695307193758 0.0 476000
1695307226913 0.0 480000
1695307261324 0.0 484000
1695307295793 0.0 488000
1695307328586 0.0 492000
1695307362216 0.0 496000
1695307398553 0.0 500000
1695307433804 0.0 504000
1695307466837 0.0 508000
1695307502332 0.0 512000
1695307540898 0.0 516000
1695307575789 0.0 520000
1695307615212 0.0 524000
1695307652936 0.0 528000
1695307689000 0.0 532000
1695307724775 0.0 536000
1695307759404 0.0 540000
1695307803646 0.0 544000
1695307846232 0.0 548000
1695307880711 0.0 552000
1695307919640 0.0 556000
1695307956809 0.0 560000
1695307994884 0.0 564000
1695308028038 0.0 568000
1695308062910 0.0 572000
1695308098114 0.0 576000
1695308132128 0.0 580000
1695308167239 0.0 584000
1695308204624 0.0 588000
1695308240242 0.0 592000
1695308275286 0.0 596000
1695308317649 0.0 600000
1695308353421 0.0 604000
1695308394770 0.0 608000
1695308433145 0.0 612000
1695308469769 0.0 616000
1695308516202 0.0 620000
1695308552780 0.0 624000
1695308589961 0.0 628000
1695308629745 0.0 632000
1695308665800 0.0 636000
1695308703982 0.0 640000
1695308741051 0.0 644000
1695308776456 0.0 648000
1695308813136 0.0 652000
1695308854528 0.0 656000
1695308889182 0.0 660000
1695308922277 0.0 664000
1695308955651 0.0 668000
1695308990666 0.0 672000
1695309025600 0.0 676000
1695309064299 0.0 680000
1695309102462 0.0 684000
1695309138076 0.0 688000
1695309173191 0.0 692000
1695309207202 0.0 696000
1695309241623 0.0 700000
1695309278131 0.0 704000
1695309314276 0.0 708000
1695309350742 0.0 712000
1695309387592 0.0 716000
1695309422304 0.0 720000
1695309457149 0.0 724000
1695309489539 0.0 728000
1695309522309 0.0 732000
1695309555484 0.0 736000
1695309590343 0.0 740000
1695309624603 0.0 744000
1695309658575 0.0 748000
1695309692364 0.0 752000
1695309730458 0.0 756000
1695309765014 0.0 760000
1695309797503 0.0 764000
1695309829860 0.0 768000
1695309863428 0.0 772000
1695309897334 0.0 776000
1695309932699 0.0 780000
1695309969963 0.0 784000
1695310015852 0.0 788000
1695310052590 0.0 792000
1695310087763 0.0 796000
1695310125665 0.0 800000
1695310160773 0.0 804000
1695310197765 0.0 808000
1695310240356 0.0 812000
1695310277581 0.0 816000
1695310312689 0.0 820000
1695310348330 0.0 824000
1695310386656 0.0 828000
1695310421519 0.0 832000
1695310455184 0.0 836000
1695310494019 0.0 840000
1695310538722 0.0 844000
1695310575952 0.0 848000
1695310616879 0.0 852000
1695310655472 0.0 856000
1695310690336 0.0 860000
1695310724052 0.0 864000
1695310758939 0.0 868000
