1695303109712 0.0 4000
1695303138399 0.0 8000
1695303167534 0.0 12000
1695303196305 0.0 16000
1695303230370 0.0 20000
1695303262698 0.0 24000
1695303295843 0.0 28000
1695303328676 0.0 32000
1695303360566 0.0 36000
1695303392696 0.0 40000
1695303425062 0.0 44000
1695303456249 0.0 48000
1695303487973 0.0 52000
1695303518717 0.0 56000
1695303550428 0.0 60000
1695303581619 0.0 64000
1695303615355 0.0 68000
1695303648091 0.0 72000
1695303680761 0.0 76000
1695303712511 0.0 80000
1695303753710 0.0 84000
1695303786222 0.0 88000
1695303816948 0.0 92000
1695303852647 0.0 96000
1695303897800 0.0 100000
1695303939911 0.0 104000
1695303972634 0.0 108000
1695304013166 0.0 112000
1695304058340 0.0 116000
1695304101547 0.0 120000
1695304142309 0.0 124000
1695304192038 0.0 128000
1695304235726 0.0 132000
1695304278838 0.0 136000
1695304323094 0.0 140000
1695304364701 0.0 144000
1695304406574 0.0 148000
1695304450446 0.0 152000
1695304491916 0.0 156000
1695304533274 0.0 160000
1695304577716 0.0 164000
1695304622867 0.0 168000
1695304666350 0.0 172000
1695304711463 0.0 176000
1695304751038 0.0 180000
1695304788743 0.0 184000
1695304832552 0.0 188000
1695304872663 0.0 192000
1695304909388 0.0 196000
1695304945244 0.0 200000
1695304982330 0.0 204000
1695305025007 0.0 208000
1695305061238 0.0 212000
1695305097697 0.0 216000
1695305135868 0.0 220000
1695305173086 0.0 224000
1695305208298 0.0 228000
1695305242143 0.0 232000
1695305272991 0.0 236000
1695305303672 0.0 240000
1695305335024 0.0 244000
1695305365431 0.0 248000
1695305395867 0.0 252000
1695305426376 0.0 256000
1695305457115 0.0 260000
1695305487727 0.0 264000
1695305518391 0.0 268000
1695305548792 0.0 272000
1695305579496 0.0 276000
1695305610955 0.0 280000
1695305641282 0.0 284000
1695305672114 0.0 288000
1695305702355 0.0 292000
1695305733770 0.0 296000
1695305763939 0.0 300000
1695305794954 0.0 304000
1695305825359 0.0 308000
1695305856215 0.0 312000
1695305886477 0.0 316000
1695305917103 0.0 320000
1695305947588 0.0 324000
1695305978513 0.0 328000
1695306008670 0.0 332000
1695306039532 0.0 336000
1695306070899 0.0 340000
1695306101804 0.0 344000
1695306132267 0.0 348000
1695306162893 0.0 352000
1695306193384 0.0 356000
1695306224305 0.0 360000
1695306254721 0.0 364000
1695306287141 0.0 368000
1695306318507 0.0 372000
1695306351077 0.0 376000
1695306382533 0.0 380000
1695306417663 0.0 384000
1695306452214 0.0 388000
1695306486470 0.0 392000
1695306519919 0.0 396000
1695306554092 0.0 400000
1695306586097 0.0 404000
1695306620800 0.0 408000
1695306653695 0.0 412000
1695306687389 0.0 416000
1695306720475 0.0 420000
1695306752948 0.0 424000
1695306786100 0.0 428000
1695306823398 0.0 432000
1695306860222 0.0 436000
1695306893568 0.0 440000
1695306927043 0.0 444000
1695306961119 0.0 448000
1695306995337 0.0 452000
1695307028939 0.0 456000
1695307061178 0.0 460000
1695307093392 0.0 464000
1695307128206 0.0 468000
1695307160924 0.0 472000
1695307193756 0.0 476000
1695307226911 0.0 480000
1695307261322 0.0 484000
1695307295791 0.0 488000
1695307328585 0.0 492000
1695307362214 0.0 496000
1695307398551 0.0 500000
1695307433802 0.0 504000
1695307466835 0.0 508000
1695307502330 0.0 512000
1695307540896 0.0 516000
1695307575787 0.0 520000
1695307615210 0.0 524000
1695307652935 0.0 528000
1695307688998 0.0 532000
1695307724773 0.0 536000
1695307759402 0.0 540000
1695307803643 0.0 544000
1695307846230 0.0 548000
1695307880709 0.0 552000
1695307919638 0.0 556000
1695307956807 0.0 560000
1695307994882 0.0 564000
1695308028036 0.0 568000
1695308062909 0.0 572000
1695308098112 0.0 576000
1695308132126 0.0 580000
1695308167237 0.0 584000
1695308204622 0.0 588000
1695308240240 0.0 592000
1695308275284 0.0 596000
1695308317647 0.0 600000
1695308353419 0.0 604000
1695308394767 0.0 608000
1695308433143 0.0 612000
1695308469767 0.0 616000
1695308516200 0.0 620000
1695308552778 0.0 624000
1695308589959 0.0 628000
1695308629742 0.0 632000
1695308665796 0.0 636000
1695308703980 0.0 640000
1695308741049 0.0 644000
1695308776454 0.0 648000
1695308813133 0.0 652000
1695308854526 0.0 656000
1695308889180 0.0 660000
1695308922275 0.0 664000
1695308955649 0.0 668000
1695308990664 0.0 672000
1695309025598 0.0 676000
1695309064297 0.0 680000
1695309102460 0.0 684000
1695309138074 0.0 688000
1695309173189 0.0 692000
1695309207200 0.0 696000
1695309241621 0.0 700000
1695309278129 0.0 704000
1695309314274 0.0 708000
1695309350740 0.0 712000
1695309387590 0.0 716000
1695309422302 0.0 720000
1695309457147 0.0 724000
1695309489537 0.0 728000
1695309522307 0.0 732000
1695309555482 0.0 736000
1695309590341 0.0 740000
1695309624601 0.0 744000
1695309658573 0.0 748000
1695309692363 0.0 752000
1695309730456 0.0 756000
1695309765013 0.0 760000
1695309797502 0.0 764000
1695309829858 0.0 768000
1695309863426 0.0 772000
1695309897333 0.0 776000
1695309932697 0.0 780000
1695309969961 0.0 784000
1695310015850 0.0 788000
1695310052588 0.0 792000
1695310087761 0.0 796000
1695310125663 0.0 800000
1695310160771 0.0 804000
1695310197763 0.0 808000
1695310240354 0.0 812000
1695310277579 0.0 816000
1695310312688 0.0 820000
1695310348328 0.0 824000
1695310386654 0.0 828000
1695310421517 0.0 832000
1695310455182 0.0 836000
1695310494017 0.0 840000
1695310538720 0.0 844000
1695310575950 0.0 848000
1695310616876 0.0 852000
1695310655470 0.0 856000
1695310690334 0.0 860000
1695310724050 0.0 864000
1695310758937 0.0 868000
