1695303109698 0.0 4000
1695303138385 0.0 8000
1695303167521 0.0 12000
1695303196291 0.0 16000
1695303230354 0.0 20000
1695303262684 0.0 24000
1695303295830 0.0 28000
1695303328663 0.0 32000
1695303360551 0.0 36000
1695303392681 0.0 40000
1695303425048 0.0 44000
1695303456236 0.0 48000
1695303487960 0.0 52000
1695303518704 0.0 56000
1695303550415 0.0 60000
1695303581606 0.0 64000
1695303615341 0.0 68000
1695303648078 0.0 72000
1695303680748 0.0 76000
1695303712498 0.0 80000
1695303753696 0.0 84000
1695303786209 0.0 88000
1695303816934 0.0 92000
1695303852628 0.0 96000
1695303897776 0.0 100000
1695303939898 0.0 104000
1695303972620 0.0 108000
1695304013150 0.0 112000
1695304058323 0.0 116000
1695304101532 0.0 120000
1695304142293 0.0 124000
1695304192015 0.0 128000
1695304235710 0.0 132000
1695304278821 0.0 136000
1695304323077 0.0 140000
1695304364682 0.0 144000
1695304406554 0.0 148000
1695304450429 0.0 152000
1695304491901 0.0 156000
1695304533257 0.0 160000
1695304577700 0.0 164000
1695304622850 0.0 168000
1695304666335 0.0 172000
1695304711451 0.0 176000
1695304751023 0.0 180000
1695304788728 0.0 184000
1695304832535 0.0 188000
1695304872648 0.0 192000
1695304909370 0.0 196000
1695304945229 0.0 200000
1695304982315 0.0 204000
1695305024991 0.0 208000
1695305061223 0.0 212000
1695305097682 0.0 216000
1695305135853 0.0 220000
1695305173071 0.0 224000
1695305208283 0.0 228000
1695305242131 0.0 232000
1695305272979 0.0 236000
1695305303658 0.0 240000
1695305335012 0.0 244000
1695305365418 0.0 248000
1695305395855 0.0 252000
1695305426362 0.0 256000
1695305457103 0.0 260000
1695305487713 0.0 264000
1695305518378 0.0 268000
1695305548779 0.0 272000
1695305579485 0.0 276000
1695305610943 0.0 280000
1695305641269 0.0 284000
1695305672103 0.0 288000
1695305702343 0.0 292000
1695305733758 0.0 296000
1695305763922 0.0 300000
1695305794942 0.0 304000
1695305825347 0.0 308000
1695305856202 0.0 312000
1695305886465 0.0 316000
1695305917090 0.0 320000
1695305947575 0.0 324000
1695305978501 0.0 328000
1695306008657 0.0 332000
1695306039519 0.0 336000
1695306070887 0.0 340000
1695306101792 0.0 344000
1695306132255 0.0 348000
1695306162881 0.0 352000
1695306193370 0.0 356000
1695306224293 0.0 360000
1695306254708 0.0 364000
1695306287129 0.0 368000
1695306318494 0.0 372000
1695306351064 0.0 376000
1695306382521 0.0 380000
1695306417650 0.0 384000
1695306452201 0.0 388000
1695306486456 0.0 392000
1695306519907 0.0 396000
1695306554079 0.0 400000
1695306586084 0.0 404000
1695306620786 0.0 408000
1695306653682 0.0 412000
1695306687374 0.0 416000
1695306720462 0.0 420000
1695306752935 0.0 424000
1695306786087 0.0 428000
1695306823381 0.0 432000
1695306860209 0.0 436000
1695306893555 0.0 440000
1695306927029 0.0 444000
1695306961106 0.0 448000
1695306995324 0.0 452000
1695307028926 0.0 456000
1695307061164 0.0 460000
1695307093378 0.0 464000
1695307128193 0.0 468000
1695307160910 0.0 472000
1695307193743 0.0 476000
1695307226897 0.0 480000
1695307261309 0.0 484000
1695307295779 0.0 488000
1695307328571 0.0 492000
1695307362200 0.0 496000
1695307398536 0.0 500000
1695307433786 0.0 504000
1695307466820 0.0 508000
1695307502316 0.0 512000
1695307540882 0.0 516000
1695307575773 0.0 520000
1695307615195 0.0 524000
1695307652921 0.0 528000
1695307688984 0.0 532000
1695307724759 0.0 536000
1695307759389 0.0 540000
1695307803619 0.0 544000
1695307846217 0.0 548000
1695307880694 0.0 552000
1695307919624 0.0 556000
1695307956791 0.0 560000
1695307994869 0.0 564000
1695308028023 0.0 568000
1695308062895 0.0 572000
1695308098099 0.0 576000
1695308132112 0.0 580000
1695308167223 0.0 584000
1695308204606 0.0 588000
1695308240227 0.0 592000
1695308275269 0.0 596000
1695308317632 0.0 600000
1695308353406 0.0 604000
1695308394750 0.0 608000
1695308433129 0.0 612000
1695308469751 0.0 616000
1695308516185 0.0 620000
1695308552763 0.0 624000
1695308589943 0.0 628000
1695308629727 0.0 632000
1695308665780 0.0 636000
1695308703964 0.0 640000
1695308741036 0.0 644000
1695308776441 0.0 648000
1695308813118 0.0 652000
1695308854513 0.0 656000
1695308889167 0.0 660000
1695308922262 0.0 664000
1695308955635 0.0 668000
1695308990649 0.0 672000
1695309025582 0.0 676000
1695309064276 0.0 680000
1695309102446 0.0 684000
1695309138059 0.0 688000
1695309173175 0.0 692000
1695309207186 0.0 696000
1695309241608 0.0 700000
1695309278115 0.0 704000
1695309314259 0.0 708000
1695309350727 0.0 712000
1695309387576 0.0 716000
1695309422289 0.0 720000
1695309457134 0.0 724000
1695309489525 0.0 728000
1695309522294 0.0 732000
1695309555469 0.0 736000
1695309590328 0.0 740000
1695309624588 0.0 744000
1695309658560 0.0 748000
1695309692350 0.0 752000
1695309730439 0.0 756000
1695309764999 0.0 760000
1695309797489 0.0 764000
1695309829845 0.0 768000
1695309863413 0.0 772000
1695309897319 0.0 776000
1695309932683 0.0 780000
1695309969947 0.0 784000
1695310015836 0.0 788000
1695310052574 0.0 792000
1695310087746 0.0 796000
1695310125649 0.0 800000
1695310160758 0.0 804000
1695310197748 0.0 808000
1695310240339 0.0 812000
1695310277566 0.0 816000
1695310312673 0.0 820000
1695310348313 0.0 824000
1695310386639 0.0 828000
1695310421504 0.0 832000
1695310455168 0.0 836000
1695310494002 0.0 840000
1695310538707 0.0 844000
1695310575936 0.0 848000
1695310616857 0.0 852000
1695310655457 0.0 856000
1695310690321 0.0 860000
1695310724037 0.0 864000
1695310758924 0.0 868000
