1695303109687 0.0 4000
1695303138375 0.0 8000
1695303167510 0.0 12000
1695303196280 0.0 16000
1695303230342 0.0 20000
1695303262674 0.0 24000
1695303295820 0.0 28000
1695303328653 0.0 32000
1695303360541 0.0 36000
1695303392672 0.0 40000
1695303425038 0.0 44000
1695303456224 0.0 48000
1695303487950 0.0 52000
1695303518693 0.0 56000
1695303550405 0.0 60000
1695303581596 0.0 64000
1695303615330 0.0 68000
1695303648069 0.0 72000
1695303680738 0.0 76000
1695303712488 0.0 80000
1695303753686 0.0 84000
1695303786199 0.0 88000
1695303816924 0.0 92000
1695303852615 0.0 96000
1695303897744 0.0 100000
1695303939889 0.0 104000
1695303972610 0.0 108000
1695304013138 0.0 112000
1695304058310 0.0 116000
1695304101520 0.0 120000
1695304142281 0.0 124000
1695304192000 0.0 128000
1695304235698 0.0 132000
1695304278809 0.0 136000
1695304323064 0.0 140000
1695304364667 0.0 144000
1695304406538 0.0 148000
1695304450416 0.0 152000
1695304491890 0.0 156000
1695304533244 0.0 160000
1695304577688 0.0 164000
1695304622837 0.0 168000
1695304666324 0.0 172000
1695304711441 0.0 176000
1695304751011 0.0 180000
1695304788718 0.0 184000
1695304832520 0.0 188000
1695304872637 0.0 192000
1695304909354 0.0 196000
1695304945219 0.0 200000
1695304982304 0.0 204000
1695305024979 0.0 208000
1695305061212 0.0 212000
1695305097671 0.0 216000
1695305135842 0.0 220000
1695305173060 0.0 224000
1695305208273 0.0 228000
1695305242122 0.0 232000
1695305272969 0.0 236000
1695305303646 0.0 240000
1695305335003 0.0 244000
1695305365408 0.0 248000
1695305395845 0.0 252000
1695305426352 0.0 256000
1695305457094 0.0 260000
1695305487703 0.0 264000
1695305518369 0.0 268000
1695305548769 0.0 272000
1695305579475 0.0 276000
1695305610933 0.0 280000
1695305641260 0.0 284000
1695305672094 0.0 288000
1695305702334 0.0 292000
1695305733748 0.0 296000
1695305763911 0.0 300000
1695305794933 0.0 304000
1695305825338 0.0 308000
1695305856193 0.0 312000
1695305886456 0.0 316000
1695305917081 0.0 320000
1695305947566 0.0 324000
1695305978492 0.0 328000
1695306008648 0.0 332000
1695306039509 0.0 336000
1695306070878 0.0 340000
1695306101782 0.0 344000
1695306132246 0.0 348000
1695306162872 0.0 352000
1695306193361 0.0 356000
1695306224284 0.0 360000
1695306254699 0.0 364000
1695306287119 0.0 368000
1695306318485 0.0 372000
1695306351054 0.0 376000
1695306382512 0.0 380000
1695306417640 0.0 384000
1695306452191 0.0 388000
1695306486446 0.0 392000
1695306519897 0.0 396000
1695306554069 0.0 400000
1695306586074 0.0 404000
1695306620775 0.0 408000
1695306653673 0.0 412000
1695306687363 0.0 416000
1695306720452 0.0 420000
1695306752925 0.0 424000
1695306786078 0.0 428000
1695306823370 0.0 432000
1695306860199 0.0 436000
1695306893545 0.0 440000
1695306927018 0.0 444000
1695306961096 0.0 448000
1695306995314 0.0 452000
1695307028916 0.0 456000
1695307061154 0.0 460000
1695307093369 0.0 464000
1695307128183 0.0 468000
1695307160899 0.0 472000
1695307193733 0.0 476000
1695307226887 0.0 480000
1695307261299 0.0 484000
1695307295769 0.0 488000
1695307328561 0.0 492000
1695307362190 0.0 496000
1695307398525 0.0 500000
1695307433776 0.0 504000
1695307466809 0.0 508000
1695307502305 0.0 512000
1695307540871 0.0 516000
1695307575764 0.0 520000
1695307615184 0.0 524000
1695307652912 0.0 528000
1695307688974 0.0 532000
1695307724748 0.0 536000
1695307759380 0.0 540000
1695307803600 0.0 544000
1695307846207 0.0 548000
1695307880683 0.0 552000
1695307919613 0.0 556000
1695307956780 0.0 560000
1695307994859 0.0 564000
1695308028013 0.0 568000
1695308062884 0.0 572000
1695308098089 0.0 576000
1695308132102 0.0 580000
1695308167213 0.0 584000
1695308204594 0.0 588000
1695308240217 0.0 592000
1695308275257 0.0 596000
1695308317621 0.0 600000
1695308353396 0.0 604000
1695308394735 0.0 608000
1695308433120 0.0 612000
1695308469739 0.0 616000
1695308516174 0.0 620000
1695308552752 0.0 624000
1695308589932 0.0 628000
1695308629716 0.0 632000
1695308665768 0.0 636000
1695308703953 0.0 640000
1695308741026 0.0 644000
1695308776431 0.0 648000
1695308813106 0.0 652000
1695308854503 0.0 656000
1695308889157 0.0 660000
1695308922252 0.0 664000
1695308955625 0.0 668000
1695308990638 0.0 672000
1695309025570 0.0 676000
1695309064265 0.0 680000
1695309102435 0.0 684000
1695309138049 0.0 688000
1695309173165 0.0 692000
1695309207175 0.0 696000
1695309241598 0.0 700000
1695309278104 0.0 704000
1695309314247 0.0 708000
1695309350718 0.0 712000
1695309387565 0.0 716000
1695309422279 0.0 720000
1695309457124 0.0 724000
1695309489515 0.0 728000
1695309522284 0.0 732000
1695309555459 0.0 736000
1695309590318 0.0 740000
1695309624578 0.0 744000
1695309658550 0.0 748000
1695309692341 0.0 752000
1695309730423 0.0 756000
1695309764990 0.0 760000
1695309797480 0.0 764000
1695309829835 0.0 768000
1695309863403 0.0 772000
1695309897309 0.0 776000
1695309932673 0.0 780000
1695309969936 0.0 784000
1695310015826 0.0 788000
1695310052563 0.0 792000
1695310087736 0.0 796000
1695310125639 0.0 800000
1695310160749 0.0 804000
1695310197737 0.0 808000
1695310240328 0.0 812000
1695310277556 0.0 816000
1695310312662 0.0 820000
1695310348302 0.0 824000
1695310386627 0.0 828000
1695310421495 0.0 832000
1695310455157 0.0 836000
1695310493992 0.0 840000
1695310538697 0.0 844000
1695310575925 0.0 848000
1695310616842 0.0 852000
1695310655447 0.0 856000
1695310690311 0.0 860000
1695310724027 0.0 864000
1695310758914 0.0 868000
