1695303109693 1.0 4000
1695303138379 1.0 8000
1695303167515 1.0 12000
1695303196285 1.0 16000
1695303230348 1.0 20000
1695303262678 1.0 24000
1695303295825 1.0 28000
1695303328657 1.0 32000
1695303360546 1.0 36000
1695303392676 1.0 40000
1695303425043 1.0 44000
1695303456230 1.0 48000
1695303487954 1.0 52000
1695303518697 1.0 56000
1695303550410 1.0 60000
1695303581600 1.0 64000
1695303615335 1.0 68000
1695303648073 1.0 72000
1695303680743 1.0 76000
1695303712493 1.0 80000
1695303753691 1.0 84000
1695303786203 1.0 88000
1695303816929 1.0 92000
1695303852621 1.0 96000
1695303897757 1.0 100000
1695303939893 1.0 104000
1695303972614 1.0 108000
1695304013144 1.0 112000
1695304058316 1.0 116000
1695304101525 1.0 120000
1695304142287 1.0 124000
1695304192007 1.0 128000
1695304235703 1.0 132000
1695304278815 1.0 136000
1695304323070 1.0 140000
1695304364673 1.0 144000
1695304406545 1.0 148000
1695304450422 1.0 152000
1695304491895 1.0 156000
1695304533250 1.0 160000
1695304577694 1.0 164000
1695304622843 1.0 168000
1695304666329 1.0 172000
1695304711446 1.0 176000
1695304751017 1.0 180000
1695304788723 1.0 184000
1695304832527 1.0 188000
1695304872642 1.0 192000
1695304909361 1.0 196000
1695304945224 1.0 200000
1695304982309 1.0 204000
1695305024985 1.0 208000
1695305061217 1.0 212000
1695305097676 1.0 216000
1695305135847 1.0 220000
1695305173065 1.0 224000
1695305208278 1.0 228000
1695305242126 1.0 232000
1695305272973 1.0 236000
1695305303652 1.0 240000
1695305335007 1.0 244000
1695305365413 1.0 248000
1695305395849 1.0 252000
1695305426356 1.0 256000
1695305457099 1.0 260000
1695305487708 1.0 264000
1695305518373 1.0 268000
1695305548774 1.0 272000
1695305579480 1.0 276000
1695305610938 1.0 280000
1695305641264 1.0 284000
1695305672098 1.0 288000
1695305702338 1.0 292000
1695305733753 1.0 296000
1695305763916 1.0 300000
1695305794937 1.0 304000
1695305825342 1.0 308000
1695305856197 1.0 312000
1695305886460 1.0 316000
1695305917086 1.0 320000
1695305947570 1.0 324000
1695305978496 1.0 328000
1695306008652 1.0 332000
1695306039514 1.0 336000
1695306070882 1.0 340000
1695306101786 1.0 344000
1695306132250 1.0 348000
1695306162876 1.0 352000
1695306193365 1.0 356000
1695306224288 1.0 360000
1695306254704 1.0 364000
1695306287124 1.0 368000
1695306318489 1.0 372000
1695306351059 1.0 376000
1695306382517 1.0 380000
1695306417645 1.0 384000
1695306452196 1.0 388000
1695306486451 1.0 392000
1695306519902 1.0 396000
1695306554073 1.0 400000
1695306586079 1.0 404000
1695306620780 1.0 408000
1695306653677 1.0 412000
1695306687368 1.0 416000
1695306720456 1.0 420000
1695306752930 1.0 424000
1695306786082 1.0 428000
1695306823375 1.0 432000
1695306860203 1.0 436000
1695306893550 1.0 440000
1695306927023 1.0 444000
1695306961101 1.0 448000
1695306995319 1.0 452000
1695307028921 1.0 456000
1695307061159 1.0 460000
1695307093373 1.0 464000
1695307128188 1.0 468000
1695307160904 1.0 472000
1695307193737 1.0 476000
1695307226892 1.0 480000
1695307261303 1.0 484000
1695307295773 1.0 488000
1695307328566 1.0 492000
1695307362195 1.0 496000
1695307398530 1.0 500000
1695307433781 1.0 504000
1695307466814 1.0 508000
1695307502310 1.0 512000
1695307540876 1.0 516000
1695307575768 1.0 520000
1695307615189 1.0 524000
1695307652916 1.0 528000
1695307688979 1.0 532000
1695307724753 1.0 536000
1695307759384 1.0 540000
1695307803609 1.0 544000
1695307846212 1.0 548000
1695307880688 1.0 552000
1695307919618 1.0 556000
1695307956785 1.0 560000
1695307994863 1.0 564000
1695308028018 1.0 568000
1695308062889 1.0 572000
1695308098093 1.0 576000
1695308132106 1.0 580000
1695308167218 1.0 584000
1695308204600 1.0 588000
1695308240222 1.0 592000
1695308275262 1.0 596000
1695308317626 1.0 600000
1695308353400 1.0 604000
1695308394742 1.0 608000
1695308433124 1.0 612000
1695308469745 1.0 616000
1695308516179 1.0 620000
1695308552756 1.0 624000
1695308589937 1.0 628000
1695308629721 1.0 632000
1695308665773 1.0 636000
1695308703958 1.0 640000
1695308741031 1.0 644000
1695308776435 1.0 648000
1695308813111 1.0 652000
1695308854508 1.0 656000
1695308889161 1.0 660000
1695308922257 1.0 664000
1695308955630 1.0 668000
1695308990643 1.0 672000
1695309025575 1.0 676000
1695309064270 1.0 680000
1695309102440 1.0 684000
1695309138054 1.0 688000
1695309173170 1.0 692000
1695309207180 1.0 696000
1695309241602 1.0 700000
1695309278109 1.0 704000
1695309314252 1.0 708000
1695309350722 1.0 712000
1695309387570 1.0 716000
1695309422284 1.0 720000
1695309457128 1.0 724000
1695309489520 1.0 728000
1695309522288 1.0 732000
1695309555463 1.0 736000
1695309590323 1.0 740000
1695309624583 1.0 744000
1695309658555 1.0 748000
1695309692345 1.0 752000
1695309730432 1.0 756000
1695309764994 1.0 760000
1695309797484 1.0 764000
1695309829839 1.0 768000
1695309863407 1.0 772000
1695309897314 1.0 776000
1695309932678 1.0 780000
1695309969941 1.0 784000
1695310015830 1.0 788000
1695310052568 1.0 792000
1695310087740 1.0 796000
1695310125643 1.0 800000
1695310160753 1.0 804000
1695310197742 1.0 808000
1695310240333 1.0 812000
1695310277560 1.0 816000
1695310312667 1.0 820000
1695310348307 1.0 824000
1695310386633 1.0 828000
1695310421499 1.0 832000
1695310455162 1.0 836000
1695310493996 1.0 840000
1695310538702 1.0 844000
1695310575930 1.0 848000
1695310616849 1.0 852000
1695310655452 1.0 856000
1695310690315 1.0 860000
1695310724032 1.0 864000
1695310758919 1.0 868000
