1695303109691 0.0 4000
1695303138378 0.0 8000
1695303167514 0.0 12000
1695303196284 0.0 16000
1695303230346 0.0 20000
1695303262677 0.0 24000
1695303295824 0.0 28000
1695303328656 0.0 32000
1695303360545 0.0 36000
1695303392675 0.0 40000
1695303425042 0.0 44000
1695303456229 0.0 48000
1695303487953 0.0 52000
1695303518696 0.0 56000
1695303550409 0.0 60000
1695303581599 0.0 64000
1695303615334 0.0 68000
1695303648072 0.0 72000
1695303680742 0.0 76000
1695303712491 0.0 80000
1695303753689 0.0 84000
1695303786202 0.0 88000
1695303816927 0.0 92000
1695303852619 0.0 96000
1695303897754 0.0 100000
1695303939892 0.0 104000
1695303972613 0.0 108000
1695304013142 0.0 112000
1695304058315 0.0 116000
1695304101524 0.0 120000
1695304142285 0.0 124000
1695304192005 0.0 128000
1695304235702 0.0 132000
1695304278813 0.0 136000
1695304323069 0.0 140000
1695304364672 0.0 144000
1695304406543 0.0 148000
1695304450421 0.0 152000
1695304491894 0.0 156000
1695304533249 0.0 160000
1695304577692 0.0 164000
1695304622841 0.0 168000
1695304666327 0.0 172000
1695304711445 0.0 176000
1695304751015 0.0 180000
1695304788721 0.0 184000
1695304832525 0.0 188000
1695304872641 0.0 192000
1695304909359 0.0 196000
1695304945222 0.0 200000
1695304982308 0.0 204000
1695305024983 0.0 208000
1695305061216 0.0 212000
1695305097675 0.0 216000
1695305135846 0.0 220000
1695305173064 0.0 224000
1695305208277 0.0 228000
1695305242125 0.0 232000
1695305272972 0.0 236000
1695305303650 0.0 240000
1695305335006 0.0 244000
1695305365411 0.0 248000
1695305395848 0.0 252000
1695305426355 0.0 256000
1695305457097 0.0 260000
1695305487707 0.0 264000
1695305518372 0.0 268000
1695305548773 0.0 272000
1695305579478 0.0 276000
1695305610937 0.0 280000
1695305641263 0.0 284000
1695305672097 0.0 288000
1695305702337 0.0 292000
1695305733752 0.0 296000
1695305763915 0.0 300000
1695305794936 0.0 304000
1695305825341 0.0 308000
1695305856196 0.0 312000
1695305886459 0.0 316000
1695305917084 0.0 320000
1695305947569 0.0 324000
1695305978495 0.0 328000
1695306008651 0.0 332000
1695306039513 0.0 336000
1695306070881 0.0 340000
1695306101785 0.0 344000
1695306132249 0.0 348000
1695306162875 0.0 352000
1695306193364 0.0 356000
1695306224287 0.0 360000
1695306254702 0.0 364000
1695306287122 0.0 368000
1695306318488 0.0 372000
1695306351058 0.0 376000
1695306382516 0.0 380000
1695306417644 0.0 384000
1695306452195 0.0 388000
1695306486449 0.0 392000
1695306519900 0.0 396000
1695306554072 0.0 400000
1695306586078 0.0 404000
1695306620779 0.0 408000
1695306653676 0.0 412000
1695306687367 0.0 416000
1695306720455 0.0 420000
1695306752929 0.0 424000
1695306786081 0.0 428000
1695306823374 0.0 432000
1695306860202 0.0 436000
1695306893549 0.0 440000
1695306927022 0.0 444000
1695306961099 0.0 448000
1695306995317 0.0 452000
1695307028920 0.0 456000
1695307061158 0.0 460000
1695307093372 0.0 464000
1695307128187 0.0 468000
1695307160903 0.0 472000
1695307193736 0.0 476000
1695307226891 0.0 480000
1695307261302 0.0 484000
1695307295772 0.0 488000
1695307328564 0.0 492000
1695307362193 0.0 496000
1695307398529 0.0 500000
1695307433780 0.0 504000
1695307466813 0.0 508000
1695307502309 0.0 512000
1695307540875 0.0 516000
1695307575767 0.0 520000
1695307615188 0.0 524000
1695307652915 0.0 528000
1695307688977 0.0 532000
1695307724752 0.0 536000
1695307759383 0.0 540000
1695307803607 0.0 544000
1695307846211 0.0 548000
1695307880687 0.0 552000
1695307919616 0.0 556000
1695307956784 0.0 560000
1695307994862 0.0 564000
1695308028017 0.0 568000
1695308062888 0.0 572000
1695308098092 0.0 576000
1695308132105 0.0 580000
1695308167217 0.0 584000
1695308204598 0.0 588000
1695308240221 0.0 592000
1695308275261 0.0 596000
1695308317625 0.0 600000
1695308353399 0.0 604000
1695308394739 0.0 608000
1695308433123 0.0 612000
1695308469743 0.0 616000
1695308516178 0.0 620000
1695308552755 0.0 624000
1695308589936 0.0 628000
1695308629720 0.0 632000
1695308665772 0.0 636000
1695308703957 0.0 640000
1695308741029 0.0 644000
1695308776434 0.0 648000
1695308813110 0.0 652000
1695308854507 0.0 656000
1695308889160 0.0 660000
1695308922256 0.0 664000
1695308955628 0.0 668000
1695308990642 0.0 672000
1695309025574 0.0 676000
1695309064269 0.0 680000
1695309102439 0.0 684000
1695309138053 0.0 688000
1695309173169 0.0 692000
1695309207179 0.0 696000
1695309241601 0.0 700000
1695309278108 0.0 704000
1695309314251 0.0 708000
1695309350721 0.0 712000
1695309387569 0.0 716000
1695309422283 0.0 720000
1695309457127 0.0 724000
1695309489519 0.0 728000
1695309522287 0.0 732000
1695309555462 0.0 736000
1695309590322 0.0 740000
1695309624581 0.0 744000
1695309658553 0.0 748000
1695309692344 0.0 752000
1695309730430 0.0 756000
1695309764993 0.0 760000
1695309797483 0.0 764000
1695309829838 0.0 768000
1695309863406 0.0 772000
1695309897312 0.0 776000
1695309932676 0.0 780000
1695309969940 0.0 784000
1695310015829 0.0 788000
1695310052567 0.0 792000
1695310087739 0.0 796000
1695310125642 0.0 800000
1695310160752 0.0 804000
1695310197740 0.0 808000
1695310240332 0.0 812000
1695310277559 0.0 816000
1695310312666 0.0 820000
1695310348306 0.0 824000
1695310386632 0.0 828000
1695310421498 0.0 832000
1695310455161 0.0 836000
1695310493995 0.0 840000
1695310538701 0.0 844000
1695310575928 0.0 848000
1695310616847 0.0 852000
1695310655450 0.0 856000
1695310690314 0.0 860000
1695310724030 0.0 864000
1695310758918 0.0 868000
