1695303109719 0.3 4000
1695303138407 0.3 8000
1695303167541 0.3 12000
1695303196312 0.3 16000
1695303230378 0.3 20000
1695303262705 0.3 24000
1695303295850 0.3 28000
1695303328683 0.3 32000
1695303360573 0.3 36000
1695303392702 0.3 40000
1695303425068 0.3 44000
1695303456256 0.3 48000
1695303487980 0.3 52000
1695303518724 0.3 56000
1695303550435 0.3 60000
1695303581625 0.3 64000
1695303615362 0.3 68000
1695303648098 0.3 72000
1695303680768 0.3 76000
1695303712517 0.3 80000
1695303753717 0.3 84000
1695303786228 0.3 88000
1695303816955 0.3 92000
1695303852655 0.3 96000
1695303897814 0.3 100000
1695303939918 0.3 104000
1695303972642 0.3 108000
1695304013175 0.3 112000
1695304058349 0.3 116000
1695304101554 0.3 120000
1695304142317 0.3 124000
1695304192048 0.3 128000
1695304235735 0.3 132000
1695304278847 0.3 136000
1695304323103 0.3 140000
1695304364709 0.3 144000
1695304406584 0.3 148000
1695304450456 0.3 152000
1695304491924 0.3 156000
1695304533282 0.3 160000
1695304577724 0.3 164000
1695304622876 0.3 168000
1695304666358 0.3 172000
1695304711470 0.3 176000
1695304751045 0.3 180000
1695304788751 0.3 184000
1695304832558 0.3 188000
1695304872671 0.3 192000
1695304909395 0.3 196000
1695304945251 0.3 200000
1695304982337 0.3 204000
1695305025015 0.3 208000
1695305061245 0.3 212000
1695305097705 0.3 216000
1695305135875 0.3 220000
1695305173093 0.3 224000
1695305208305 0.3 228000
1695305242150 0.3 232000
1695305272998 0.3 236000
1695305303680 0.3 240000
1695305335031 0.3 244000
1695305365438 0.3 248000
1695305395873 0.3 252000
1695305426382 0.3 256000
1695305457122 0.3 260000
1695305487734 0.3 264000
1695305518397 0.3 268000
1695305548799 0.3 272000
1695305579502 0.3 276000
1695305610962 0.3 280000
1695305641288 0.3 284000
1695305672120 0.3 288000
1695305702362 0.3 292000
1695305733776 0.3 296000
1695305763949 0.3 300000
1695305794960 0.3 304000
1695305825366 0.3 308000
1695305856221 0.3 312000
1695305886483 0.3 316000
1695305917109 0.3 320000
1695305947595 0.3 324000
1695305978519 0.3 328000
1695306008676 0.3 332000
1695306039539 0.3 336000
1695306070906 0.3 340000
1695306101811 0.3 344000
1695306132274 0.3 348000
1695306162900 0.3 352000
1695306193390 0.3 356000
1695306224312 0.3 360000
1695306254727 0.3 364000
1695306287147 0.3 368000
1695306318514 0.3 372000
1695306351083 0.3 376000
1695306382539 0.3 380000
1695306417670 0.3 384000
1695306452222 0.3 388000
1695306486477 0.3 392000
1695306519926 0.3 396000
1695306554099 0.3 400000
1695306586104 0.3 404000
1695306620807 0.3 408000
1695306653701 0.3 412000
1695306687396 0.3 416000
1695306720482 0.3 420000
1695306752954 0.3 424000
1695306786106 0.3 428000
1695306823412 0.3 432000
1695306860229 0.3 436000
1695306893575 0.3 440000
1695306927051 0.3 444000
1695306961125 0.3 448000
1695306995343 0.3 452000
1695307028946 0.3 456000
1695307061185 0.3 460000
1695307093399 0.3 464000
1695307128213 0.3 468000
1695307160932 0.3 472000
1695307193763 0.3 476000
1695307226918 0.3 480000
1695307261329 0.3 484000
1695307295798 0.3 488000
1695307328592 0.3 492000
1695307362221 0.3 496000
1695307398558 0.3 500000
1695307433809 0.3 504000
1695307466842 0.3 508000
1695307502338 0.3 512000
1695307540904 0.3 516000
1695307575794 0.3 520000
1695307615218 0.3 524000
1695307652941 0.3 528000
1695307689006 0.3 532000
1695307724780 0.3 536000
1695307759409 0.3 540000
1695307803653 0.3 544000
1695307846237 0.3 548000
1695307880717 0.3 552000
1695307919645 0.3 556000
1695307956815 0.3 560000
1695307994889 0.3 564000
1695308028043 0.3 568000
1695308062916 0.3 572000
1695308098119 0.3 576000
1695308132134 0.3 580000
1695308167243 0.3 584000
1695308204630 0.3 588000
1695308240247 0.3 592000
1695308275292 0.3 596000
1695308317655 0.3 600000
1695308353427 0.3 604000
1695308394776 0.3 608000
1695308433149 0.3 612000
1695308469775 0.3 616000
1695308516208 0.3 620000
1695308552785 0.3 624000
1695308589967 0.3 628000
1695308629750 0.3 632000
1695308665807 0.3 636000
1695308703988 0.3 640000
1695308741056 0.3 644000
1695308776464 0.3 648000
1695308813142 0.3 652000
1695308854532 0.3 656000
1695308889187 0.3 660000
1695308922282 0.3 664000
1695308955656 0.3 668000
1695308990671 0.3 672000
1695309025606 0.3 676000
1695309064305 0.3 680000
1695309102468 0.3 684000
1695309138082 0.3 688000
1695309173196 0.3 692000
1695309207208 0.3 696000
1695309241628 0.3 700000
1695309278136 0.3 704000
1695309314282 0.3 708000
1695309350747 0.3 712000
1695309387597 0.3 716000
1695309422309 0.3 720000
1695309457153 0.3 724000
1695309489543 0.3 728000
1695309522314 0.3 732000
1695309555489 0.3 736000
1695309590348 0.3 740000
1695309624608 0.3 744000
1695309658580 0.3 748000
1695309692370 0.3 752000
1695309730464 0.3 756000
1695309765020 0.3 760000
1695309797508 0.3 764000
1695309829865 0.3 768000
1695309863433 0.3 772000
1695309897339 0.3 776000
1695309932704 0.3 780000
1695309969968 0.3 784000
1695310015857 0.3 788000
1695310052595 0.3 792000
1695310087768 0.3 796000
1695310125671 0.3 800000
1695310160777 0.3 804000
1695310197770 0.3 808000
1695310240362 0.3 812000
1695310277586 0.3 816000
1695310312695 0.3 820000
1695310348335 0.3 824000
1695310386665 0.3 828000
1695310421523 0.3 832000
1695310455189 0.3 836000
1695310494024 0.3 840000
1695310538726 0.3 844000
1695310575958 0.3 848000
1695310616886 0.3 852000
1695310655477 0.3 856000
1695310690341 0.3 860000
1695310724057 0.3 864000
1695310758944 0.3 868000
