1695303109696 0.0 4000
1695303138383 0.0 8000
1695303167518 0.0 12000
1695303196288 0.0 16000
1695303230351 0.0 20000
1695303262682 0.0 24000
1695303295828 0.0 28000
1695303328660 0.0 32000
1695303360549 0.0 36000
1695303392679 0.0 40000
1695303425046 0.0 44000
1695303456233 0.0 48000
1695303487958 0.0 52000
1695303518702 0.0 56000
1695303550413 0.0 60000
1695303581603 0.0 64000
1695303615339 0.0 68000
1695303648076 0.0 72000
1695303680746 0.0 76000
1695303712495 0.0 80000
1695303753694 0.0 84000
1695303786206 0.0 88000
1695303816932 0.0 92000
1695303852625 0.0 96000
1695303897771 0.0 100000
1695303939896 0.0 104000
1695303972618 0.0 108000
1695304013147 0.0 112000
1695304058320 0.0 116000
1695304101529 0.0 120000
1695304142290 0.0 124000
1695304192011 0.0 128000
1695304235707 0.0 132000
1695304278818 0.0 136000
1695304323074 0.0 140000
1695304364678 0.0 144000
1695304406550 0.0 148000
1695304450426 0.0 152000
1695304491898 0.0 156000
1695304533254 0.0 160000
1695304577697 0.0 164000
1695304622847 0.0 168000
1695304666332 0.0 172000
1695304711449 0.0 176000
1695304751020 0.0 180000
1695304788726 0.0 184000
1695304832532 0.0 188000
1695304872646 0.0 192000
1695304909366 0.0 196000
1695304945227 0.0 200000
1695304982312 0.0 204000
1695305024988 0.0 208000
1695305061221 0.0 212000
1695305097680 0.0 216000
1695305135851 0.0 220000
1695305173068 0.0 224000
1695305208281 0.0 228000
1695305242129 0.0 232000
1695305272976 0.0 236000
1695305303655 0.0 240000
1695305335010 0.0 244000
1695305365416 0.0 248000
1695305395852 0.0 252000
1695305426359 0.0 256000
1695305457101 0.0 260000
1695305487711 0.0 264000
1695305518376 0.0 268000
1695305548777 0.0 272000
1695305579482 0.0 276000
1695305610941 0.0 280000
1695305641267 0.0 284000
1695305672101 0.0 288000
1695305702341 0.0 292000
1695305733755 0.0 296000
1695305763919 0.0 300000
1695305794940 0.0 304000
1695305825345 0.0 308000
1695305856200 0.0 312000
1695305886463 0.0 316000
1695305917088 0.0 320000
1695305947573 0.0 324000
1695305978499 0.0 328000
1695306008655 0.0 332000
1695306039517 0.0 336000
1695306070885 0.0 340000
1695306101789 0.0 344000
1695306132253 0.0 348000
1695306162879 0.0 352000
1695306193368 0.0 356000
1695306224291 0.0 360000
1695306254706 0.0 364000
1695306287127 0.0 368000
1695306318492 0.0 372000
1695306351062 0.0 376000
1695306382519 0.0 380000
1695306417648 0.0 384000
1695306452199 0.0 388000
1695306486454 0.0 392000
1695306519904 0.0 396000
1695306554076 0.0 400000
1695306586082 0.0 404000
1695306620783 0.0 408000
1695306653680 0.0 412000
1695306687371 0.0 416000
1695306720459 0.0 420000
1695306752933 0.0 424000
1695306786085 0.0 428000
1695306823378 0.0 432000
1695306860206 0.0 436000
1695306893553 0.0 440000
1695306927026 0.0 444000
1695306961104 0.0 448000
1695306995322 0.0 452000
1695307028924 0.0 456000
1695307061162 0.0 460000
1695307093376 0.0 464000
1695307128191 0.0 468000
1695307160908 0.0 472000
1695307193740 0.0 476000
1695307226895 0.0 480000
1695307261306 0.0 484000
1695307295777 0.0 488000
1695307328569 0.0 492000
1695307362198 0.0 496000
1695307398533 0.0 500000
1695307433783 0.0 504000
1695307466818 0.0 508000
1695307502313 0.0 512000
1695307540879 0.0 516000
1695307575771 0.0 520000
1695307615193 0.0 524000
1695307652919 0.0 528000
1695307688982 0.0 532000
1695307724756 0.0 536000
1695307759387 0.0 540000
1695307803614 0.0 544000
1695307846215 0.0 548000
1695307880692 0.0 552000
1695307919621 0.0 556000
1695307956788 0.0 560000
1695307994866 0.0 564000
1695308028021 0.0 568000
1695308062892 0.0 572000
1695308098097 0.0 576000
1695308132110 0.0 580000
1695308167221 0.0 584000
1695308204603 0.0 588000
1695308240225 0.0 592000
1695308275266 0.0 596000
1695308317630 0.0 600000
1695308353404 0.0 604000
1695308394747 0.0 608000
1695308433127 0.0 612000
1695308469748 0.0 616000
1695308516182 0.0 620000
1695308552760 0.0 624000
1695308589940 0.0 628000
1695308629725 0.0 632000
1695308665777 0.0 636000
1695308703962 0.0 640000
1695308741033 0.0 644000
1695308776439 0.0 648000
1695308813115 0.0 652000
1695308854511 0.0 656000
1695308889164 0.0 660000
1695308922260 0.0 664000
1695308955633 0.0 668000
1695308990646 0.0 672000
1695309025579 0.0 676000
1695309064274 0.0 680000
1695309102443 0.0 684000
1695309138057 0.0 688000
1695309173173 0.0 692000
1695309207184 0.0 696000
1695309241605 0.0 700000
1695309278112 0.0 704000
1695309314256 0.0 708000
1695309350725 0.0 712000
1695309387573 0.0 716000
1695309422287 0.0 720000
1695309457131 0.0 724000
1695309489522 0.0 728000
1695309522291 0.0 732000
1695309555466 0.0 736000
1695309590326 0.0 740000
1695309624586 0.0 744000
1695309658558 0.0 748000
1695309692348 0.0 752000
1695309730436 0.0 756000
1695309764997 0.0 760000
1695309797487 0.0 764000
1695309829842 0.0 768000
1695309863411 0.0 772000
1695309897317 0.0 776000
1695309932681 0.0 780000
1695309969944 0.0 784000
1695310015834 0.0 788000
1695310052571 0.0 792000
1695310087744 0.0 796000
1695310125647 0.0 800000
1695310160756 0.0 804000
1695310197745 0.0 808000
1695310240336 0.0 812000
1695310277563 0.0 816000
1695310312671 0.0 820000
1695310348310 0.0 824000
1695310386637 0.0 828000
1695310421502 0.0 832000
1695310455165 0.0 836000
1695310494000 0.0 840000
1695310538705 0.0 844000
1695310575933 0.0 848000
1695310616854 0.0 852000
1695310655455 0.0 856000
1695310690318 0.0 860000
1695310724035 0.0 864000
1695310758922 0.0 868000
