1695303109721 0.0 4000
1695303138409 0.0 8000
1695303167543 0.0 12000
1695303196314 0.0 16000
1695303230380 0.0 20000
1695303262707 0.0 24000
1695303295852 0.0 28000
1695303328685 0.0 32000
1695303360575 0.0 36000
1695303392704 0.0 40000
1695303425070 0.0 44000
1695303456258 0.0 48000
1695303487982 0.0 52000
1695303518725 0.0 56000
1695303550437 0.0 60000
1695303581627 0.0 64000
1695303615364 0.0 68000
1695303648099 0.0 72000
1695303680770 0.0 76000
1695303712519 0.0 80000
1695303753719 0.0 84000
1695303786230 0.0 88000
1695303816957 0.0 92000
1695303852658 0.0 96000
1695303897818 0.0 100000
1695303939920 0.0 104000
1695303972644 0.0 108000
1695304013178 0.0 112000
1695304058351 0.0 116000
1695304101556 0.0 120000
1695304142319 0.0 124000
1695304192051 0.0 128000
1695304235738 0.0 132000
1695304278849 0.0 136000
1695304323105 0.0 140000
1695304364712 0.0 144000
1695304406586 0.0 148000
1695304450458 0.0 152000
1695304491926 0.0 156000
1695304533284 0.0 160000
1695304577726 0.0 164000
1695304622879 0.0 168000
1695304666360 0.0 172000
1695304711472 0.0 176000
1695304751047 0.0 180000
1695304788754 0.0 184000
1695304832560 0.0 188000
1695304872673 0.0 192000
1695304909397 0.0 196000
1695304945253 0.0 200000
1695304982339 0.0 204000
1695305025017 0.0 208000
1695305061247 0.0 212000
1695305097707 0.0 216000
1695305135878 0.0 220000
1695305173095 0.0 224000
1695305208307 0.0 228000
1695305242152 0.0 232000
1695305272999 0.0 236000
1695305303682 0.0 240000
1695305335032 0.0 244000
1695305365440 0.0 248000
1695305395875 0.0 252000
1695305426384 0.0 256000
1695305457123 0.0 260000
1695305487736 0.0 264000
1695305518399 0.0 268000
1695305548801 0.0 272000
1695305579504 0.0 276000
1695305610964 0.0 280000
1695305641290 0.0 284000
1695305672122 0.0 288000
1695305702363 0.0 292000
1695305733778 0.0 296000
1695305763952 0.0 300000
1695305794962 0.0 304000
1695305825368 0.0 308000
1695305856223 0.0 312000
1695305886484 0.0 316000
1695305917111 0.0 320000
1695305947597 0.0 324000
1695305978520 0.0 328000
1695306008678 0.0 332000
1695306039541 0.0 336000
1695306070908 0.0 340000
1695306101813 0.0 344000
1695306132275 0.0 348000
1695306162901 0.0 352000
1695306193392 0.0 356000
1695306224314 0.0 360000
1695306254729 0.0 364000
1695306287149 0.0 368000
1695306318516 0.0 372000
1695306351085 0.0 376000
1695306382541 0.0 380000
1695306417673 0.0 384000
1695306452225 0.0 388000
1695306486479 0.0 392000
1695306519928 0.0 396000
1695306554101 0.0 400000
1695306586105 0.0 404000
1695306620809 0.0 408000
1695306653703 0.0 412000
1695306687398 0.0 416000
1695306720484 0.0 420000
1695306752956 0.0 424000
1695306786108 0.0 428000
1695306823415 0.0 432000
1695306860231 0.0 436000
1695306893577 0.0 440000
1695306927053 0.0 444000
1695306961127 0.0 448000
1695306995345 0.0 452000
1695307028948 0.0 456000
1695307061187 0.0 460000
1695307093401 0.0 464000
1695307128215 0.0 468000
1695307160934 0.0 472000
1695307193765 0.0 476000
1695307226920 0.0 480000
1695307261331 0.0 484000
1695307295800 0.0 488000
1695307328593 0.0 492000
1695307362223 0.0 496000
1695307398561 0.0 500000
1695307433811 0.0 504000
1695307466844 0.0 508000
1695307502340 0.0 512000
1695307540906 0.0 516000
1695307575796 0.0 520000
1695307615220 0.0 524000
1695307652943 0.0 528000
1695307689008 0.0 532000
1695307724782 0.0 536000
1695307759411 0.0 540000
1695307803655 0.0 544000
1695307846239 0.0 548000
1695307880719 0.0 552000
1695307919647 0.0 556000
1695307956817 0.0 560000
1695307994891 0.0 564000
1695308028045 0.0 568000
1695308062918 0.0 572000
1695308098121 0.0 576000
1695308132136 0.0 580000
1695308167245 0.0 584000
1695308204632 0.0 588000
1695308240249 0.0 592000
1695308275294 0.0 596000
1695308317658 0.0 600000
1695308353429 0.0 604000
1695308394779 0.0 608000
1695308433151 0.0 612000
1695308469777 0.0 616000
1695308516210 0.0 620000
1695308552787 0.0 624000
1695308589969 0.0 628000
1695308629752 0.0 632000
1695308665810 0.0 636000
1695308703990 0.0 640000
1695308741058 0.0 644000
1695308776467 0.0 648000
1695308813144 0.0 652000
1695308854534 0.0 656000
1695308889189 0.0 660000
1695308922284 0.0 664000
1695308955658 0.0 668000
1695308990674 0.0 672000
1695309025608 0.0 676000
1695309064307 0.0 680000
1695309102470 0.0 684000
1695309138084 0.0 688000
1695309173198 0.0 692000
1695309207210 0.0 696000
1695309241630 0.0 700000
1695309278138 0.0 704000
1695309314284 0.0 708000
1695309350749 0.0 712000
1695309387599 0.0 716000
1695309422311 0.0 720000
1695309457155 0.0 724000
1695309489545 0.0 728000
1695309522315 0.0 732000
1695309555491 0.0 736000
1695309590350 0.0 740000
1695309624610 0.0 744000
1695309658582 0.0 748000
1695309692372 0.0 752000
1695309730467 0.0 756000
1695309765021 0.0 760000
1695309797510 0.0 764000
1695309829867 0.0 768000
1695309863435 0.0 772000
1695309897341 0.0 776000
1695309932706 0.0 780000
1695309969970 0.0 784000
1695310015859 0.0 788000
1695310052597 0.0 792000
1695310087770 0.0 796000
1695310125673 0.0 800000
1695310160779 0.0 804000
1695310197772 0.0 808000
1695310240364 0.0 812000
1695310277588 0.0 816000
1695310312696 0.0 820000
1695310348338 0.0 824000
1695310386668 0.0 828000
1695310421525 0.0 832000
1695310455191 0.0 836000
1695310494027 0.0 840000
1695310538728 0.0 844000
1695310575960 0.0 848000
1695310616888 0.0 852000
1695310655479 0.0 856000
1695310690343 0.0 860000
1695310724059 0.0 864000
1695310758946 0.0 868000
