1695303109710 60.0 4000
1695303138397 60.0 8000
1695303167533 60.0 12000
1695303196303 60.0 16000
1695303230368 60.0 20000
1695303262696 60.0 24000
1695303295842 60.0 28000
1695303328674 60.0 32000
1695303360564 60.0 36000
1695303392694 60.0 40000
1695303425060 60.0 44000
1695303456247 60.0 48000
1695303487971 60.0 52000
1695303518715 60.0 56000
1695303550427 60.0 60000
1695303581617 60.0 64000
1695303615353 60.0 68000
1695303648089 60.0 72000
1695303680759 60.0 76000
1695303712509 60.0 80000
1695303753708 60.0 84000
1695303786220 60.0 88000
1695303816946 60.0 92000
1695303852645 60.0 96000
1695303897797 60.0 100000
1695303939909 60.0 104000
1695303972632 60.0 108000
1695304013163 60.0 112000
1695304058338 60.0 116000
1695304101545 60.0 120000
1695304142306 60.0 124000
1695304192035 60.0 128000
1695304235724 60.0 132000
1695304278836 60.0 136000
1695304323092 60.0 140000
1695304364699 60.0 144000
1695304406571 60.0 148000
1695304450444 60.0 152000
1695304491914 60.0 156000
1695304533271 60.0 160000
1695304577714 60.0 164000
1695304622865 60.0 168000
1695304666348 60.0 172000
1695304711461 60.0 176000
1695304751035 60.0 180000
1695304788741 60.0 184000
1695304832550 60.0 188000
1695304872661 60.0 192000
1695304909386 60.0 196000
1695304945242 60.0 200000
1695304982328 60.0 204000
1695305025005 60.0 208000
1695305061236 60.0 212000
1695305097695 60.0 216000
1695305135866 60.0 220000
1695305173084 60.0 224000
1695305208296 60.0 228000
1695305242142 60.0 232000
1695305272989 60.0 236000
1695305303670 60.0 240000
1695305335023 60.0 244000
1695305365429 60.0 248000
1695305395865 60.0 252000
1695305426374 60.0 256000
1695305457113 60.0 260000
1695305487725 60.0 264000
1695305518389 60.0 268000
1695305548791 60.0 272000
1695305579495 60.0 276000
1695305610953 60.0 280000
1695305641280 60.0 284000
1695305672113 60.0 288000
1695305702353 60.0 292000
1695305733768 60.0 296000
1695305763936 60.0 300000
1695305794952 60.0 304000
1695305825358 60.0 308000
1695305856213 60.0 312000
1695305886475 60.0 316000
1695305917101 60.0 320000
1695305947586 60.0 324000
1695305978511 60.0 328000
1695306008668 60.0 332000
1695306039530 60.0 336000
1695306070898 60.0 340000
1695306101802 60.0 344000
1695306132265 60.0 348000
1695306162891 60.0 352000
1695306193382 60.0 356000
1695306224304 60.0 360000
1695306254719 60.0 364000
1695306287139 60.0 368000
1695306318505 60.0 372000
1695306351075 60.0 376000
1695306382531 60.0 380000
1695306417662 60.0 384000
1695306452212 60.0 388000
1695306486468 60.0 392000
1695306519917 60.0 396000
1695306554090 60.0 400000
1695306586095 60.0 404000
1695306620798 60.0 408000
1695306653693 60.0 412000
1695306687386 60.0 416000
1695306720473 60.0 420000
1695306752946 60.0 424000
1695306786098 60.0 428000
1695306823395 60.0 432000
1695306860220 60.0 436000
1695306893567 60.0 440000
1695306927041 60.0 444000
1695306961117 60.0 448000
1695306995335 60.0 452000
1695307028938 60.0 456000
1695307061176 60.0 460000
1695307093390 60.0 464000
1695307128204 60.0 468000
1695307160922 60.0 472000
1695307193754 60.0 476000
1695307226909 60.0 480000
1695307261320 60.0 484000
1695307295790 60.0 488000
1695307328583 60.0 492000
1695307362212 60.0 496000
1695307398549 60.0 500000
1695307433799 60.0 504000
1695307466833 60.0 508000
1695307502328 60.0 512000
1695307540894 60.0 516000
1695307575785 60.0 520000
1695307615208 60.0 524000
1695307652933 60.0 528000
1695307688996 60.0 532000
1695307724771 60.0 536000
1695307759400 60.0 540000
1695307803640 60.0 544000
1695307846228 60.0 548000
1695307880707 60.0 552000
1695307919636 60.0 556000
1695307956805 60.0 560000
1695307994880 60.0 564000
1695308028034 60.0 568000
1695308062907 60.0 572000
1695308098110 60.0 576000
1695308132124 60.0 580000
1695308167235 60.0 584000
1695308204620 60.0 588000
1695308240238 60.0 592000
1695308275282 60.0 596000
1695308317645 60.0 600000
1695308353417 60.0 604000
1695308394765 60.0 608000
1695308433141 60.0 612000
1695308469764 60.0 616000
1695308516198 60.0 620000
1695308552776 60.0 624000
1695308589956 60.0 628000
1695308629740 60.0 632000
1695308665793 60.0 636000
1695308703978 60.0 640000
1695308741047 60.0 644000
1695308776452 60.0 648000
1695308813131 60.0 652000
1695308854524 60.0 656000
1695308889178 60.0 660000
1695308922273 60.0 664000
1695308955647 60.0 668000
1695308990662 60.0 672000
1695309025596 60.0 676000
1695309064294 60.0 680000
1695309102458 60.0 684000
1695309138072 60.0 688000
1695309173187 60.0 692000
1695309207198 60.0 696000
1695309241619 60.0 700000
1695309278127 60.0 704000
1695309314272 60.0 708000
1695309350738 60.0 712000
1695309387588 60.0 716000
1695309422301 60.0 720000
1695309457145 60.0 724000
1695309489535 60.0 728000
1695309522305 60.0 732000
1695309555480 60.0 736000
1695309590340 60.0 740000
1695309624599 60.0 744000
1695309658572 60.0 748000
1695309692361 60.0 752000
1695309730453 60.0 756000
1695309765011 60.0 760000
1695309797500 60.0 764000
1695309829856 60.0 768000
1695309863424 60.0 772000
1695309897330 60.0 776000
1695309932695 60.0 780000
1695309969959 60.0 784000
1695310015848 60.0 788000
1695310052586 60.0 792000
1695310087759 60.0 796000
1695310125661 60.0 800000
1695310160769 60.0 804000
1695310197761 60.0 808000
1695310240351 60.0 812000
1695310277577 60.0 816000
1695310312686 60.0 820000
1695310348326 60.0 824000
1695310386652 60.0 828000
1695310421515 60.0 832000
1695310455180 60.0 836000
1695310494015 60.0 840000
1695310538718 60.0 844000
1695310575948 60.0 848000
1695310616873 60.0 852000
1695310655468 60.0 856000
1695310690332 60.0 860000
1695310724048 60.0 864000
1695310758935 60.0 868000
