1695303109690 20.0 4000
1695303138377 20.0 8000
1695303167513 20.0 12000
1695303196283 20.0 16000
1695303230345 20.0 20000
1695303262676 20.0 24000
1695303295823 20.0 28000
1695303328655 20.0 32000
1695303360543 20.0 36000
1695303392674 20.0 40000
1695303425040 20.0 44000
1695303456227 20.0 48000
1695303487952 20.0 52000
1695303518695 20.0 56000
1695303550408 20.0 60000
1695303581598 20.0 64000
1695303615333 20.0 68000
1695303648071 20.0 72000
1695303680740 20.0 76000
1695303712490 20.0 80000
1695303753688 20.0 84000
1695303786201 20.0 88000
1695303816926 20.0 92000
1695303852618 20.0 96000
1695303897751 20.0 100000
1695303939891 20.0 104000
1695303972612 20.0 108000
1695304013141 20.0 112000
1695304058313 20.0 116000
1695304101522 20.0 120000
1695304142284 20.0 124000
1695304192003 20.0 128000
1695304235701 20.0 132000
1695304278812 20.0 136000
1695304323067 20.0 140000
1695304364670 20.0 144000
1695304406541 20.0 148000
1695304450419 20.0 152000
1695304491892 20.0 156000
1695304533247 20.0 160000
1695304577691 20.0 164000
1695304622840 20.0 168000
1695304666326 20.0 172000
1695304711443 20.0 176000
1695304751014 20.0 180000
1695304788720 20.0 184000
1695304832523 20.0 188000
1695304872640 20.0 192000
1695304909357 20.0 196000
1695304945221 20.0 200000
1695304982307 20.0 204000
1695305024982 20.0 208000
1695305061215 20.0 212000
1695305097673 20.0 216000
1695305135845 20.0 220000
1695305173062 20.0 224000
1695305208275 20.0 228000
1695305242124 20.0 232000
1695305272971 20.0 236000
1695305303649 20.0 240000
1695305335005 20.0 244000
1695305365410 20.0 248000
1695305395847 20.0 252000
1695305426354 20.0 256000
1695305457096 20.0 260000
1695305487706 20.0 264000
1695305518371 20.0 268000
1695305548772 20.0 272000
1695305579477 20.0 276000
1695305610935 20.0 280000
1695305641262 20.0 284000
1695305672096 20.0 288000
1695305702336 20.0 292000
1695305733751 20.0 296000
1695305763914 20.0 300000
1695305794935 20.0 304000
1695305825340 20.0 308000
1695305856195 20.0 312000
1695305886457 20.0 316000
1695305917083 20.0 320000
1695305947568 20.0 324000
1695305978494 20.0 328000
1695306008650 20.0 332000
1695306039511 20.0 336000
1695306070880 20.0 340000
1695306101784 20.0 344000
1695306132248 20.0 348000
1695306162874 20.0 352000
1695306193363 20.0 356000
1695306224286 20.0 360000
1695306254701 20.0 364000
1695306287121 20.0 368000
1695306318487 20.0 372000
1695306351057 20.0 376000
1695306382515 20.0 380000
1695306417643 20.0 384000
1695306452194 20.0 388000
1695306486448 20.0 392000
1695306519899 20.0 396000
1695306554071 20.0 400000
1695306586076 20.0 404000
1695306620778 20.0 408000
1695306653675 20.0 412000
1695306687365 20.0 416000
1695306720454 20.0 420000
1695306752927 20.0 424000
1695306786080 20.0 428000
1695306823372 20.0 432000
1695306860201 20.0 436000
1695306893548 20.0 440000
1695306927021 20.0 444000
1695306961098 20.0 448000
1695306995316 20.0 452000
1695307028918 20.0 456000
1695307061157 20.0 460000
1695307093371 20.0 464000
1695307128185 20.0 468000
1695307160902 20.0 472000
1695307193735 20.0 476000
1695307226889 20.0 480000
1695307261301 20.0 484000
1695307295771 20.0 488000
1695307328563 20.0 492000
1695307362192 20.0 496000
1695307398528 20.0 500000
1695307433778 20.0 504000
1695307466812 20.0 508000
1695307502308 20.0 512000
1695307540873 20.0 516000
1695307575766 20.0 520000
1695307615187 20.0 524000
1695307652914 20.0 528000
1695307688976 20.0 532000
1695307724751 20.0 536000
1695307759382 20.0 540000
1695307803605 20.0 544000
1695307846209 20.0 548000
1695307880686 20.0 552000
1695307919615 20.0 556000
1695307956782 20.0 560000
1695307994861 20.0 564000
1695308028015 20.0 568000
1695308062887 20.0 572000
1695308098091 20.0 576000
1695308132104 20.0 580000
1695308167216 20.0 584000
1695308204597 20.0 588000
1695308240220 20.0 592000
1695308275260 20.0 596000
1695308317624 20.0 600000
1695308353398 20.0 604000
1695308394738 20.0 608000
1695308433122 20.0 612000
1695308469742 20.0 616000
1695308516176 20.0 620000
1695308552754 20.0 624000
1695308589934 20.0 628000
1695308629718 20.0 632000
1695308665770 20.0 636000
1695308703955 20.0 640000
1695308741028 20.0 644000
1695308776433 20.0 648000
1695308813109 20.0 652000
1695308854505 20.0 656000
1695308889159 20.0 660000
1695308922254 20.0 664000
1695308955627 20.0 668000
1695308990640 20.0 672000
1695309025572 20.0 676000
1695309064268 20.0 680000
1695309102437 20.0 684000
1695309138051 20.0 688000
1695309173167 20.0 692000
1695309207178 20.0 696000
1695309241600 20.0 700000
1695309278106 20.0 704000
1695309314250 20.0 708000
1695309350720 20.0 712000
1695309387567 20.0 716000
1695309422281 20.0 720000
1695309457126 20.0 724000
1695309489518 20.0 728000
1695309522286 20.0 732000
1695309555461 20.0 736000
1695309590320 20.0 740000
1695309624580 20.0 744000
1695309658552 20.0 748000
1695309692343 20.0 752000
1695309730428 20.0 756000
1695309764992 20.0 760000
1695309797482 20.0 764000
1695309829837 20.0 768000
1695309863405 20.0 772000
1695309897311 20.0 776000
1695309932675 20.0 780000
1695309969939 20.0 784000
1695310015828 20.0 788000
1695310052566 20.0 792000
1695310087738 20.0 796000
1695310125641 20.0 800000
1695310160751 20.0 804000
1695310197739 20.0 808000
1695310240330 20.0 812000
1695310277558 20.0 816000
1695310312665 20.0 820000
1695310348304 20.0 824000
1695310386630 20.0 828000
1695310421497 20.0 832000
1695310455160 20.0 836000
1695310493994 20.0 840000
1695310538699 20.0 844000
1695310575927 20.0 848000
1695310616846 20.0 852000
1695310655449 20.0 856000
1695310690313 20.0 860000
1695310724029 20.0 864000
1695310758917 20.0 868000
