1695303109690 0.0 4000
1695303138377 0.0 8000
1695303167512 0.0 12000
1695303196282 0.0 16000
1695303230345 0.0 20000
1695303262676 0.0 24000
1695303295822 0.0 28000
1695303328654 0.0 32000
1695303360543 0.0 36000
1695303392673 0.0 40000
1695303425040 0.0 44000
1695303456226 0.0 48000
1695303487952 0.0 52000
1695303518695 0.0 56000
1695303550407 0.0 60000
1695303581598 0.0 64000
1695303615333 0.0 68000
1695303648071 0.0 72000
1695303680740 0.0 76000
1695303712490 0.0 80000
1695303753688 0.0 84000
1695303786201 0.0 88000
1695303816926 0.0 92000
1695303852618 0.0 96000
1695303897750 0.0 100000
1695303939891 0.0 104000
1695303972612 0.0 108000
1695304013141 0.0 112000
1695304058313 0.0 116000
1695304101522 0.0 120000
1695304142284 0.0 124000
1695304192003 0.0 128000
1695304235700 0.0 132000
1695304278811 0.0 136000
1695304323067 0.0 140000
1695304364670 0.0 144000
1695304406541 0.0 148000
1695304450418 0.0 152000
1695304491892 0.0 156000
1695304533247 0.0 160000
1695304577691 0.0 164000
1695304622839 0.0 168000
1695304666326 0.0 172000
1695304711443 0.0 176000
1695304751014 0.0 180000
1695304788720 0.0 184000
1695304832522 0.0 188000
1695304872639 0.0 192000
1695304909357 0.0 196000
1695304945221 0.0 200000
1695304982306 0.0 204000
1695305024981 0.0 208000
1695305061215 0.0 212000
1695305097673 0.0 216000
1695305135844 0.0 220000
1695305173062 0.0 224000
1695305208275 0.0 228000
1695305242124 0.0 232000
1695305272971 0.0 236000
1695305303649 0.0 240000
1695305335004 0.0 244000
1695305365410 0.0 248000
1695305395847 0.0 252000
1695305426354 0.0 256000
1695305457096 0.0 260000
1695305487705 0.0 264000
1695305518371 0.0 268000
1695305548771 0.0 272000
1695305579477 0.0 276000
1695305610935 0.0 280000
1695305641262 0.0 284000
1695305672096 0.0 288000
1695305702335 0.0 292000
1695305733750 0.0 296000
1695305763913 0.0 300000
1695305794934 0.0 304000
1695305825340 0.0 308000
1695305856195 0.0 312000
1695305886457 0.0 316000
1695305917083 0.0 320000
1695305947568 0.0 324000
1695305978494 0.0 328000
1695306008650 0.0 332000
1695306039511 0.0 336000
1695306070880 0.0 340000
1695306101784 0.0 344000
1695306132248 0.0 348000
1695306162874 0.0 352000
1695306193363 0.0 356000
1695306224285 0.0 360000
1695306254701 0.0 364000
1695306287121 0.0 368000
1695306318487 0.0 372000
1695306351056 0.0 376000
1695306382514 0.0 380000
1695306417642 0.0 384000
1695306452193 0.0 388000
1695306486448 0.0 392000
1695306519899 0.0 396000
1695306554071 0.0 400000
1695306586076 0.0 404000
1695306620777 0.0 408000
1695306653674 0.0 412000
1695306687365 0.0 416000
1695306720454 0.0 420000
1695306752927 0.0 424000
1695306786080 0.0 428000
1695306823372 0.0 432000
1695306860201 0.0 436000
1695306893547 0.0 440000
1695306927020 0.0 444000
1695306961098 0.0 448000
1695306995316 0.0 452000
1695307028918 0.0 456000
1695307061156 0.0 460000
1695307093370 0.0 464000
1695307128185 0.0 468000
1695307160901 0.0 472000
1695307193735 0.0 476000
1695307226889 0.0 480000
1695307261301 0.0 484000
1695307295771 0.0 488000
1695307328563 0.0 492000
1695307362192 0.0 496000
1695307398527 0.0 500000
1695307433778 0.0 504000
1695307466811 0.0 508000
1695307502307 0.0 512000
1695307540873 0.0 516000
1695307575765 0.0 520000
1695307615186 0.0 524000
1695307652914 0.0 528000
1695307688976 0.0 532000
1695307724750 0.0 536000
1695307759382 0.0 540000
1695307803604 0.0 544000
1695307846209 0.0 548000
1695307880685 0.0 552000
1695307919615 0.0 556000
1695307956782 0.0 560000
1695307994861 0.0 564000
1695308028015 0.0 568000
1695308062886 0.0 572000
1695308098091 0.0 576000
1695308132104 0.0 580000
1695308167215 0.0 584000
1695308204596 0.0 588000
1695308240219 0.0 592000
1695308275259 0.0 596000
1695308317624 0.0 600000
1695308353398 0.0 604000
1695308394737 0.0 608000
1695308433122 0.0 612000
1695308469742 0.0 616000
1695308516176 0.0 620000
1695308552754 0.0 624000
1695308589934 0.0 628000
1695308629718 0.0 632000
1695308665770 0.0 636000
1695308703955 0.0 640000
1695308741028 0.0 644000
1695308776433 0.0 648000
1695308813108 0.0 652000
1695308854505 0.0 656000
1695308889158 0.0 660000
1695308922254 0.0 664000
1695308955627 0.0 668000
1695308990640 0.0 672000
1695309025572 0.0 676000
1695309064267 0.0 680000
1695309102437 0.0 684000
1695309138051 0.0 688000
1695309173167 0.0 692000
1695309207177 0.0 696000
1695309241600 0.0 700000
1695309278106 0.0 704000
1695309314249 0.0 708000
1695309350719 0.0 712000
1695309387567 0.0 716000
1695309422281 0.0 720000
1695309457126 0.0 724000
1695309489517 0.0 728000
1695309522286 0.0 732000
1695309555461 0.0 736000
1695309590320 0.0 740000
1695309624580 0.0 744000
1695309658552 0.0 748000
1695309692342 0.0 752000
1695309730427 0.0 756000
1695309764992 0.0 760000
1695309797481 0.0 764000
1695309829837 0.0 768000
1695309863405 0.0 772000
1695309897311 0.0 776000
1695309932675 0.0 780000
1695309969938 0.0 784000
1695310015828 0.0 788000
1695310052565 0.0 792000
1695310087738 0.0 796000
1695310125641 0.0 800000
1695310160750 0.0 804000
1695310197739 0.0 808000
1695310240330 0.0 812000
1695310277557 0.0 816000
1695310312664 0.0 820000
1695310348304 0.0 824000
1695310386630 0.0 828000
1695310421497 0.0 832000
1695310455160 0.0 836000
1695310493994 0.0 840000
1695310538699 0.0 844000
1695310575927 0.0 848000
1695310616845 0.0 852000
1695310655449 0.0 856000
1695310690313 0.0 860000
1695310724029 0.0 864000
1695310758916 0.0 868000
