1695303109694 1.0 4000
1695303138381 1.0 8000
1695303167516 1.0 12000
1695303196286 1.0 16000
1695303230349 1.0 20000
1695303262680 1.0 24000
1695303295826 1.0 28000
1695303328658 1.0 32000
1695303360547 1.0 36000
1695303392677 1.0 40000
1695303425044 1.0 44000
1695303456231 1.0 48000
1695303487956 1.0 52000
1695303518700 1.0 56000
1695303550411 1.0 60000
1695303581602 1.0 64000
1695303615337 1.0 68000
1695303648074 1.0 72000
1695303680744 1.0 76000
1695303712494 1.0 80000
1695303753692 1.0 84000
1695303786204 1.0 88000
1695303816930 1.0 92000
1695303852622 1.0 96000
1695303897759 1.0 100000
1695303939895 1.0 104000
1695303972616 1.0 108000
1695304013145 1.0 112000
1695304058318 1.0 116000
1695304101527 1.0 120000
1695304142288 1.0 124000
1695304192008 1.0 128000
1695304235705 1.0 132000
1695304278816 1.0 136000
1695304323072 1.0 140000
1695304364675 1.0 144000
1695304406547 1.0 148000
1695304450423 1.0 152000
1695304491896 1.0 156000
1695304533252 1.0 160000
1695304577695 1.0 164000
1695304622844 1.0 168000
1695304666330 1.0 172000
1695304711447 1.0 176000
1695304751018 1.0 180000
1695304788724 1.0 184000
1695304832528 1.0 188000
1695304872644 1.0 192000
1695304909363 1.0 196000
1695304945225 1.0 200000
1695304982310 1.0 204000
1695305024986 1.0 208000
1695305061219 1.0 212000
1695305097678 1.0 216000
1695305135849 1.0 220000
1695305173066 1.0 224000
1695305208279 1.0 228000
1695305242127 1.0 232000
1695305272975 1.0 236000
1695305303653 1.0 240000
1695305335008 1.0 244000
1695305365414 1.0 248000
1695305395850 1.0 252000
1695305426358 1.0 256000
1695305457100 1.0 260000
1695305487709 1.0 264000
1695305518375 1.0 268000
1695305548775 1.0 272000
1695305579481 1.0 276000
1695305610939 1.0 280000
1695305641265 1.0 284000
1695305672099 1.0 288000
1695305702339 1.0 292000
1695305733754 1.0 296000
1695305763917 1.0 300000
1695305794938 1.0 304000
1695305825343 1.0 308000
1695305856199 1.0 312000
1695305886461 1.0 316000
1695305917087 1.0 320000
1695305947572 1.0 324000
1695305978497 1.0 328000
1695306008653 1.0 332000
1695306039515 1.0 336000
1695306070883 1.0 340000
1695306101787 1.0 344000
1695306132251 1.0 348000
1695306162877 1.0 352000
1695306193366 1.0 356000
1695306224289 1.0 360000
1695306254705 1.0 364000
1695306287125 1.0 368000
1695306318490 1.0 372000
1695306351060 1.0 376000
1695306382518 1.0 380000
1695306417646 1.0 384000
1695306452197 1.0 388000
1695306486452 1.0 392000
1695306519903 1.0 396000
1695306554074 1.0 400000
1695306586080 1.0 404000
1695306620781 1.0 408000
1695306653678 1.0 412000
1695306687369 1.0 416000
1695306720457 1.0 420000
1695306752931 1.0 424000
1695306786083 1.0 428000
1695306823376 1.0 432000
1695306860204 1.0 436000
1695306893551 1.0 440000
1695306927024 1.0 444000
1695306961102 1.0 448000
1695306995320 1.0 452000
1695307028922 1.0 456000
1695307061160 1.0 460000
1695307093374 1.0 464000
1695307128189 1.0 468000
1695307160905 1.0 472000
1695307193738 1.0 476000
1695307226893 1.0 480000
1695307261304 1.0 484000
1695307295775 1.0 488000
1695307328567 1.0 492000
1695307362196 1.0 496000
1695307398531 1.0 500000
1695307433782 1.0 504000
1695307466815 1.0 508000
1695307502311 1.0 512000
1695307540877 1.0 516000
1695307575769 1.0 520000
1695307615191 1.0 524000
1695307652917 1.0 528000
1695307688980 1.0 532000
1695307724754 1.0 536000
1695307759385 1.0 540000
1695307803611 1.0 544000
1695307846213 1.0 548000
1695307880690 1.0 552000
1695307919619 1.0 556000
1695307956786 1.0 560000
1695307994864 1.0 564000
1695308028019 1.0 568000
1695308062890 1.0 572000
1695308098095 1.0 576000
1695308132108 1.0 580000
1695308167219 1.0 584000
1695308204601 1.0 588000
1695308240223 1.0 592000
1695308275264 1.0 596000
1695308317628 1.0 600000
1695308353402 1.0 604000
1695308394744 1.0 608000
1695308433125 1.0 612000
1695308469746 1.0 616000
1695308516180 1.0 620000
1695308552758 1.0 624000
1695308589938 1.0 628000
1695308629722 1.0 632000
1695308665775 1.0 636000
1695308703959 1.0 640000
1695308741032 1.0 644000
1695308776436 1.0 648000
1695308813113 1.0 652000
1695308854509 1.0 656000
1695308889162 1.0 660000
1695308922258 1.0 664000
1695308955631 1.0 668000
1695308990644 1.0 672000
1695309025577 1.0 676000
1695309064271 1.0 680000
1695309102441 1.0 684000
1695309138055 1.0 688000
1695309173171 1.0 692000
1695309207181 1.0 696000
1695309241603 1.0 700000
1695309278110 1.0 704000
1695309314254 1.0 708000
1695309350723 1.0 712000
1695309387571 1.0 716000
1695309422285 1.0 720000
1695309457130 1.0 724000
1695309489521 1.0 728000
1695309522290 1.0 732000
1695309555465 1.0 736000
1695309590324 1.0 740000
1695309624584 1.0 744000
1695309658556 1.0 748000
1695309692346 1.0 752000
1695309730434 1.0 756000
1695309764995 1.0 760000
1695309797485 1.0 764000
1695309829840 1.0 768000
1695309863409 1.0 772000
1695309897315 1.0 776000
1695309932679 1.0 780000
1695309969942 1.0 784000
1695310015832 1.0 788000
1695310052569 1.0 792000
1695310087742 1.0 796000
1695310125645 1.0 800000
1695310160754 1.0 804000
1695310197743 1.0 808000
1695310240334 1.0 812000
1695310277562 1.0 816000
1695310312669 1.0 820000
1695310348308 1.0 824000
1695310386634 1.0 828000
1695310421501 1.0 832000
1695310455163 1.0 836000
1695310493998 1.0 840000
1695310538703 1.0 844000
1695310575931 1.0 848000
1695310616851 1.0 852000
1695310655453 1.0 856000
1695310690317 1.0 860000
1695310724033 1.0 864000
1695310758920 1.0 868000
