1695303109719 0.001 4000
1695303138407 0.001 8000
1695303167541 0.001 12000
1695303196312 0.001 16000
1695303230378 0.001 20000
1695303262705 0.001 24000
1695303295850 0.001 28000
1695303328682 0.001 32000
1695303360572 0.001 36000
1695303392702 0.001 40000
1695303425068 0.001 44000
1695303456255 0.001 48000
1695303487980 0.001 52000
1695303518723 0.001 56000
1695303550435 0.001 60000
1695303581625 0.001 64000
1695303615362 0.001 68000
1695303648097 0.001 72000
1695303680768 0.001 76000
1695303712517 0.001 80000
1695303753717 0.001 84000
1695303786228 0.001 88000
1695303816954 0.001 92000
1695303852655 0.001 96000
1695303897813 0.001 100000
1695303939917 0.001 104000
1695303972642 0.001 108000
1695304013175 0.001 112000
1695304058349 0.001 116000
1695304101554 0.001 120000
1695304142316 0.001 124000
1695304192048 0.001 128000
1695304235735 0.001 132000
1695304278846 0.001 136000
1695304323102 0.001 140000
1695304364709 0.001 144000
1695304406583 0.001 148000
1695304450455 0.001 152000
1695304491923 0.001 156000
1695304533281 0.001 160000
1695304577724 0.001 164000
1695304622876 0.001 168000
1695304666358 0.001 172000
1695304711469 0.001 176000
1695304751045 0.001 180000
1695304788750 0.001 184000
1695304832558 0.001 188000
1695304872671 0.001 192000
1695304909395 0.001 196000
1695304945251 0.001 200000
1695304982337 0.001 204000
1695305025015 0.001 208000
1695305061245 0.001 212000
1695305097704 0.001 216000
1695305135875 0.001 220000
1695305173093 0.001 224000
1695305208305 0.001 228000
1695305242150 0.001 232000
1695305272997 0.001 236000
1695305303679 0.001 240000
1695305335030 0.001 244000
1695305365438 0.001 248000
1695305395873 0.001 252000
1695305426382 0.001 256000
1695305457121 0.001 260000
1695305487733 0.001 264000
1695305518397 0.001 268000
1695305548799 0.001 272000
1695305579502 0.001 276000
1695305610962 0.001 280000
1695305641288 0.001 284000
1695305672120 0.001 288000
1695305702361 0.001 292000
1695305733776 0.001 296000
1695305763948 0.001 300000
1695305794960 0.001 304000
1695305825366 0.001 308000
1695305856221 0.001 312000
1695305886482 0.001 316000
1695305917109 0.001 320000
1695305947595 0.001 324000
1695305978518 0.001 328000
1695306008676 0.001 332000
1695306039538 0.001 336000
1695306070906 0.001 340000
1695306101811 0.001 344000
1695306132273 0.001 348000
1695306162899 0.001 352000
1695306193390 0.001 356000
1695306224312 0.001 360000
1695306254727 0.001 364000
1695306287147 0.001 368000
1695306318513 0.001 372000
1695306351083 0.001 376000
1695306382539 0.001 380000
1695306417670 0.001 384000
1695306452221 0.001 388000
1695306486477 0.001 392000
1695306519925 0.001 396000
1695306554099 0.001 400000
1695306586103 0.001 404000
1695306620806 0.001 408000
1695306653701 0.001 412000
1695306687395 0.001 416000
1695306720481 0.001 420000
1695306752954 0.001 424000
1695306786106 0.001 428000
1695306823410 0.001 432000
1695306860229 0.001 436000
1695306893574 0.001 440000
1695306927050 0.001 444000
1695306961125 0.001 448000
1695306995343 0.001 452000
1695307028946 0.001 456000
1695307061185 0.001 460000
1695307093398 0.001 464000
1695307128213 0.001 468000
1695307160931 0.001 472000
1695307193762 0.001 476000
1695307226918 0.001 480000
1695307261329 0.001 484000
1695307295798 0.001 488000
1695307328591 0.001 492000
1695307362221 0.001 496000
1695307398558 0.001 500000
1695307433809 0.001 504000
1695307466842 0.001 508000
1695307502337 0.001 512000
1695307540904 0.001 516000
1695307575793 0.001 520000
1695307615217 0.001 524000
1695307652941 0.001 528000
1695307689005 0.001 532000
1695307724780 0.001 536000
1695307759409 0.001 540000
1695307803652 0.001 544000
1695307846237 0.001 548000
1695307880716 0.001 552000
1695307919644 0.001 556000
1695307956814 0.001 560000
1695307994889 0.001 564000
1695308028043 0.001 568000
1695308062915 0.001 572000
1695308098118 0.001 576000
1695308132133 0.001 580000
1695308167243 0.001 584000
1695308204630 0.001 588000
1695308240247 0.001 592000
1695308275291 0.001 596000
1695308317655 0.001 600000
1695308353426 0.001 604000
1695308394776 0.001 608000
1695308433149 0.001 612000
1695308469774 0.001 616000
1695308516207 0.001 620000
1695308552785 0.001 624000
1695308589966 0.001 628000
1695308629750 0.001 632000
1695308665807 0.001 636000
1695308703987 0.001 640000
1695308741056 0.001 644000
1695308776464 0.001 648000
1695308813141 0.001 652000
1695308854532 0.001 656000
1695308889187 0.001 660000
1695308922281 0.001 664000
1695308955656 0.001 668000
1695308990671 0.001 672000
1695309025606 0.001 676000
1695309064304 0.001 680000
1695309102467 0.001 684000
1695309138081 0.001 688000
1695309173195 0.001 692000
1695309207207 0.001 696000
1695309241627 0.001 700000
1695309278136 0.001 704000
1695309314282 0.001 708000
1695309350746 0.001 712000
1695309387597 0.001 716000
1695309422309 0.001 720000
1695309457153 0.001 724000
1695309489543 0.001 728000
1695309522313 0.001 732000
1695309555488 0.001 736000
1695309590348 0.001 740000
1695309624608 0.001 744000
1695309658579 0.001 748000
1695309692370 0.001 752000
1695309730464 0.001 756000
1695309765019 0.001 760000
1695309797508 0.001 764000
1695309829865 0.001 768000
1695309863432 0.001 772000
1695309897339 0.001 776000
1695309932704 0.001 780000
1695309969968 0.001 784000
1695310015856 0.001 788000
1695310052595 0.001 792000
1695310087767 0.001 796000
1695310125670 0.001 800000
1695310160777 0.001 804000
1695310197770 0.001 808000
1695310240361 0.001 812000
1695310277586 0.001 816000
1695310312694 0.001 820000
1695310348335 0.001 824000
1695310386664 0.001 828000
1695310421523 0.001 832000
1695310455189 0.001 836000
1695310494024 0.001 840000
1695310538726 0.001 844000
1695310575957 0.001 848000
1695310616885 0.001 852000
1695310655476 0.001 856000
1695310690340 0.001 860000
1695310724056 0.001 864000
1695310758944 0.001 868000
