1695303109699 1.0 4000
1695303138386 1.0 8000
1695303167521 1.0 12000
1695303196291 1.0 16000
1695303230355 1.0 20000
1695303262685 1.0 24000
1695303295831 1.0 28000
1695303328663 1.0 32000
1695303360552 1.0 36000
1695303392682 1.0 40000
1695303425049 1.0 44000
1695303456236 1.0 48000
1695303487960 1.0 52000
1695303518704 1.0 56000
1695303550416 1.0 60000
1695303581606 1.0 64000
1695303615341 1.0 68000
1695303648079 1.0 72000
1695303680748 1.0 76000
1695303712498 1.0 80000
1695303753697 1.0 84000
1695303786209 1.0 88000
1695303816934 1.0 92000
1695303852628 1.0 96000
1695303897777 1.0 100000
1695303939899 1.0 104000
1695303972620 1.0 108000
1695304013150 1.0 112000
1695304058324 1.0 116000
1695304101532 1.0 120000
1695304142294 1.0 124000
1695304192015 1.0 128000
1695304235711 1.0 132000
1695304278822 1.0 136000
1695304323078 1.0 140000
1695304364683 1.0 144000
1695304406554 1.0 148000
1695304450430 1.0 152000
1695304491901 1.0 156000
1695304533257 1.0 160000
1695304577700 1.0 164000
1695304622850 1.0 168000
1695304666336 1.0 172000
1695304711451 1.0 176000
1695304751023 1.0 180000
1695304788729 1.0 184000
1695304832536 1.0 188000
1695304872649 1.0 192000
1695304909371 1.0 196000
1695304945230 1.0 200000
1695304982315 1.0 204000
1695305024992 1.0 208000
1695305061224 1.0 212000
1695305097683 1.0 216000
1695305135854 1.0 220000
1695305173071 1.0 224000
1695305208284 1.0 228000
1695305242131 1.0 232000
1695305272979 1.0 236000
1695305303658 1.0 240000
1695305335012 1.0 244000
1695305365418 1.0 248000
1695305395855 1.0 252000
1695305426362 1.0 256000
1695305457104 1.0 260000
1695305487714 1.0 264000
1695305518379 1.0 268000
1695305548780 1.0 272000
1695305579485 1.0 276000
1695305610943 1.0 280000
1695305641270 1.0 284000
1695305672103 1.0 288000
1695305702343 1.0 292000
1695305733758 1.0 296000
1695305763922 1.0 300000
1695305794942 1.0 304000
1695305825348 1.0 308000
1695305856203 1.0 312000
1695305886465 1.0 316000
1695305917091 1.0 320000
1695305947576 1.0 324000
1695305978501 1.0 328000
1695306008658 1.0 332000
1695306039519 1.0 336000
1695306070887 1.0 340000
1695306101792 1.0 344000
1695306132255 1.0 348000
1695306162881 1.0 352000
1695306193371 1.0 356000
1695306224293 1.0 360000
1695306254709 1.0 364000
1695306287129 1.0 368000
1695306318495 1.0 372000
1695306351064 1.0 376000
1695306382522 1.0 380000
1695306417651 1.0 384000
1695306452202 1.0 388000
1695306486457 1.0 392000
1695306519907 1.0 396000
1695306554079 1.0 400000
1695306586084 1.0 404000
1695306620786 1.0 408000
1695306653682 1.0 412000
1695306687374 1.0 416000
1695306720462 1.0 420000
1695306752935 1.0 424000
1695306786088 1.0 428000
1695306823382 1.0 432000
1695306860209 1.0 436000
1695306893556 1.0 440000
1695306927029 1.0 444000
1695306961106 1.0 448000
1695306995324 1.0 452000
1695307028927 1.0 456000
1695307061165 1.0 460000
1695307093379 1.0 464000
1695307128193 1.0 468000
1695307160910 1.0 472000
1695307193743 1.0 476000
1695307226898 1.0 480000
1695307261309 1.0 484000
1695307295779 1.0 488000
1695307328572 1.0 492000
1695307362201 1.0 496000
1695307398536 1.0 500000
1695307433786 1.0 504000
1695307466820 1.0 508000
1695307502316 1.0 512000
1695307540882 1.0 516000
1695307575774 1.0 520000
1695307615196 1.0 524000
1695307652922 1.0 528000
1695307688985 1.0 532000
1695307724759 1.0 536000
1695307759390 1.0 540000
1695307803619 1.0 544000
1695307846217 1.0 548000
1695307880695 1.0 552000
1695307919624 1.0 556000
1695307956792 1.0 560000
1695307994869 1.0 564000
1695308028024 1.0 568000
1695308062895 1.0 572000
1695308098099 1.0 576000
1695308132113 1.0 580000
1695308167224 1.0 584000
1695308204606 1.0 588000
1695308240228 1.0 592000
1695308275269 1.0 596000
1695308317633 1.0 600000
1695308353406 1.0 604000
1695308394750 1.0 608000
1695308433130 1.0 612000
1695308469752 1.0 616000
1695308516185 1.0 620000
1695308552763 1.0 624000
1695308589943 1.0 628000
1695308629728 1.0 632000
1695308665780 1.0 636000
1695308703965 1.0 640000
1695308741036 1.0 644000
1695308776441 1.0 648000
1695308813118 1.0 652000
1695308854513 1.0 656000
1695308889167 1.0 660000
1695308922262 1.0 664000
1695308955636 1.0 668000
1695308990649 1.0 672000
1695309025582 1.0 676000
1695309064276 1.0 680000
1695309102446 1.0 684000
1695309138060 1.0 688000
1695309173176 1.0 692000
1695309207186 1.0 696000
1695309241608 1.0 700000
1695309278115 1.0 704000
1695309314259 1.0 708000
1695309350727 1.0 712000
1695309387576 1.0 716000
1695309422290 1.0 720000
1695309457134 1.0 724000
1695309489525 1.0 728000
1695309522294 1.0 732000
1695309555469 1.0 736000
1695309590328 1.0 740000
1695309624588 1.0 744000
1695309658560 1.0 748000
1695309692350 1.0 752000
1695309730440 1.0 756000
1695309765000 1.0 760000
1695309797489 1.0 764000
1695309829845 1.0 768000
1695309863413 1.0 772000
1695309897319 1.0 776000
1695309932684 1.0 780000
1695309969947 1.0 784000
1695310015836 1.0 788000
1695310052574 1.0 792000
1695310087746 1.0 796000
1695310125650 1.0 800000
1695310160759 1.0 804000
1695310197748 1.0 808000
1695310240339 1.0 812000
1695310277566 1.0 816000
1695310312674 1.0 820000
1695310348313 1.0 824000
1695310386640 1.0 828000
1695310421505 1.0 832000
1695310455168 1.0 836000
1695310494003 1.0 840000
1695310538707 1.0 844000
1695310575936 1.0 848000
1695310616858 1.0 852000
1695310655457 1.0 856000
1695310690321 1.0 860000
1695310724037 1.0 864000
1695310758924 1.0 868000
