1695303109707 0.0 4000
1695303138394 0.0 8000
1695303167529 0.0 12000
1695303196300 0.0 16000
1695303230364 0.0 20000
1695303262693 0.0 24000
1695303295839 0.0 28000
1695303328671 0.0 32000
1695303360561 0.0 36000
1695303392689 0.0 40000
1695303425056 0.0 44000
1695303456244 0.0 48000
1695303487968 0.0 52000
1695303518712 0.0 56000
1695303550424 0.0 60000
1695303581614 0.0 64000
1695303615350 0.0 68000
1695303648086 0.0 72000
1695303680756 0.0 76000
1695303712506 0.0 80000
1695303753705 0.0 84000
1695303786217 0.0 88000
1695303816943 0.0 92000
1695303852641 0.0 96000
1695303897792 0.0 100000
1695303939906 0.0 104000
1695303972629 0.0 108000
1695304013160 0.0 112000
1695304058334 0.0 116000
1695304101541 0.0 120000
1695304142303 0.0 124000
1695304192029 0.0 128000
1695304235720 0.0 132000
1695304278832 0.0 136000
1695304323088 0.0 140000
1695304364695 0.0 144000
1695304406566 0.0 148000
1695304450440 0.0 152000
1695304491911 0.0 156000
1695304533267 0.0 160000
1695304577710 0.0 164000
1695304622861 0.0 168000
1695304666345 0.0 172000
1695304711459 0.0 176000
1695304751032 0.0 180000
1695304788738 0.0 184000
1695304832547 0.0 188000
1695304872658 0.0 192000
1695304909382 0.0 196000
1695304945239 0.0 200000
1695304982324 0.0 204000
1695305025001 0.0 208000
1695305061232 0.0 212000
1695305097692 0.0 216000
1695305135862 0.0 220000
1695305173080 0.0 224000
1695305208292 0.0 228000
1695305242139 0.0 232000
1695305272987 0.0 236000
1695305303667 0.0 240000
1695305335020 0.0 244000
1695305365426 0.0 248000
1695305395862 0.0 252000
1695305426370 0.0 256000
1695305457111 0.0 260000
1695305487722 0.0 264000
1695305518386 0.0 268000
1695305548788 0.0 272000
1695305579492 0.0 276000
1695305610951 0.0 280000
1695305641277 0.0 284000
1695305672110 0.0 288000
1695305702351 0.0 292000
1695305733765 0.0 296000
1695305763932 0.0 300000
1695305794950 0.0 304000
1695305825355 0.0 308000
1695305856210 0.0 312000
1695305886472 0.0 316000
1695305917098 0.0 320000
1695305947583 0.0 324000
1695305978508 0.0 328000
1695306008665 0.0 332000
1695306039527 0.0 336000
1695306070895 0.0 340000
1695306101800 0.0 344000
1695306132263 0.0 348000
1695306162889 0.0 352000
1695306193379 0.0 356000
1695306224301 0.0 360000
1695306254716 0.0 364000
1695306287136 0.0 368000
1695306318502 0.0 372000
1695306351072 0.0 376000
1695306382528 0.0 380000
1695306417659 0.0 384000
1695306452209 0.0 388000
1695306486465 0.0 392000
1695306519914 0.0 396000
1695306554087 0.0 400000
1695306586092 0.0 404000
1695306620795 0.0 408000
1695306653690 0.0 412000
1695306687383 0.0 416000
1695306720470 0.0 420000
1695306752943 0.0 424000
1695306786095 0.0 428000
1695306823391 0.0 432000
1695306860217 0.0 436000
1695306893564 0.0 440000
1695306927038 0.0 444000
1695306961114 0.0 448000
1695306995332 0.0 452000
1695307028935 0.0 456000
1695307061173 0.0 460000
1695307093387 0.0 464000
1695307128201 0.0 468000
1695307160919 0.0 472000
1695307193751 0.0 476000
1695307226906 0.0 480000
1695307261317 0.0 484000
1695307295787 0.0 488000
1695307328580 0.0 492000
1695307362209 0.0 496000
1695307398545 0.0 500000
1695307433795 0.0 504000
1695307466829 0.0 508000
1695307502325 0.0 512000
1695307540891 0.0 516000
1695307575782 0.0 520000
1695307615204 0.0 524000
1695307652930 0.0 528000
1695307688993 0.0 532000
1695307724768 0.0 536000
1695307759397 0.0 540000
1695307803636 0.0 544000
1695307846225 0.0 548000
1695307880704 0.0 552000
1695307919632 0.0 556000
1695307956801 0.0 560000
1695307994877 0.0 564000
1695308028031 0.0 568000
1695308062903 0.0 572000
1695308098107 0.0 576000
1695308132121 0.0 580000
1695308167232 0.0 584000
1695308204616 0.0 588000
1695308240235 0.0 592000
1695308275278 0.0 596000
1695308317642 0.0 600000
1695308353414 0.0 604000
1695308394761 0.0 608000
1695308433138 0.0 612000
1695308469761 0.0 616000
1695308516195 0.0 620000
1695308552773 0.0 624000
1695308589953 0.0 628000
1695308629737 0.0 632000
1695308665789 0.0 636000
1695308703974 0.0 640000
1695308741044 0.0 644000
1695308776449 0.0 648000
1695308813127 0.0 652000
1695308854521 0.0 656000
1695308889175 0.0 660000
1695308922270 0.0 664000
1695308955644 0.0 668000
1695308990658 0.0 672000
1695309025592 0.0 676000
1695309064291 0.0 680000
1695309102455 0.0 684000
1695309138069 0.0 688000
1695309173184 0.0 692000
1695309207195 0.0 696000
1695309241616 0.0 700000
1695309278124 0.0 704000
1695309314268 0.0 708000
1695309350735 0.0 712000
1695309387585 0.0 716000
1695309422298 0.0 720000
1695309457142 0.0 724000
1695309489532 0.0 728000
1695309522302 0.0 732000
1695309555477 0.0 736000
1695309590337 0.0 740000
1695309624596 0.0 744000
1695309658569 0.0 748000
1695309692358 0.0 752000
1695309730450 0.0 756000
1695309765008 0.0 760000
1695309797497 0.0 764000
1695309829853 0.0 768000
1695309863421 0.0 772000
1695309897327 0.0 776000
1695309932692 0.0 780000
1695309969956 0.0 784000
1695310015845 0.0 788000
1695310052583 0.0 792000
1695310087755 0.0 796000
1695310125658 0.0 800000
1695310160766 0.0 804000
1695310197757 0.0 808000
1695310240348 0.0 812000
1695310277574 0.0 816000
1695310312682 0.0 820000
1695310348322 0.0 824000
1695310386648 0.0 828000
1695310421512 0.0 832000
1695310455177 0.0 836000
1695310494011 0.0 840000
1695310538715 0.0 844000
1695310575945 0.0 848000
1695310616869 0.0 852000
1695310655465 0.0 856000
1695310690329 0.0 860000
1695310724045 0.0 864000
1695310758932 0.0 868000
