1695303109697 0.95 4000
1695303138383 0.95 8000
1695303167519 0.95 12000
1695303196289 0.95 16000
1695303230352 0.95 20000
1695303262683 0.95 24000
1695303295829 0.95 28000
1695303328661 0.95 32000
1695303360550 0.95 36000
1695303392680 0.95 40000
1695303425046 0.95 44000
1695303456234 0.95 48000
1695303487958 0.95 52000
1695303518702 0.95 56000
1695303550414 0.95 60000
1695303581604 0.95 64000
1695303615339 0.95 68000
1695303648077 0.95 72000
1695303680747 0.95 76000
1695303712496 0.95 80000
1695303753695 0.95 84000
1695303786207 0.95 88000
1695303816932 0.95 92000
1695303852625 0.95 96000
1695303897773 0.95 100000
1695303939897 0.95 104000
1695303972618 0.95 108000
1695304013148 0.95 112000
1695304058321 0.95 116000
1695304101530 0.95 120000
1695304142291 0.95 124000
1695304192012 0.95 128000
1695304235708 0.95 132000
1695304278819 0.95 136000
1695304323075 0.95 140000
1695304364679 0.95 144000
1695304406551 0.95 148000
1695304450427 0.95 152000
1695304491899 0.95 156000
1695304533255 0.95 160000
1695304577698 0.95 164000
1695304622848 0.95 168000
1695304666333 0.95 172000
1695304711449 0.95 176000
1695304751021 0.95 180000
1695304788727 0.95 184000
1695304832533 0.95 188000
1695304872646 0.95 192000
1695304909367 0.95 196000
1695304945228 0.95 200000
1695304982313 0.95 204000
1695305024989 0.95 208000
1695305061222 0.95 212000
1695305097681 0.95 216000
1695305135852 0.95 220000
1695305173069 0.95 224000
1695305208282 0.95 228000
1695305242130 0.95 232000
1695305272977 0.95 236000
1695305303656 0.95 240000
1695305335011 0.95 244000
1695305365416 0.95 248000
1695305395853 0.95 252000
1695305426360 0.95 256000
1695305457102 0.95 260000
1695305487712 0.95 264000
1695305518377 0.95 268000
1695305548778 0.95 272000
1695305579483 0.95 276000
1695305610941 0.95 280000
1695305641268 0.95 284000
1695305672101 0.95 288000
1695305702341 0.95 292000
1695305733756 0.95 296000
1695305763920 0.95 300000
1695305794940 0.95 304000
1695305825346 0.95 308000
1695305856201 0.95 312000
1695305886464 0.95 316000
1695305917089 0.95 320000
1695305947574 0.95 324000
1695305978500 0.95 328000
1695306008656 0.95 332000
1695306039517 0.95 336000
1695306070886 0.95 340000
1695306101790 0.95 344000
1695306132253 0.95 348000
1695306162880 0.95 352000
1695306193369 0.95 356000
1695306224291 0.95 360000
1695306254707 0.95 364000
1695306287127 0.95 368000
1695306318493 0.95 372000
1695306351062 0.95 376000
1695306382520 0.95 380000
1695306417649 0.95 384000
1695306452200 0.95 388000
1695306486455 0.95 392000
1695306519905 0.95 396000
1695306554077 0.95 400000
1695306586082 0.95 404000
1695306620784 0.95 408000
1695306653681 0.95 412000
1695306687372 0.95 416000
1695306720460 0.95 420000
1695306752933 0.95 424000
1695306786086 0.95 428000
1695306823379 0.95 432000
1695306860207 0.95 436000
1695306893554 0.95 440000
1695306927027 0.95 444000
1695306961104 0.95 448000
1695306995322 0.95 452000
1695307028925 0.95 456000
1695307061163 0.95 460000
1695307093377 0.95 464000
1695307128192 0.95 468000
1695307160908 0.95 472000
1695307193741 0.95 476000
1695307226896 0.95 480000
1695307261307 0.95 484000
1695307295777 0.95 488000
1695307328570 0.95 492000
1695307362199 0.95 496000
1695307398534 0.95 500000
1695307433784 0.95 504000
1695307466818 0.95 508000
1695307502314 0.95 512000
1695307540880 0.95 516000
1695307575772 0.95 520000
1695307615193 0.95 524000
1695307652920 0.95 528000
1695307688983 0.95 532000
1695307724757 0.95 536000
1695307759388 0.95 540000
1695307803616 0.95 544000
1695307846215 0.95 548000
1695307880693 0.95 552000
1695307919622 0.95 556000
1695307956789 0.95 560000
1695307994867 0.95 564000
1695308028022 0.95 568000
1695308062893 0.95 572000
1695308098097 0.95 576000
1695308132111 0.95 580000
1695308167222 0.95 584000
1695308204604 0.95 588000
1695308240226 0.95 592000
1695308275267 0.95 596000
1695308317631 0.95 600000
1695308353404 0.95 604000
1695308394748 0.95 608000
1695308433128 0.95 612000
1695308469749 0.95 616000
1695308516183 0.95 620000
1695308552761 0.95 624000
1695308589941 0.95 628000
1695308629725 0.95 632000
1695308665778 0.95 636000
1695308703962 0.95 640000
1695308741034 0.95 644000
1695308776439 0.95 648000
1695308813116 0.95 652000
1695308854511 0.95 656000
1695308889165 0.95 660000
1695308922260 0.95 664000
1695308955634 0.95 668000
1695308990647 0.95 672000
1695309025580 0.95 676000
1695309064274 0.95 680000
1695309102444 0.95 684000
1695309138058 0.95 688000
1695309173174 0.95 692000
1695309207184 0.95 696000
1695309241606 0.95 700000
1695309278113 0.95 704000
1695309314257 0.95 708000
1695309350725 0.95 712000
1695309387574 0.95 716000
1695309422288 0.95 720000
1695309457132 0.95 724000
1695309489523 0.95 728000
1695309522292 0.95 732000
1695309555467 0.95 736000
1695309590327 0.95 740000
1695309624586 0.95 744000
1695309658558 0.95 748000
1695309692349 0.95 752000
1695309730437 0.95 756000
1695309764998 0.95 760000
1695309797487 0.95 764000
1695309829843 0.95 768000
1695309863411 0.95 772000
1695309897318 0.95 776000
1695309932681 0.95 780000
1695309969945 0.95 784000
1695310015834 0.95 788000
1695310052572 0.95 792000
1695310087745 0.95 796000
1695310125648 0.95 800000
1695310160757 0.95 804000
1695310197746 0.95 808000
1695310240337 0.95 812000
1695310277564 0.95 816000
1695310312672 0.95 820000
1695310348311 0.95 824000
1695310386637 0.95 828000
1695310421503 0.95 832000
1695310455166 0.95 836000
1695310494001 0.95 840000
1695310538705 0.95 844000
1695310575934 0.95 848000
1695310616855 0.95 852000
1695310655455 0.95 856000
1695310690319 0.95 860000
1695310724035 0.95 864000
1695310758923 0.95 868000
