1695303109692 0.0 4000
1695303138379 0.0 8000
1695303167515 0.0 12000
1695303196285 0.0 16000
1695303230347 0.0 20000
1695303262678 0.0 24000
1695303295825 0.0 28000
1695303328657 0.0 32000
1695303360545 0.0 36000
1695303392676 0.0 40000
1695303425042 0.0 44000
1695303456230 0.0 48000
1695303487954 0.0 52000
1695303518697 0.0 56000
1695303550410 0.0 60000
1695303581600 0.0 64000
1695303615335 0.0 68000
1695303648073 0.0 72000
1695303680742 0.0 76000
1695303712492 0.0 80000
1695303753690 0.0 84000
1695303786203 0.0 88000
1695303816928 0.0 92000
1695303852620 0.0 96000
1695303897756 0.0 100000
1695303939893 0.0 104000
1695303972614 0.0 108000
1695304013143 0.0 112000
1695304058315 0.0 116000
1695304101525 0.0 120000
1695304142286 0.0 124000
1695304192006 0.0 128000
1695304235703 0.0 132000
1695304278814 0.0 136000
1695304323070 0.0 140000
1695304364673 0.0 144000
1695304406544 0.0 148000
1695304450421 0.0 152000
1695304491895 0.0 156000
1695304533250 0.0 160000
1695304577693 0.0 164000
1695304622842 0.0 168000
1695304666328 0.0 172000
1695304711445 0.0 176000
1695304751016 0.0 180000
1695304788722 0.0 184000
1695304832526 0.0 188000
1695304872642 0.0 192000
1695304909360 0.0 196000
1695304945223 0.0 200000
1695304982309 0.0 204000
1695305024984 0.0 208000
1695305061217 0.0 212000
1695305097676 0.0 216000
1695305135847 0.0 220000
1695305173065 0.0 224000
1695305208277 0.0 228000
1695305242126 0.0 232000
1695305272973 0.0 236000
1695305303651 0.0 240000
1695305335007 0.0 244000
1695305365412 0.0 248000
1695305395849 0.0 252000
1695305426356 0.0 256000
1695305457098 0.0 260000
1695305487708 0.0 264000
1695305518373 0.0 268000
1695305548774 0.0 272000
1695305579479 0.0 276000
1695305610937 0.0 280000
1695305641264 0.0 284000
1695305672098 0.0 288000
1695305702338 0.0 292000
1695305733752 0.0 296000
1695305763916 0.0 300000
1695305794936 0.0 304000
1695305825342 0.0 308000
1695305856197 0.0 312000
1695305886459 0.0 316000
1695305917085 0.0 320000
1695305947570 0.0 324000
1695305978496 0.0 328000
1695306008652 0.0 332000
1695306039513 0.0 336000
1695306070882 0.0 340000
1695306101786 0.0 344000
1695306132250 0.0 348000
1695306162876 0.0 352000
1695306193365 0.0 356000
1695306224287 0.0 360000
1695306254703 0.0 364000
1695306287123 0.0 368000
1695306318489 0.0 372000
1695306351058 0.0 376000
1695306382516 0.0 380000
1695306417645 0.0 384000
1695306452196 0.0 388000
1695306486450 0.0 392000
1695306519901 0.0 396000
1695306554073 0.0 400000
1695306586078 0.0 404000
1695306620780 0.0 408000
1695306653677 0.0 412000
1695306687367 0.0 416000
1695306720456 0.0 420000
1695306752929 0.0 424000
1695306786082 0.0 428000
1695306823374 0.0 432000
1695306860203 0.0 436000
1695306893550 0.0 440000
1695306927023 0.0 444000
1695306961100 0.0 448000
1695306995318 0.0 452000
1695307028920 0.0 456000
1695307061158 0.0 460000
1695307093373 0.0 464000
1695307128187 0.0 468000
1695307160904 0.0 472000
1695307193737 0.0 476000
1695307226891 0.0 480000
1695307261303 0.0 484000
1695307295773 0.0 488000
1695307328565 0.0 492000
1695307362194 0.0 496000
1695307398530 0.0 500000
1695307433780 0.0 504000
1695307466814 0.0 508000
1695307502310 0.0 512000
1695307540875 0.0 516000
1695307575768 0.0 520000
1695307615189 0.0 524000
1695307652916 0.0 528000
1695307688978 0.0 532000
1695307724753 0.0 536000
1695307759384 0.0 540000
1695307803608 0.0 544000
1695307846211 0.0 548000
1695307880688 0.0 552000
1695307919617 0.0 556000
1695307956785 0.0 560000
1695307994863 0.0 564000
1695308028017 0.0 568000
1695308062889 0.0 572000
1695308098093 0.0 576000
1695308132106 0.0 580000
1695308167217 0.0 584000
1695308204599 0.0 588000
1695308240222 0.0 592000
1695308275262 0.0 596000
1695308317626 0.0 600000
1695308353400 0.0 604000
1695308394741 0.0 608000
1695308433124 0.0 612000
1695308469744 0.0 616000
1695308516178 0.0 620000
1695308552756 0.0 624000
1695308589936 0.0 628000
1695308629721 0.0 632000
1695308665773 0.0 636000
1695308703958 0.0 640000
1695308741030 0.0 644000
1695308776435 0.0 648000
1695308813111 0.0 652000
1695308854507 0.0 656000
1695308889161 0.0 660000
1695308922256 0.0 664000
1695308955629 0.0 668000
1695308990643 0.0 672000
1695309025575 0.0 676000
1695309064270 0.0 680000
1695309102440 0.0 684000
1695309138053 0.0 688000
1695309173169 0.0 692000
1695309207180 0.0 696000
1695309241602 0.0 700000
1695309278109 0.0 704000
1695309314252 0.0 708000
1695309350721 0.0 712000
1695309387569 0.0 716000
1695309422283 0.0 720000
1695309457128 0.0 724000
1695309489519 0.0 728000
1695309522288 0.0 732000
1695309555463 0.0 736000
1695309590322 0.0 740000
1695309624582 0.0 744000
1695309658554 0.0 748000
1695309692345 0.0 752000
1695309730432 0.0 756000
1695309764994 0.0 760000
1695309797484 0.0 764000
1695309829839 0.0 768000
1695309863407 0.0 772000
1695309897313 0.0 776000
1695309932677 0.0 780000
1695309969941 0.0 784000
1695310015830 0.0 788000
1695310052568 0.0 792000
1695310087740 0.0 796000
1695310125643 0.0 800000
1695310160753 0.0 804000
1695310197742 0.0 808000
1695310240332 0.0 812000
1695310277560 0.0 816000
1695310312667 0.0 820000
1695310348306 0.0 824000
1695310386633 0.0 828000
1695310421499 0.0 832000
1695310455162 0.0 836000
1695310493996 0.0 840000
1695310538701 0.0 844000
1695310575929 0.0 848000
1695310616848 0.0 852000
1695310655451 0.0 856000
1695310690315 0.0 860000
1695310724031 0.0 864000
1695310758918 0.0 868000
