1695303109706 0.0 4000
1695303138392 0.0 8000
1695303167527 0.0 12000
1695303196298 0.0 16000
1695303230362 0.0 20000
1695303262691 0.0 24000
1695303295837 0.0 28000
1695303328669 0.0 32000
1695303360559 0.0 36000
1695303392688 0.0 40000
1695303425055 0.0 44000
1695303456242 0.0 48000
1695303487966 0.0 52000
1695303518710 0.0 56000
1695303550422 0.0 60000
1695303581612 0.0 64000
1695303615348 0.0 68000
1695303648085 0.0 72000
1695303680754 0.0 76000
1695303712504 0.0 80000
1695303753703 0.0 84000
1695303786215 0.0 88000
1695303816941 0.0 92000
1695303852638 0.0 96000
1695303897789 0.0 100000
1695303939905 0.0 104000
1695303972627 0.0 108000
1695304013158 0.0 112000
1695304058331 0.0 116000
1695304101539 0.0 120000
1695304142301 0.0 124000
1695304192024 0.0 128000
1695304235718 0.0 132000
1695304278829 0.0 136000
1695304323085 0.0 140000
1695304364692 0.0 144000
1695304406564 0.0 148000
1695304450437 0.0 152000
1695304491908 0.0 156000
1695304533265 0.0 160000
1695304577708 0.0 164000
1695304622859 0.0 168000
1695304666342 0.0 172000
1695304711457 0.0 176000
1695304751030 0.0 180000
1695304788736 0.0 184000
1695304832545 0.0 188000
1695304872656 0.0 192000
1695304909380 0.0 196000
1695304945237 0.0 200000
1695304982322 0.0 204000
1695305024999 0.0 208000
1695305061230 0.0 212000
1695305097690 0.0 216000
1695305135860 0.0 220000
1695305173078 0.0 224000
1695305208290 0.0 228000
1695305242137 0.0 232000
1695305272985 0.0 236000
1695305303665 0.0 240000
1695305335018 0.0 244000
1695305365424 0.0 248000
1695305395861 0.0 252000
1695305426369 0.0 256000
1695305457109 0.0 260000
1695305487720 0.0 264000
1695305518384 0.0 268000
1695305548786 0.0 272000
1695305579490 0.0 276000
1695305610949 0.0 280000
1695305641276 0.0 284000
1695305672108 0.0 288000
1695305702349 0.0 292000
1695305733763 0.0 296000
1695305763929 0.0 300000
1695305794948 0.0 304000
1695305825353 0.0 308000
1695305856208 0.0 312000
1695305886471 0.0 316000
1695305917096 0.0 320000
1695305947581 0.0 324000
1695305978507 0.0 328000
1695306008663 0.0 332000
1695306039525 0.0 336000
1695306070893 0.0 340000
1695306101798 0.0 344000
1695306132261 0.0 348000
1695306162887 0.0 352000
1695306193377 0.0 356000
1695306224299 0.0 360000
1695306254714 0.0 364000
1695306287135 0.0 368000
1695306318501 0.0 372000
1695306351070 0.0 376000
1695306382527 0.0 380000
1695306417657 0.0 384000
1695306452207 0.0 388000
1695306486463 0.0 392000
1695306519913 0.0 396000
1695306554085 0.0 400000
1695306586090 0.0 404000
1695306620792 0.0 408000
1695306653688 0.0 412000
1695306687381 0.0 416000
1695306720468 0.0 420000
1695306752941 0.0 424000
1695306786093 0.0 428000
1695306823389 0.0 432000
1695306860215 0.0 436000
1695306893562 0.0 440000
1695306927036 0.0 444000
1695306961112 0.0 448000
1695306995330 0.0 452000
1695307028933 0.0 456000
1695307061171 0.0 460000
1695307093385 0.0 464000
1695307128200 0.0 468000
1695307160917 0.0 472000
1695307193749 0.0 476000
1695307226904 0.0 480000
1695307261315 0.0 484000
1695307295785 0.0 488000
1695307328578 0.0 492000
1695307362207 0.0 496000
1695307398543 0.0 500000
1695307433792 0.0 504000
1695307466827 0.0 508000
1695307502323 0.0 512000
1695307540889 0.0 516000
1695307575780 0.0 520000
1695307615202 0.0 524000
1695307652928 0.0 528000
1695307688991 0.0 532000
1695307724766 0.0 536000
1695307759396 0.0 540000
1695307803632 0.0 544000
1695307846223 0.0 548000
1695307880701 0.0 552000
1695307919630 0.0 556000
1695307956799 0.0 560000
1695307994875 0.0 564000
1695308028029 0.0 568000
1695308062901 0.0 572000
1695308098105 0.0 576000
1695308132119 0.0 580000
1695308167230 0.0 584000
1695308204614 0.0 588000
1695308240233 0.0 592000
1695308275276 0.0 596000
1695308317640 0.0 600000
1695308353412 0.0 604000
1695308394758 0.0 608000
1695308433136 0.0 612000
1695308469759 0.0 616000
1695308516193 0.0 620000
1695308552770 0.0 624000
1695308589951 0.0 628000
1695308629735 0.0 632000
1695308665787 0.0 636000
1695308703972 0.0 640000
1695308741042 0.0 644000
1695308776447 0.0 648000
1695308813125 0.0 652000
1695308854519 0.0 656000
1695308889173 0.0 660000
1695308922268 0.0 664000
1695308955642 0.0 668000
1695308990656 0.0 672000
1695309025590 0.0 676000
1695309064287 0.0 680000
1695309102453 0.0 684000
1695309138067 0.0 688000
1695309173182 0.0 692000
1695309207193 0.0 696000
1695309241614 0.0 700000
1695309278122 0.0 704000
1695309314266 0.0 708000
1695309350734 0.0 712000
1695309387583 0.0 716000
1695309422296 0.0 720000
1695309457140 0.0 724000
1695309489531 0.0 728000
1695309522300 0.0 732000
1695309555475 0.0 736000
1695309590335 0.0 740000
1695309624595 0.0 744000
1695309658567 0.0 748000
1695309692356 0.0 752000
1695309730447 0.0 756000
1695309765006 0.0 760000
1695309797495 0.0 764000
1695309829851 0.0 768000
1695309863419 0.0 772000
1695309897325 0.0 776000
1695309932690 0.0 780000
1695309969954 0.0 784000
1695310015843 0.0 788000
1695310052581 0.0 792000
1695310087753 0.0 796000
1695310125656 0.0 800000
1695310160764 0.0 804000
1695310197755 0.0 808000
1695310240346 0.0 812000
1695310277572 0.0 816000
1695310312680 0.0 820000
1695310348320 0.0 824000
1695310386646 0.0 828000
1695310421510 0.0 832000
1695310455175 0.0 836000
1695310494009 0.0 840000
1695310538713 0.0 844000
1695310575943 0.0 848000
1695310616867 0.0 852000
1695310655463 0.0 856000
1695310690327 0.0 860000
1695310724043 0.0 864000
1695310758930 0.0 868000
