1695303109717 0.2 4000
1695303138404 0.2 8000
1695303167539 0.2 12000
1695303196310 0.2 16000
1695303230375 0.2 20000
1695303262702 0.2 24000
1695303295848 0.2 28000
1695303328680 0.2 32000
1695303360570 0.2 36000
1695303392700 0.2 40000
1695303425066 0.2 44000
1695303456253 0.2 48000
1695303487978 0.2 52000
1695303518721 0.2 56000
1695303550433 0.2 60000
1695303581623 0.2 64000
1695303615360 0.2 68000
1695303648095 0.2 72000
1695303680766 0.2 76000
1695303712515 0.2 80000
1695303753715 0.2 84000
1695303786226 0.2 88000
1695303816953 0.2 92000
1695303852653 0.2 96000
1695303897808 0.2 100000
1695303939916 0.2 104000
1695303972640 0.2 108000
1695304013172 0.2 112000
1695304058346 0.2 116000
1695304101552 0.2 120000
1695304142314 0.2 124000
1695304192045 0.2 128000
1695304235732 0.2 132000
1695304278844 0.2 136000
1695304323100 0.2 140000
1695304364707 0.2 144000
1695304406580 0.2 148000
1695304450453 0.2 152000
1695304491921 0.2 156000
1695304533279 0.2 160000
1695304577721 0.2 164000
1695304622873 0.2 168000
1695304666356 0.2 172000
1695304711468 0.2 176000
1695304751043 0.2 180000
1695304788748 0.2 184000
1695304832556 0.2 188000
1695304872669 0.2 192000
1695304909392 0.2 196000
1695304945249 0.2 200000
1695304982335 0.2 204000
1695305025013 0.2 208000
1695305061243 0.2 212000
1695305097702 0.2 216000
1695305135873 0.2 220000
1695305173091 0.2 224000
1695305208302 0.2 228000
1695305242148 0.2 232000
1695305272996 0.2 236000
1695305303677 0.2 240000
1695305335029 0.2 244000
1695305365436 0.2 248000
1695305395871 0.2 252000
1695305426380 0.2 256000
1695305457120 0.2 260000
1695305487732 0.2 264000
1695305518395 0.2 268000
1695305548797 0.2 272000
1695305579500 0.2 276000
1695305610960 0.2 280000
1695305641286 0.2 284000
1695305672118 0.2 288000
1695305702360 0.2 292000
1695305733774 0.2 296000
1695305763946 0.2 300000
1695305794958 0.2 304000
1695305825364 0.2 308000
1695305856219 0.2 312000
1695305886481 0.2 316000
1695305917107 0.2 320000
1695305947593 0.2 324000
1695305978517 0.2 328000
1695306008674 0.2 332000
1695306039536 0.2 336000
1695306070904 0.2 340000
1695306101809 0.2 344000
1695306132271 0.2 348000
1695306162897 0.2 352000
1695306193388 0.2 356000
1695306224310 0.2 360000
1695306254725 0.2 364000
1695306287145 0.2 368000
1695306318511 0.2 372000
1695306351081 0.2 376000
1695306382537 0.2 380000
1695306417668 0.2 384000
1695306452219 0.2 388000
1695306486475 0.2 392000
1695306519923 0.2 396000
1695306554097 0.2 400000
1695306586101 0.2 404000
1695306620804 0.2 408000
1695306653699 0.2 412000
1695306687393 0.2 416000
1695306720479 0.2 420000
1695306752952 0.2 424000
1695306786104 0.2 428000
1695306823407 0.2 432000
1695306860227 0.2 436000
1695306893573 0.2 440000
1695306927048 0.2 444000
1695306961123 0.2 448000
1695306995341 0.2 452000
1695307028944 0.2 456000
1695307061183 0.2 460000
1695307093396 0.2 464000
1695307128211 0.2 468000
1695307160929 0.2 472000
1695307193760 0.2 476000
1695307226916 0.2 480000
1695307261327 0.2 484000
1695307295796 0.2 488000
1695307328589 0.2 492000
1695307362219 0.2 496000
1695307398556 0.2 500000
1695307433807 0.2 504000
1695307466840 0.2 508000
1695307502335 0.2 512000
1695307540901 0.2 516000
1695307575791 0.2 520000
1695307615215 0.2 524000
1695307652939 0.2 528000
1695307689003 0.2 532000
1695307724778 0.2 536000
1695307759407 0.2 540000
1695307803650 0.2 544000
1695307846235 0.2 548000
1695307880714 0.2 552000
1695307919642 0.2 556000
1695307956812 0.2 560000
1695307994887 0.2 564000
1695308028041 0.2 568000
1695308062913 0.2 572000
1695308098116 0.2 576000
1695308132131 0.2 580000
1695308167241 0.2 584000
1695308204627 0.2 588000
1695308240245 0.2 592000
1695308275289 0.2 596000
1695308317653 0.2 600000
1695308353424 0.2 604000
1695308394773 0.2 608000
1695308433147 0.2 612000
1695308469772 0.2 616000
1695308516205 0.2 620000
1695308552783 0.2 624000
1695308589964 0.2 628000
1695308629748 0.2 632000
1695308665805 0.2 636000
1695308703985 0.2 640000
1695308741054 0.2 644000
1695308776460 0.2 648000
1695308813139 0.2 652000
1695308854530 0.2 656000
1695308889185 0.2 660000
1695308922279 0.2 664000
1695308955654 0.2 668000
1695308990669 0.2 672000
1695309025603 0.2 676000
1695309064302 0.2 680000
1695309102465 0.2 684000
1695309138079 0.2 688000
1695309173193 0.2 692000
1695309207205 0.2 696000
1695309241625 0.2 700000
1695309278134 0.2 704000
1695309314279 0.2 708000
1695309350745 0.2 712000
1695309387595 0.2 716000
1695309422307 0.2 720000
1695309457151 0.2 724000
1695309489541 0.2 728000
1695309522311 0.2 732000
1695309555486 0.2 736000
1695309590346 0.2 740000
1695309624606 0.2 744000
1695309658578 0.2 748000
1695309692367 0.2 752000
1695309730461 0.2 756000
1695309765017 0.2 760000
1695309797506 0.2 764000
1695309829863 0.2 768000
1695309863431 0.2 772000
1695309897337 0.2 776000
1695309932702 0.2 780000
1695309969966 0.2 784000
1695310015855 0.2 788000
1695310052593 0.2 792000
1695310087765 0.2 796000
1695310125668 0.2 800000
1695310160775 0.2 804000
1695310197768 0.2 808000
1695310240359 0.2 812000
1695310277584 0.2 816000
1695310312692 0.2 820000
1695310348333 0.2 824000
1695310386660 0.2 828000
1695310421521 0.2 832000
1695310455187 0.2 836000
1695310494022 0.2 840000
1695310538724 0.2 844000
1695310575955 0.2 848000
1695310616882 0.2 852000
1695310655474 0.2 856000
1695310690338 0.2 860000
1695310724055 0.2 864000
1695310758942 0.2 868000
