1695303109720 0.01 4000
1695303138408 0.01 8000
1695303167542 0.01 12000
1695303196313 0.01 16000
1695303230379 0.01 20000
1695303262706 0.01 24000
1695303295851 0.01 28000
1695303328683 0.01 32000
1695303360573 0.01 36000
1695303392703 0.01 40000
1695303425069 0.01 44000
1695303456257 0.01 48000
1695303487981 0.01 52000
1695303518724 0.01 56000
1695303550436 0.01 60000
1695303581626 0.01 64000
1695303615363 0.01 68000
1695303648098 0.01 72000
1695303680769 0.01 76000
1695303712518 0.01 80000
1695303753718 0.01 84000
1695303786229 0.01 88000
1695303816956 0.01 92000
1695303852656 0.01 96000
1695303897816 0.01 100000
1695303939919 0.01 104000
1695303972643 0.01 108000
1695304013176 0.01 112000
1695304058350 0.01 116000
1695304101555 0.01 120000
1695304142317 0.01 124000
1695304192050 0.01 128000
1695304235736 0.01 132000
1695304278848 0.01 136000
1695304323104 0.01 140000
1695304364710 0.01 144000
1695304406585 0.01 148000
1695304450456 0.01 152000
1695304491925 0.01 156000
1695304533283 0.01 160000
1695304577725 0.01 164000
1695304622877 0.01 168000
1695304666359 0.01 172000
1695304711470 0.01 176000
1695304751046 0.01 180000
1695304788752 0.01 184000
1695304832559 0.01 188000
1695304872672 0.01 192000
1695304909396 0.01 196000
1695304945252 0.01 200000
1695304982338 0.01 204000
1695305025016 0.01 208000
1695305061246 0.01 212000
1695305097706 0.01 216000
1695305135876 0.01 220000
1695305173094 0.01 224000
1695305208306 0.01 228000
1695305242151 0.01 232000
1695305272998 0.01 236000
1695305303681 0.01 240000
1695305335031 0.01 244000
1695305365439 0.01 248000
1695305395874 0.01 252000
1695305426383 0.01 256000
1695305457122 0.01 260000
1695305487735 0.01 264000
1695305518398 0.01 268000
1695305548800 0.01 272000
1695305579503 0.01 276000
1695305610963 0.01 280000
1695305641289 0.01 284000
1695305672121 0.01 288000
1695305702362 0.01 292000
1695305733777 0.01 296000
1695305763950 0.01 300000
1695305794961 0.01 304000
1695305825367 0.01 308000
1695305856222 0.01 312000
1695305886483 0.01 316000
1695305917110 0.01 320000
1695305947596 0.01 324000
1695305978519 0.01 328000
1695306008677 0.01 332000
1695306039540 0.01 336000
1695306070907 0.01 340000
1695306101812 0.01 344000
1695306132274 0.01 348000
1695306162900 0.01 352000
1695306193391 0.01 356000
1695306224313 0.01 360000
1695306254728 0.01 364000
1695306287148 0.01 368000
1695306318515 0.01 372000
1695306351084 0.01 376000
1695306382540 0.01 380000
1695306417671 0.01 384000
1695306452223 0.01 388000
1695306486478 0.01 392000
1695306519926 0.01 396000
1695306554100 0.01 400000
1695306586104 0.01 404000
1695306620808 0.01 408000
1695306653702 0.01 412000
1695306687397 0.01 416000
1695306720482 0.01 420000
1695306752955 0.01 424000
1695306786107 0.01 428000
1695306823413 0.01 432000
1695306860230 0.01 436000
1695306893576 0.01 440000
1695306927051 0.01 444000
1695306961126 0.01 448000
1695306995344 0.01 452000
1695307028947 0.01 456000
1695307061186 0.01 460000
1695307093399 0.01 464000
1695307128214 0.01 468000
1695307160933 0.01 472000
1695307193763 0.01 476000
1695307226919 0.01 480000
1695307261330 0.01 484000
1695307295799 0.01 488000
1695307328592 0.01 492000
1695307362222 0.01 496000
1695307398559 0.01 500000
1695307433810 0.01 504000
1695307466843 0.01 508000
1695307502339 0.01 512000
1695307540905 0.01 516000
1695307575794 0.01 520000
1695307615219 0.01 524000
1695307652942 0.01 528000
1695307689006 0.01 532000
1695307724781 0.01 536000
1695307759410 0.01 540000
1695307803654 0.01 544000
1695307846238 0.01 548000
1695307880718 0.01 552000
1695307919646 0.01 556000
1695307956816 0.01 560000
1695307994890 0.01 564000
1695308028044 0.01 568000
1695308062916 0.01 572000
1695308098119 0.01 576000
1695308132134 0.01 580000
1695308167244 0.01 584000
1695308204631 0.01 588000
1695308240248 0.01 592000
1695308275293 0.01 596000
1695308317656 0.01 600000
1695308353428 0.01 604000
1695308394778 0.01 608000
1695308433150 0.01 612000
1695308469776 0.01 616000
1695308516208 0.01 620000
1695308552786 0.01 624000
1695308589968 0.01 628000
1695308629751 0.01 632000
1695308665808 0.01 636000
1695308703988 0.01 640000
1695308741057 0.01 644000
1695308776465 0.01 648000
1695308813142 0.01 652000
1695308854533 0.01 656000
1695308889188 0.01 660000
1695308922283 0.01 664000
1695308955657 0.01 668000
1695308990672 0.01 672000
1695309025607 0.01 676000
1695309064306 0.01 680000
1695309102469 0.01 684000
1695309138082 0.01 688000
1695309173197 0.01 692000
1695309207208 0.01 696000
1695309241628 0.01 700000
1695309278137 0.01 704000
1695309314283 0.01 708000
1695309350748 0.01 712000
1695309387598 0.01 716000
1695309422310 0.01 720000
1695309457154 0.01 724000
1695309489544 0.01 728000
1695309522314 0.01 732000
1695309555489 0.01 736000
1695309590349 0.01 740000
1695309624609 0.01 744000
1695309658581 0.01 748000
1695309692371 0.01 752000
1695309730465 0.01 756000
1695309765020 0.01 760000
1695309797509 0.01 764000
1695309829866 0.01 768000
1695309863434 0.01 772000
1695309897340 0.01 776000
1695309932705 0.01 780000
1695309969969 0.01 784000
1695310015858 0.01 788000
1695310052596 0.01 792000
1695310087769 0.01 796000
1695310125671 0.01 800000
1695310160778 0.01 804000
1695310197771 0.01 808000
1695310240362 0.01 812000
1695310277587 0.01 816000
1695310312695 0.01 820000
1695310348336 0.01 824000
1695310386666 0.01 828000
1695310421524 0.01 832000
1695310455190 0.01 836000
1695310494025 0.01 840000
1695310538727 0.01 844000
1695310575958 0.01 848000
1695310616887 0.01 852000
1695310655477 0.01 856000
1695310690341 0.01 860000
1695310724057 0.01 864000
1695310758945 0.01 868000
