1695303109721 1.0 4000
1695303138408 1.0 8000
1695303167543 1.0 12000
1695303196314 1.0 16000
1695303230380 1.0 20000
1695303262707 1.0 24000
1695303295852 1.0 28000
1695303328684 1.0 32000
1695303360574 1.0 36000
1695303392704 1.0 40000
1695303425070 1.0 44000
1695303456257 1.0 48000
1695303487982 1.0 52000
1695303518725 1.0 56000
1695303550437 1.0 60000
1695303581627 1.0 64000
1695303615364 1.0 68000
1695303648099 1.0 72000
1695303680770 1.0 76000
1695303712519 1.0 80000
1695303753719 1.0 84000
1695303786230 1.0 88000
1695303816957 1.0 92000
1695303852657 1.0 96000
1695303897817 1.0 100000
1695303939919 1.0 104000
1695303972644 1.0 108000
1695304013177 1.0 112000
1695304058351 1.0 116000
1695304101556 1.0 120000
1695304142318 1.0 124000
1695304192051 1.0 128000
1695304235737 1.0 132000
1695304278849 1.0 136000
1695304323105 1.0 140000
1695304364711 1.0 144000
1695304406586 1.0 148000
1695304450457 1.0 152000
1695304491926 1.0 156000
1695304533284 1.0 160000
1695304577726 1.0 164000
1695304622878 1.0 168000
1695304666360 1.0 172000
1695304711471 1.0 176000
1695304751047 1.0 180000
1695304788753 1.0 184000
1695304832560 1.0 188000
1695304872673 1.0 192000
1695304909397 1.0 196000
1695304945253 1.0 200000
1695304982339 1.0 204000
1695305025017 1.0 208000
1695305061247 1.0 212000
1695305097707 1.0 216000
1695305135877 1.0 220000
1695305173095 1.0 224000
1695305208307 1.0 228000
1695305242151 1.0 232000
1695305272999 1.0 236000
1695305303681 1.0 240000
1695305335032 1.0 244000
1695305365440 1.0 248000
1695305395875 1.0 252000
1695305426384 1.0 256000
1695305457123 1.0 260000
1695305487735 1.0 264000
1695305518399 1.0 268000
1695305548801 1.0 272000
1695305579504 1.0 276000
1695305610963 1.0 280000
1695305641290 1.0 284000
1695305672122 1.0 288000
1695305702363 1.0 292000
1695305733777 1.0 296000
1695305763951 1.0 300000
1695305794962 1.0 304000
1695305825367 1.0 308000
1695305856223 1.0 312000
1695305886484 1.0 316000
1695305917110 1.0 320000
1695305947596 1.0 324000
1695305978520 1.0 328000
1695306008678 1.0 332000
1695306039540 1.0 336000
1695306070907 1.0 340000
1695306101812 1.0 344000
1695306132275 1.0 348000
1695306162901 1.0 352000
1695306193391 1.0 356000
1695306224313 1.0 360000
1695306254729 1.0 364000
1695306287149 1.0 368000
1695306318515 1.0 372000
1695306351085 1.0 376000
1695306382540 1.0 380000
1695306417672 1.0 384000
1695306452224 1.0 388000
1695306486479 1.0 392000
1695306519927 1.0 396000
1695306554101 1.0 400000
1695306586105 1.0 404000
1695306620808 1.0 408000
1695306653703 1.0 412000
1695306687397 1.0 416000
1695306720483 1.0 420000
1695306752956 1.0 424000
1695306786108 1.0 428000
1695306823415 1.0 432000
1695306860231 1.0 436000
1695306893576 1.0 440000
1695306927052 1.0 444000
1695306961127 1.0 448000
1695306995345 1.0 452000
1695307028948 1.0 456000
1695307061187 1.0 460000
1695307093400 1.0 464000
1695307128215 1.0 468000
1695307160933 1.0 472000
1695307193764 1.0 476000
1695307226920 1.0 480000
1695307261331 1.0 484000
1695307295799 1.0 488000
1695307328593 1.0 492000
1695307362223 1.0 496000
1695307398560 1.0 500000
1695307433810 1.0 504000
1695307466844 1.0 508000
1695307502339 1.0 512000
1695307540906 1.0 516000
1695307575795 1.0 520000
1695307615219 1.0 524000
1695307652943 1.0 528000
1695307689007 1.0 532000
1695307724782 1.0 536000
1695307759410 1.0 540000
1695307803655 1.0 544000
1695307846238 1.0 548000
1695307880718 1.0 552000
1695307919646 1.0 556000
1695307956816 1.0 560000
1695307994891 1.0 564000
1695308028044 1.0 568000
1695308062917 1.0 572000
1695308098120 1.0 576000
1695308132135 1.0 580000
1695308167245 1.0 584000
1695308204632 1.0 588000
1695308240248 1.0 592000
1695308275293 1.0 596000
1695308317658 1.0 600000
1695308353429 1.0 604000
1695308394779 1.0 608000
1695308433151 1.0 612000
1695308469776 1.0 616000
1695308516209 1.0 620000
1695308552787 1.0 624000
1695308589969 1.0 628000
1695308629752 1.0 632000
1695308665809 1.0 636000
1695308703989 1.0 640000
1695308741057 1.0 644000
1695308776467 1.0 648000
1695308813143 1.0 652000
1695308854534 1.0 656000
1695308889188 1.0 660000
1695308922283 1.0 664000
1695308955658 1.0 668000
1695308990673 1.0 672000
1695309025608 1.0 676000
1695309064306 1.0 680000
1695309102469 1.0 684000
1695309138083 1.0 688000
1695309173197 1.0 692000
1695309207209 1.0 696000
1695309241629 1.0 700000
1695309278138 1.0 704000
1695309314284 1.0 708000
1695309350748 1.0 712000
1695309387599 1.0 716000
1695309422311 1.0 720000
1695309457155 1.0 724000
1695309489545 1.0 728000
1695309522315 1.0 732000
1695309555490 1.0 736000
1695309590350 1.0 740000
1695309624610 1.0 744000
1695309658581 1.0 748000
1695309692372 1.0 752000
1695309730466 1.0 756000
1695309765021 1.0 760000
1695309797510 1.0 764000
1695309829867 1.0 768000
1695309863434 1.0 772000
1695309897341 1.0 776000
1695309932706 1.0 780000
1695309969970 1.0 784000
1695310015858 1.0 788000
1695310052597 1.0 792000
1695310087770 1.0 796000
1695310125672 1.0 800000
1695310160779 1.0 804000
1695310197772 1.0 808000
1695310240363 1.0 812000
1695310277588 1.0 816000
1695310312696 1.0 820000
1695310348337 1.0 824000
1695310386668 1.0 828000
1695310421525 1.0 832000
1695310455191 1.0 836000
1695310494026 1.0 840000
1695310538728 1.0 844000
1695310575959 1.0 848000
1695310616888 1.0 852000
1695310655478 1.0 856000
1695310690342 1.0 860000
1695310724058 1.0 864000
1695310758945 1.0 868000
