1695303109708 1.0 4000
1695303138395 1.0 8000
1695303167530 1.0 12000
1695303196300 1.0 16000
1695303230365 1.0 20000
1695303262694 1.0 24000
1695303295839 1.0 28000
1695303328672 1.0 32000
1695303360561 1.0 36000
1695303392690 1.0 40000
1695303425057 1.0 44000
1695303456245 1.0 48000
1695303487969 1.0 52000
1695303518713 1.0 56000
1695303550424 1.0 60000
1695303581615 1.0 64000
1695303615351 1.0 68000
1695303648087 1.0 72000
1695303680757 1.0 76000
1695303712507 1.0 80000
1695303753706 1.0 84000
1695303786217 1.0 88000
1695303816943 1.0 92000
1695303852642 1.0 96000
1695303897793 1.0 100000
1695303939907 1.0 104000
1695303972630 1.0 108000
1695304013161 1.0 112000
1695304058335 1.0 116000
1695304101542 1.0 120000
1695304142304 1.0 124000
1695304192030 1.0 128000
1695304235721 1.0 132000
1695304278833 1.0 136000
1695304323089 1.0 140000
1695304364696 1.0 144000
1695304406568 1.0 148000
1695304450441 1.0 152000
1695304491911 1.0 156000
1695304533268 1.0 160000
1695304577711 1.0 164000
1695304622862 1.0 168000
1695304666345 1.0 172000
1695304711459 1.0 176000
1695304751033 1.0 180000
1695304788739 1.0 184000
1695304832548 1.0 188000
1695304872659 1.0 192000
1695304909383 1.0 196000
1695304945239 1.0 200000
1695304982325 1.0 204000
1695305025002 1.0 208000
1695305061233 1.0 212000
1695305097693 1.0 216000
1695305135863 1.0 220000
1695305173081 1.0 224000
1695305208293 1.0 228000
1695305242139 1.0 232000
1695305272987 1.0 236000
1695305303667 1.0 240000
1695305335021 1.0 244000
1695305365427 1.0 248000
1695305395863 1.0 252000
1695305426371 1.0 256000
1695305457111 1.0 260000
1695305487723 1.0 264000
1695305518387 1.0 268000
1695305548788 1.0 272000
1695305579493 1.0 276000
1695305610951 1.0 280000
1695305641278 1.0 284000
1695305672111 1.0 288000
1695305702351 1.0 292000
1695305733766 1.0 296000
1695305763933 1.0 300000
1695305794950 1.0 304000
1695305825356 1.0 308000
1695305856211 1.0 312000
1695305886473 1.0 316000
1695305917099 1.0 320000
1695305947584 1.0 324000
1695305978509 1.0 328000
1695306008666 1.0 332000
1695306039528 1.0 336000
1695306070896 1.0 340000
1695306101800 1.0 344000
1695306132263 1.0 348000
1695306162889 1.0 352000
1695306193379 1.0 356000
1695306224302 1.0 360000
1695306254717 1.0 364000
1695306287137 1.0 368000
1695306318503 1.0 372000
1695306351073 1.0 376000
1695306382529 1.0 380000
1695306417659 1.0 384000
1695306452210 1.0 388000
1695306486465 1.0 392000
1695306519915 1.0 396000
1695306554088 1.0 400000
1695306586093 1.0 404000
1695306620795 1.0 408000
1695306653691 1.0 412000
1695306687384 1.0 416000
1695306720471 1.0 420000
1695306752944 1.0 424000
1695306786096 1.0 428000
1695306823392 1.0 432000
1695306860218 1.0 436000
1695306893564 1.0 440000
1695306927039 1.0 444000
1695306961115 1.0 448000
1695306995333 1.0 452000
1695307028935 1.0 456000
1695307061174 1.0 460000
1695307093388 1.0 464000
1695307128202 1.0 468000
1695307160920 1.0 472000
1695307193752 1.0 476000
1695307226907 1.0 480000
1695307261318 1.0 484000
1695307295787 1.0 488000
1695307328580 1.0 492000
1695307362210 1.0 496000
1695307398546 1.0 500000
1695307433796 1.0 504000
1695307466830 1.0 508000
1695307502325 1.0 512000
1695307540892 1.0 516000
1695307575783 1.0 520000
1695307615205 1.0 524000
1695307652930 1.0 528000
1695307688994 1.0 532000
1695307724768 1.0 536000
1695307759398 1.0 540000
1695307803637 1.0 544000
1695307846226 1.0 548000
1695307880705 1.0 552000
1695307919633 1.0 556000
1695307956802 1.0 560000
1695307994878 1.0 564000
1695308028032 1.0 568000
1695308062904 1.0 572000
1695308098108 1.0 576000
1695308132122 1.0 580000
1695308167233 1.0 584000
1695308204617 1.0 588000
1695308240236 1.0 592000
1695308275279 1.0 596000
1695308317643 1.0 600000
1695308353415 1.0 604000
1695308394762 1.0 608000
1695308433139 1.0 612000
1695308469762 1.0 616000
1695308516196 1.0 620000
1695308552773 1.0 624000
1695308589954 1.0 628000
1695308629738 1.0 632000
1695308665790 1.0 636000
1695308703975 1.0 640000
1695308741045 1.0 644000
1695308776450 1.0 648000
1695308813128 1.0 652000
1695308854522 1.0 656000
1695308889176 1.0 660000
1695308922271 1.0 664000
1695308955644 1.0 668000
1695308990659 1.0 672000
1695309025593 1.0 676000
1695309064291 1.0 680000
1695309102456 1.0 684000
1695309138070 1.0 688000
1695309173185 1.0 692000
1695309207196 1.0 696000
1695309241617 1.0 700000
1695309278124 1.0 704000
1695309314269 1.0 708000
1695309350736 1.0 712000
1695309387585 1.0 716000
1695309422298 1.0 720000
1695309457143 1.0 724000
1695309489533 1.0 728000
1695309522303 1.0 732000
1695309555478 1.0 736000
1695309590337 1.0 740000
1695309624597 1.0 744000
1695309658569 1.0 748000
1695309692359 1.0 752000
1695309730451 1.0 756000
1695309765008 1.0 760000
1695309797498 1.0 764000
1695309829854 1.0 768000
1695309863422 1.0 772000
1695309897328 1.0 776000
1695309932693 1.0 780000
1695309969957 1.0 784000
1695310015845 1.0 788000
1695310052584 1.0 792000
1695310087756 1.0 796000
1695310125659 1.0 800000
1695310160767 1.0 804000
1695310197758 1.0 808000
1695310240349 1.0 812000
1695310277575 1.0 816000
1695310312683 1.0 820000
1695310348323 1.0 824000
1695310386649 1.0 828000
1695310421513 1.0 832000
1695310455178 1.0 836000
1695310494012 1.0 840000
1695310538716 1.0 844000
1695310575945 1.0 848000
1695310616870 1.0 852000
1695310655466 1.0 856000
1695310690330 1.0 860000
1695310724046 1.0 864000
1695310758933 1.0 868000
