1695303109697 5e-05 4000
1695303138384 5e-05 8000
1695303167519 5e-05 12000
1695303196289 5e-05 16000
1695303230353 5e-05 20000
1695303262683 5e-05 24000
1695303295829 5e-05 28000
1695303328661 5e-05 32000
1695303360550 5e-05 36000
1695303392680 5e-05 40000
1695303425047 5e-05 44000
1695303456234 5e-05 48000
1695303487959 5e-05 52000
1695303518703 5e-05 56000
1695303550414 5e-05 60000
1695303581605 5e-05 64000
1695303615340 5e-05 68000
1695303648077 5e-05 72000
1695303680747 5e-05 76000
1695303712497 5e-05 80000
1695303753695 5e-05 84000
1695303786207 5e-05 88000
1695303816933 5e-05 92000
1695303852626 5e-05 96000
1695303897774 5e-05 100000
1695303939897 5e-05 104000
1695303972619 5e-05 108000
1695304013149 5e-05 112000
1695304058322 5e-05 116000
1695304101530 5e-05 120000
1695304142292 5e-05 124000
1695304192013 5e-05 128000
1695304235709 5e-05 132000
1695304278820 5e-05 136000
1695304323076 5e-05 140000
1695304364680 5e-05 144000
1695304406552 5e-05 148000
1695304450428 5e-05 152000
1695304491900 5e-05 156000
1695304533255 5e-05 160000
1695304577699 5e-05 164000
1695304622848 5e-05 168000
1695304666334 5e-05 172000
1695304711450 5e-05 176000
1695304751021 5e-05 180000
1695304788727 5e-05 184000
1695304832533 5e-05 188000
1695304872647 5e-05 192000
1695304909368 5e-05 196000
1695304945228 5e-05 200000
1695304982314 5e-05 204000
1695305024990 5e-05 208000
1695305061222 5e-05 212000
1695305097681 5e-05 216000
1695305135852 5e-05 220000
1695305173070 5e-05 224000
1695305208282 5e-05 228000
1695305242130 5e-05 232000
1695305272977 5e-05 236000
1695305303656 5e-05 240000
1695305335011 5e-05 244000
1695305365417 5e-05 248000
1695305395853 5e-05 252000
1695305426361 5e-05 256000
1695305457102 5e-05 260000
1695305487712 5e-05 264000
1695305518377 5e-05 268000
1695305548778 5e-05 272000
1695305579483 5e-05 276000
1695305610942 5e-05 280000
1695305641268 5e-05 284000
1695305672102 5e-05 288000
1695305702342 5e-05 292000
1695305733757 5e-05 296000
1695305763920 5e-05 300000
1695305794941 5e-05 304000
1695305825346 5e-05 308000
1695305856201 5e-05 312000
1695305886464 5e-05 316000
1695305917089 5e-05 320000
1695305947574 5e-05 324000
1695305978500 5e-05 328000
1695306008656 5e-05 332000
1695306039518 5e-05 336000
1695306070886 5e-05 340000
1695306101790 5e-05 344000
1695306132254 5e-05 348000
1695306162880 5e-05 352000
1695306193369 5e-05 356000
1695306224292 5e-05 360000
1695306254707 5e-05 364000
1695306287128 5e-05 368000
1695306318493 5e-05 372000
1695306351063 5e-05 376000
1695306382520 5e-05 380000
1695306417649 5e-05 384000
1695306452200 5e-05 388000
1695306486455 5e-05 392000
1695306519906 5e-05 396000
1695306554078 5e-05 400000
1695306586083 5e-05 404000
1695306620785 5e-05 408000
1695306653681 5e-05 412000
1695306687373 5e-05 416000
1695306720460 5e-05 420000
1695306752934 5e-05 424000
1695306786086 5e-05 428000
1695306823380 5e-05 432000
1695306860207 5e-05 436000
1695306893554 5e-05 440000
1695306927028 5e-05 444000
1695306961105 5e-05 448000
1695306995323 5e-05 452000
1695307028925 5e-05 456000
1695307061163 5e-05 460000
1695307093377 5e-05 464000
1695307128192 5e-05 468000
1695307160909 5e-05 472000
1695307193741 5e-05 476000
1695307226896 5e-05 480000
1695307261308 5e-05 484000
1695307295778 5e-05 488000
1695307328570 5e-05 492000
1695307362199 5e-05 496000
1695307398535 5e-05 500000
1695307433784 5e-05 504000
1695307466819 5e-05 508000
1695307502314 5e-05 512000
1695307540880 5e-05 516000
1695307575772 5e-05 520000
1695307615194 5e-05 524000
1695307652920 5e-05 528000
1695307688983 5e-05 532000
1695307724758 5e-05 536000
1695307759388 5e-05 540000
1695307803616 5e-05 544000
1695307846216 5e-05 548000
1695307880693 5e-05 552000
1695307919622 5e-05 556000
1695307956790 5e-05 560000
1695307994868 5e-05 564000
1695308028022 5e-05 568000
1695308062894 5e-05 572000
1695308098098 5e-05 576000
1695308132111 5e-05 580000
1695308167222 5e-05 584000
1695308204604 5e-05 588000
1695308240226 5e-05 592000
1695308275267 5e-05 596000
1695308317631 5e-05 600000
1695308353405 5e-05 604000
1695308394748 5e-05 608000
1695308433128 5e-05 612000
1695308469750 5e-05 616000
1695308516183 5e-05 620000
1695308552762 5e-05 624000
1695308589942 5e-05 628000
1695308629726 5e-05 632000
1695308665778 5e-05 636000
1695308703963 5e-05 640000
1695308741035 5e-05 644000
1695308776440 5e-05 648000
1695308813116 5e-05 652000
1695308854512 5e-05 656000
1695308889165 5e-05 660000
1695308922261 5e-05 664000
1695308955634 5e-05 668000
1695308990648 5e-05 672000
1695309025580 5e-05 676000
1695309064275 5e-05 680000
1695309102445 5e-05 684000
1695309138058 5e-05 688000
1695309173174 5e-05 692000
1695309207185 5e-05 696000
1695309241606 5e-05 700000
1695309278113 5e-05 704000
1695309314257 5e-05 708000
1695309350726 5e-05 712000
1695309387574 5e-05 716000
1695309422288 5e-05 720000
1695309457132 5e-05 724000
1695309489524 5e-05 728000
1695309522293 5e-05 732000
1695309555468 5e-05 736000
1695309590327 5e-05 740000
1695309624587 5e-05 744000
1695309658559 5e-05 748000
1695309692349 5e-05 752000
1695309730438 5e-05 756000
1695309764998 5e-05 760000
1695309797488 5e-05 764000
1695309829843 5e-05 768000
1695309863412 5e-05 772000
1695309897318 5e-05 776000
1695309932682 5e-05 780000
1695309969945 5e-05 784000
1695310015835 5e-05 788000
1695310052573 5e-05 792000
1695310087745 5e-05 796000
1695310125648 5e-05 800000
1695310160757 5e-05 804000
1695310197747 5e-05 808000
1695310240338 5e-05 812000
1695310277565 5e-05 816000
1695310312672 5e-05 820000
1695310348312 5e-05 824000
1695310386638 5e-05 828000
1695310421503 5e-05 832000
1695310455167 5e-05 836000
1695310494001 5e-05 840000
1695310538706 5e-05 844000
1695310575934 5e-05 848000
1695310616856 5e-05 852000
1695310655456 5e-05 856000
1695310690320 5e-05 860000
1695310724036 5e-05 864000
1695310758923 5e-05 868000
