1695303109710 1000.0 4000
1695303138397 1000.0 8000
1695303167532 1000.0 12000
1695303196302 1000.0 16000
1695303230367 1000.0 20000
1695303262696 1000.0 24000
1695303295841 1000.0 28000
1695303328674 1000.0 32000
1695303360563 1000.0 36000
1695303392693 1000.0 40000
1695303425059 1000.0 44000
1695303456246 1000.0 48000
1695303487971 1000.0 52000
1695303518715 1000.0 56000
1695303550426 1000.0 60000
1695303581616 1000.0 64000
1695303615353 1000.0 68000
1695303648089 1000.0 72000
1695303680759 1000.0 76000
1695303712508 1000.0 80000
1695303753708 1000.0 84000
1695303786219 1000.0 88000
1695303816945 1000.0 92000
1695303852644 1000.0 96000
1695303897796 1000.0 100000
1695303939909 1000.0 104000
1695303972632 1000.0 108000
1695304013163 1000.0 112000
1695304058338 1000.0 116000
1695304101544 1000.0 120000
1695304142306 1000.0 124000
1695304192034 1000.0 128000
1695304235724 1000.0 132000
1695304278835 1000.0 136000
1695304323091 1000.0 140000
1695304364698 1000.0 144000
1695304406571 1000.0 148000
1695304450443 1000.0 152000
1695304491914 1000.0 156000
1695304533271 1000.0 160000
1695304577713 1000.0 164000
1695304622865 1000.0 168000
1695304666348 1000.0 172000
1695304711461 1000.0 176000
1695304751035 1000.0 180000
1695304788741 1000.0 184000
1695304832549 1000.0 188000
1695304872661 1000.0 192000
1695304909385 1000.0 196000
1695304945242 1000.0 200000
1695304982327 1000.0 204000
1695305025004 1000.0 208000
1695305061235 1000.0 212000
1695305097695 1000.0 216000
1695305135865 1000.0 220000
1695305173083 1000.0 224000
1695305208295 1000.0 228000
1695305242141 1000.0 232000
1695305272989 1000.0 236000
1695305303669 1000.0 240000
1695305335022 1000.0 244000
1695305365429 1000.0 248000
1695305395865 1000.0 252000
1695305426373 1000.0 256000
1695305457113 1000.0 260000
1695305487725 1000.0 264000
1695305518389 1000.0 268000
1695305548790 1000.0 272000
1695305579494 1000.0 276000
1695305610953 1000.0 280000
1695305641280 1000.0 284000
1695305672112 1000.0 288000
1695305702353 1000.0 292000
1695305733768 1000.0 296000
1695305763936 1000.0 300000
1695305794952 1000.0 304000
1695305825357 1000.0 308000
1695305856213 1000.0 312000
1695305886475 1000.0 316000
1695305917101 1000.0 320000
1695305947586 1000.0 324000
1695305978511 1000.0 328000
1695306008668 1000.0 332000
1695306039530 1000.0 336000
1695306070897 1000.0 340000
1695306101802 1000.0 344000
1695306132265 1000.0 348000
1695306162891 1000.0 352000
1695306193381 1000.0 356000
1695306224303 1000.0 360000
1695306254719 1000.0 364000
1695306287139 1000.0 368000
1695306318505 1000.0 372000
1695306351075 1000.0 376000
1695306382531 1000.0 380000
1695306417661 1000.0 384000
1695306452212 1000.0 388000
1695306486467 1000.0 392000
1695306519917 1000.0 396000
1695306554090 1000.0 400000
1695306586095 1000.0 404000
1695306620797 1000.0 408000
1695306653693 1000.0 412000
1695306687386 1000.0 416000
1695306720473 1000.0 420000
1695306752946 1000.0 424000
1695306786097 1000.0 428000
1695306823394 1000.0 432000
1695306860220 1000.0 436000
1695306893566 1000.0 440000
1695306927041 1000.0 444000
1695306961117 1000.0 448000
1695306995334 1000.0 452000
1695307028937 1000.0 456000
1695307061176 1000.0 460000
1695307093389 1000.0 464000
1695307128204 1000.0 468000
1695307160922 1000.0 472000
1695307193753 1000.0 476000
1695307226909 1000.0 480000
1695307261320 1000.0 484000
1695307295789 1000.0 488000
1695307328582 1000.0 492000
1695307362212 1000.0 496000
1695307398548 1000.0 500000
1695307433798 1000.0 504000
1695307466832 1000.0 508000
1695307502327 1000.0 512000
1695307540894 1000.0 516000
1695307575784 1000.0 520000
1695307615207 1000.0 524000
1695307652932 1000.0 528000
1695307688996 1000.0 532000
1695307724770 1000.0 536000
1695307759400 1000.0 540000
1695307803639 1000.0 544000
1695307846228 1000.0 548000
1695307880707 1000.0 552000
1695307919635 1000.0 556000
1695307956804 1000.0 560000
1695307994880 1000.0 564000
1695308028034 1000.0 568000
1695308062906 1000.0 572000
1695308098110 1000.0 576000
1695308132124 1000.0 580000
1695308167234 1000.0 584000
1695308204619 1000.0 588000
1695308240238 1000.0 592000
1695308275281 1000.0 596000
1695308317645 1000.0 600000
1695308353417 1000.0 604000
1695308394764 1000.0 608000
1695308433140 1000.0 612000
1695308469764 1000.0 616000
1695308516198 1000.0 620000
1695308552775 1000.0 624000
1695308589956 1000.0 628000
1695308629740 1000.0 632000
1695308665792 1000.0 636000
1695308703977 1000.0 640000
1695308741047 1000.0 644000
1695308776452 1000.0 648000
1695308813131 1000.0 652000
1695308854524 1000.0 656000
1695308889178 1000.0 660000
1695308922272 1000.0 664000
1695308955647 1000.0 668000
1695308990661 1000.0 672000
1695309025595 1000.0 676000
1695309064294 1000.0 680000
1695309102458 1000.0 684000
1695309138072 1000.0 688000
1695309173186 1000.0 692000
1695309207198 1000.0 696000
1695309241619 1000.0 700000
1695309278126 1000.0 704000
1695309314271 1000.0 708000
1695309350738 1000.0 712000
1695309387587 1000.0 716000
1695309422300 1000.0 720000
1695309457145 1000.0 724000
1695309489535 1000.0 728000
1695309522305 1000.0 732000
1695309555480 1000.0 736000
1695309590339 1000.0 740000
1695309624599 1000.0 744000
1695309658571 1000.0 748000
1695309692360 1000.0 752000
1695309730453 1000.0 756000
1695309765010 1000.0 760000
1695309797500 1000.0 764000
1695309829856 1000.0 768000
1695309863424 1000.0 772000
1695309897330 1000.0 776000
1695309932695 1000.0 780000
1695309969959 1000.0 784000
1695310015847 1000.0 788000
1695310052586 1000.0 792000
1695310087758 1000.0 796000
1695310125661 1000.0 800000
1695310160769 1000.0 804000
1695310197760 1000.0 808000
1695310240351 1000.0 812000
1695310277577 1000.0 816000
1695310312685 1000.0 820000
1695310348325 1000.0 824000
1695310386651 1000.0 828000
1695310421515 1000.0 832000
1695310455180 1000.0 836000
1695310494014 1000.0 840000
1695310538718 1000.0 844000
1695310575947 1000.0 848000
1695310616873 1000.0 852000
1695310655468 1000.0 856000
1695310690332 1000.0 860000
1695310724048 1000.0 864000
1695310758935 1000.0 868000
