1695303109698 2.0 4000
1695303138385 2.0 8000
1695303167520 2.0 12000
1695303196290 2.0 16000
1695303230354 2.0 20000
1695303262684 2.0 24000
1695303295830 2.0 28000
1695303328662 2.0 32000
1695303360551 2.0 36000
1695303392681 2.0 40000
1695303425048 2.0 44000
1695303456235 2.0 48000
1695303487959 2.0 52000
1695303518703 2.0 56000
1695303550415 2.0 60000
1695303581605 2.0 64000
1695303615341 2.0 68000
1695303648078 2.0 72000
1695303680748 2.0 76000
1695303712497 2.0 80000
1695303753696 2.0 84000
1695303786208 2.0 88000
1695303816934 2.0 92000
1695303852627 2.0 96000
1695303897775 2.0 100000
1695303939898 2.0 104000
1695303972620 2.0 108000
1695304013150 2.0 112000
1695304058323 2.0 116000
1695304101531 2.0 120000
1695304142293 2.0 124000
1695304192014 2.0 128000
1695304235710 2.0 132000
1695304278821 2.0 136000
1695304323077 2.0 140000
1695304364681 2.0 144000
1695304406553 2.0 148000
1695304450429 2.0 152000
1695304491901 2.0 156000
1695304533256 2.0 160000
1695304577700 2.0 164000
1695304622849 2.0 168000
1695304666335 2.0 172000
1695304711450 2.0 176000
1695304751022 2.0 180000
1695304788728 2.0 184000
1695304832535 2.0 188000
1695304872648 2.0 192000
1695304909369 2.0 196000
1695304945229 2.0 200000
1695304982315 2.0 204000
1695305024991 2.0 208000
1695305061223 2.0 212000
1695305097682 2.0 216000
1695305135853 2.0 220000
1695305173070 2.0 224000
1695305208283 2.0 228000
1695305242131 2.0 232000
1695305272978 2.0 236000
1695305303657 2.0 240000
1695305335012 2.0 244000
1695305365418 2.0 248000
1695305395854 2.0 252000
1695305426361 2.0 256000
1695305457103 2.0 260000
1695305487713 2.0 264000
1695305518378 2.0 268000
1695305548779 2.0 272000
1695305579484 2.0 276000
1695305610942 2.0 280000
1695305641269 2.0 284000
1695305672102 2.0 288000
1695305702343 2.0 292000
1695305733757 2.0 296000
1695305763921 2.0 300000
1695305794941 2.0 304000
1695305825347 2.0 308000
1695305856202 2.0 312000
1695305886465 2.0 316000
1695305917090 2.0 320000
1695305947575 2.0 324000
1695305978501 2.0 328000
1695306008657 2.0 332000
1695306039518 2.0 336000
1695306070887 2.0 340000
1695306101791 2.0 344000
1695306132254 2.0 348000
1695306162881 2.0 352000
1695306193370 2.0 356000
1695306224293 2.0 360000
1695306254708 2.0 364000
1695306287128 2.0 368000
1695306318494 2.0 372000
1695306351064 2.0 376000
1695306382521 2.0 380000
1695306417650 2.0 384000
1695306452201 2.0 388000
1695306486456 2.0 392000
1695306519906 2.0 396000
1695306554078 2.0 400000
1695306586083 2.0 404000
1695306620785 2.0 408000
1695306653682 2.0 412000
1695306687373 2.0 416000
1695306720461 2.0 420000
1695306752934 2.0 424000
1695306786087 2.0 428000
1695306823381 2.0 432000
1695306860208 2.0 436000
1695306893555 2.0 440000
1695306927028 2.0 444000
1695306961105 2.0 448000
1695306995323 2.0 452000
1695307028926 2.0 456000
1695307061164 2.0 460000
1695307093378 2.0 464000
1695307128193 2.0 468000
1695307160910 2.0 472000
1695307193742 2.0 476000
1695307226897 2.0 480000
1695307261308 2.0 484000
1695307295778 2.0 488000
1695307328571 2.0 492000
1695307362200 2.0 496000
1695307398536 2.0 500000
1695307433785 2.0 504000
1695307466820 2.0 508000
1695307502315 2.0 512000
1695307540881 2.0 516000
1695307575773 2.0 520000
1695307615195 2.0 524000
1695307652921 2.0 528000
1695307688984 2.0 532000
1695307724758 2.0 536000
1695307759389 2.0 540000
1695307803618 2.0 544000
1695307846216 2.0 548000
1695307880694 2.0 552000
1695307919623 2.0 556000
1695307956791 2.0 560000
1695307994868 2.0 564000
1695308028023 2.0 568000
1695308062894 2.0 572000
1695308098098 2.0 576000
1695308132112 2.0 580000
1695308167223 2.0 584000
1695308204605 2.0 588000
1695308240227 2.0 592000
1695308275268 2.0 596000
1695308317632 2.0 600000
1695308353406 2.0 604000
1695308394749 2.0 608000
1695308433129 2.0 612000
1695308469751 2.0 616000
1695308516184 2.0 620000
1695308552762 2.0 624000
1695308589943 2.0 628000
1695308629727 2.0 632000
1695308665779 2.0 636000
1695308703964 2.0 640000
1695308741035 2.0 644000
1695308776441 2.0 648000
1695308813117 2.0 652000
1695308854512 2.0 656000
1695308889166 2.0 660000
1695308922262 2.0 664000
1695308955635 2.0 668000
1695308990649 2.0 672000
1695309025581 2.0 676000
1695309064276 2.0 680000
1695309102445 2.0 684000
1695309138059 2.0 688000
1695309173175 2.0 692000
1695309207186 2.0 696000
1695309241607 2.0 700000
1695309278114 2.0 704000
1695309314258 2.0 708000
1695309350727 2.0 712000
1695309387575 2.0 716000
1695309422289 2.0 720000
1695309457133 2.0 724000
1695309489524 2.0 728000
1695309522293 2.0 732000
1695309555468 2.0 736000
1695309590328 2.0 740000
1695309624588 2.0 744000
1695309658560 2.0 748000
1695309692350 2.0 752000
1695309730439 2.0 756000
1695309764999 2.0 760000
1695309797488 2.0 764000
1695309829844 2.0 768000
1695309863412 2.0 772000
1695309897319 2.0 776000
1695309932683 2.0 780000
1695309969946 2.0 784000
1695310015835 2.0 788000
1695310052573 2.0 792000
1695310087746 2.0 796000
1695310125649 2.0 800000
1695310160758 2.0 804000
1695310197748 2.0 808000
1695310240338 2.0 812000
1695310277565 2.0 816000
1695310312673 2.0 820000
1695310348312 2.0 824000
1695310386639 2.0 828000
1695310421504 2.0 832000
1695310455167 2.0 836000
1695310494002 2.0 840000
1695310538707 2.0 844000
1695310575935 2.0 848000
1695310616857 2.0 852000
1695310655456 2.0 856000
1695310690320 2.0 860000
1695310724037 2.0 864000
1695310758924 2.0 868000
