1695303109706 60.0 4000
1695303138392 60.0 8000
1695303167528 60.0 12000
1695303196298 60.0 16000
1695303230362 60.0 20000
1695303262691 60.0 24000
1695303295837 60.0 28000
1695303328669 60.0 32000
1695303360559 60.0 36000
1695303392688 60.0 40000
1695303425055 60.0 44000
1695303456242 60.0 48000
1695303487967 60.0 52000
1695303518711 60.0 56000
1695303550422 60.0 60000
1695303581612 60.0 64000
1695303615348 60.0 68000
1695303648085 60.0 72000
1695303680755 60.0 76000
1695303712504 60.0 80000
1695303753703 60.0 84000
1695303786215 60.0 88000
1695303816941 60.0 92000
1695303852639 60.0 96000
1695303897789 60.0 100000
1695303939905 60.0 104000
1695303972627 60.0 108000
1695304013158 60.0 112000
1695304058332 60.0 116000
1695304101539 60.0 120000
1695304142301 60.0 124000
1695304192025 60.0 128000
1695304235718 60.0 132000
1695304278830 60.0 136000
1695304323086 60.0 140000
1695304364693 60.0 144000
1695304406564 60.0 148000
1695304450438 60.0 152000
1695304491909 60.0 156000
1695304533265 60.0 160000
1695304577708 60.0 164000
1695304622859 60.0 168000
1695304666343 60.0 172000
1695304711457 60.0 176000
1695304751030 60.0 180000
1695304788736 60.0 184000
1695304832545 60.0 188000
1695304872656 60.0 192000
1695304909381 60.0 196000
1695304945237 60.0 200000
1695304982323 60.0 204000
1695305024999 60.0 208000
1695305061231 60.0 212000
1695305097690 60.0 216000
1695305135861 60.0 220000
1695305173079 60.0 224000
1695305208291 60.0 228000
1695305242137 60.0 232000
1695305272985 60.0 236000
1695305303665 60.0 240000
1695305335018 60.0 244000
1695305365425 60.0 248000
1695305395861 60.0 252000
1695305426369 60.0 256000
1695305457109 60.0 260000
1695305487720 60.0 264000
1695305518385 60.0 268000
1695305548786 60.0 272000
1695305579491 60.0 276000
1695305610949 60.0 280000
1695305641276 60.0 284000
1695305672109 60.0 288000
1695305702349 60.0 292000
1695305733764 60.0 296000
1695305763929 60.0 300000
1695305794948 60.0 304000
1695305825354 60.0 308000
1695305856209 60.0 312000
1695305886471 60.0 316000
1695305917097 60.0 320000
1695305947582 60.0 324000
1695305978507 60.0 328000
1695306008664 60.0 332000
1695306039526 60.0 336000
1695306070893 60.0 340000
1695306101798 60.0 344000
1695306132261 60.0 348000
1695306162887 60.0 352000
1695306193377 60.0 356000
1695306224299 60.0 360000
1695306254715 60.0 364000
1695306287135 60.0 368000
1695306318501 60.0 372000
1695306351071 60.0 376000
1695306382527 60.0 380000
1695306417657 60.0 384000
1695306452208 60.0 388000
1695306486463 60.0 392000
1695306519913 60.0 396000
1695306554086 60.0 400000
1695306586091 60.0 404000
1695306620793 60.0 408000
1695306653689 60.0 412000
1695306687381 60.0 416000
1695306720469 60.0 420000
1695306752942 60.0 424000
1695306786094 60.0 428000
1695306823389 60.0 432000
1695306860216 60.0 436000
1695306893562 60.0 440000
1695306927036 60.0 444000
1695306961112 60.0 448000
1695306995330 60.0 452000
1695307028933 60.0 456000
1695307061171 60.0 460000
1695307093385 60.0 464000
1695307128200 60.0 468000
1695307160917 60.0 472000
1695307193749 60.0 476000
1695307226904 60.0 480000
1695307261316 60.0 484000
1695307295785 60.0 488000
1695307328578 60.0 492000
1695307362207 60.0 496000
1695307398544 60.0 500000
1695307433793 60.0 504000
1695307466828 60.0 508000
1695307502323 60.0 512000
1695307540889 60.0 516000
1695307575780 60.0 520000
1695307615203 60.0 524000
1695307652928 60.0 528000
1695307688991 60.0 532000
1695307724766 60.0 536000
1695307759396 60.0 540000
1695307803633 60.0 544000
1695307846224 60.0 548000
1695307880702 60.0 552000
1695307919631 60.0 556000
1695307956799 60.0 560000
1695307994876 60.0 564000
1695308028030 60.0 568000
1695308062902 60.0 572000
1695308098106 60.0 576000
1695308132119 60.0 580000
1695308167230 60.0 584000
1695308204614 60.0 588000
1695308240234 60.0 592000
1695308275277 60.0 596000
1695308317640 60.0 600000
1695308353413 60.0 604000
1695308394759 60.0 608000
1695308433136 60.0 612000
1695308469759 60.0 616000
1695308516193 60.0 620000
1695308552771 60.0 624000
1695308589951 60.0 628000
1695308629735 60.0 632000
1695308665787 60.0 636000
1695308703972 60.0 640000
1695308741043 60.0 644000
1695308776448 60.0 648000
1695308813126 60.0 652000
1695308854520 60.0 656000
1695308889174 60.0 660000
1695308922268 60.0 664000
1695308955642 60.0 668000
1695308990657 60.0 672000
1695309025590 60.0 676000
1695309064288 60.0 680000
1695309102453 60.0 684000
1695309138067 60.0 688000
1695309173182 60.0 692000
1695309207193 60.0 696000
1695309241614 60.0 700000
1695309278122 60.0 704000
1695309314266 60.0 708000
1695309350734 60.0 712000
1695309387583 60.0 716000
1695309422296 60.0 720000
1695309457140 60.0 724000
1695309489531 60.0 728000
1695309522300 60.0 732000
1695309555476 60.0 736000
1695309590335 60.0 740000
1695309624595 60.0 744000
1695309658567 60.0 748000
1695309692356 60.0 752000
1695309730448 60.0 756000
1695309765006 60.0 760000
1695309797495 60.0 764000
1695309829852 60.0 768000
1695309863420 60.0 772000
1695309897326 60.0 776000
1695309932690 60.0 780000
1695309969954 60.0 784000
1695310015843 60.0 788000
1695310052581 60.0 792000
1695310087754 60.0 796000
1695310125656 60.0 800000
1695310160765 60.0 804000
1695310197756 60.0 808000
1695310240346 60.0 812000
1695310277573 60.0 816000
1695310312681 60.0 820000
1695310348321 60.0 824000
1695310386647 60.0 828000
1695310421511 60.0 832000
1695310455175 60.0 836000
1695310494010 60.0 840000
1695310538714 60.0 844000
1695310575943 60.0 848000
1695310616867 60.0 852000
1695310655464 60.0 856000
1695310690327 60.0 860000
1695310724043 60.0 864000
1695310758931 60.0 868000
