1695303109706 100.0 4000
1695303138393 100.0 8000
1695303167528 100.0 12000
1695303196298 100.0 16000
1695303230363 100.0 20000
1695303262692 100.0 24000
1695303295837 100.0 28000
1695303328670 100.0 32000
1695303360559 100.0 36000
1695303392688 100.0 40000
1695303425055 100.0 44000
1695303456243 100.0 48000
1695303487967 100.0 52000
1695303518711 100.0 56000
1695303550423 100.0 60000
1695303581613 100.0 64000
1695303615349 100.0 68000
1695303648085 100.0 72000
1695303680755 100.0 76000
1695303712505 100.0 80000
1695303753704 100.0 84000
1695303786216 100.0 88000
1695303816942 100.0 92000
1695303852639 100.0 96000
1695303897790 100.0 100000
1695303939905 100.0 104000
1695303972628 100.0 108000
1695304013159 100.0 112000
1695304058332 100.0 116000
1695304101540 100.0 120000
1695304142301 100.0 124000
1695304192026 100.0 128000
1695304235719 100.0 132000
1695304278830 100.0 136000
1695304323086 100.0 140000
1695304364693 100.0 144000
1695304406565 100.0 148000
1695304450438 100.0 152000
1695304491909 100.0 156000
1695304533266 100.0 160000
1695304577709 100.0 164000
1695304622860 100.0 168000
1695304666343 100.0 172000
1695304711458 100.0 176000
1695304751031 100.0 180000
1695304788737 100.0 184000
1695304832546 100.0 188000
1695304872656 100.0 192000
1695304909381 100.0 196000
1695304945237 100.0 200000
1695304982323 100.0 204000
1695305025000 100.0 208000
1695305061231 100.0 212000
1695305097690 100.0 216000
1695305135861 100.0 220000
1695305173079 100.0 224000
1695305208291 100.0 228000
1695305242138 100.0 232000
1695305272986 100.0 236000
1695305303665 100.0 240000
1695305335019 100.0 244000
1695305365425 100.0 248000
1695305395861 100.0 252000
1695305426369 100.0 256000
1695305457110 100.0 260000
1695305487721 100.0 264000
1695305518385 100.0 268000
1695305548786 100.0 272000
1695305579491 100.0 276000
1695305610950 100.0 280000
1695305641276 100.0 284000
1695305672109 100.0 288000
1695305702350 100.0 292000
1695305733764 100.0 296000
1695305763930 100.0 300000
1695305794948 100.0 304000
1695305825354 100.0 308000
1695305856209 100.0 312000
1695305886471 100.0 316000
1695305917097 100.0 320000
1695305947582 100.0 324000
1695305978507 100.0 328000
1695306008664 100.0 332000
1695306039526 100.0 336000
1695306070894 100.0 340000
1695306101798 100.0 344000
1695306132262 100.0 348000
1695306162888 100.0 352000
1695306193378 100.0 356000
1695306224300 100.0 360000
1695306254715 100.0 364000
1695306287135 100.0 368000
1695306318501 100.0 372000
1695306351071 100.0 376000
1695306382527 100.0 380000
1695306417657 100.0 384000
1695306452208 100.0 388000
1695306486464 100.0 392000
1695306519913 100.0 396000
1695306554086 100.0 400000
1695306586091 100.0 404000
1695306620793 100.0 408000
1695306653689 100.0 412000
1695306687382 100.0 416000
1695306720469 100.0 420000
1695306752942 100.0 424000
1695306786094 100.0 428000
1695306823390 100.0 432000
1695306860216 100.0 436000
1695306893562 100.0 440000
1695306927037 100.0 444000
1695306961113 100.0 448000
1695306995331 100.0 452000
1695307028933 100.0 456000
1695307061172 100.0 460000
1695307093386 100.0 464000
1695307128200 100.0 468000
1695307160918 100.0 472000
1695307193750 100.0 476000
1695307226905 100.0 480000
1695307261316 100.0 484000
1695307295786 100.0 488000
1695307328578 100.0 492000
1695307362208 100.0 496000
1695307398544 100.0 500000
1695307433793 100.0 504000
1695307466828 100.0 508000
1695307502323 100.0 512000
1695307540890 100.0 516000
1695307575781 100.0 520000
1695307615203 100.0 524000
1695307652929 100.0 528000
1695307688992 100.0 532000
1695307724766 100.0 536000
1695307759396 100.0 540000
1695307803633 100.0 544000
1695307846224 100.0 548000
1695307880702 100.0 552000
1695307919631 100.0 556000
1695307956800 100.0 560000
1695307994876 100.0 564000
1695308028030 100.0 568000
1695308062902 100.0 572000
1695308098106 100.0 576000
1695308132120 100.0 580000
1695308167231 100.0 584000
1695308204614 100.0 588000
1695308240234 100.0 592000
1695308275277 100.0 596000
1695308317641 100.0 600000
1695308353413 100.0 604000
1695308394760 100.0 608000
1695308433137 100.0 612000
1695308469760 100.0 616000
1695308516194 100.0 620000
1695308552771 100.0 624000
1695308589952 100.0 628000
1695308629735 100.0 632000
1695308665788 100.0 636000
1695308703973 100.0 640000
1695308741043 100.0 644000
1695308776448 100.0 648000
1695308813126 100.0 652000
1695308854520 100.0 656000
1695308889174 100.0 660000
1695308922269 100.0 664000
1695308955643 100.0 668000
1695308990657 100.0 672000
1695309025590 100.0 676000
1695309064289 100.0 680000
1695309102454 100.0 684000
1695309138068 100.0 688000
1695309173183 100.0 692000
1695309207194 100.0 696000
1695309241615 100.0 700000
1695309278122 100.0 704000
1695309314267 100.0 708000
1695309350734 100.0 712000
1695309387583 100.0 716000
1695309422296 100.0 720000
1695309457141 100.0 724000
1695309489531 100.0 728000
1695309522301 100.0 732000
1695309555476 100.0 736000
1695309590335 100.0 740000
1695309624595 100.0 744000
1695309658567 100.0 748000
1695309692357 100.0 752000
1695309730448 100.0 756000
1695309765007 100.0 760000
1695309797496 100.0 764000
1695309829852 100.0 768000
1695309863420 100.0 772000
1695309897326 100.0 776000
1695309932691 100.0 780000
1695309969955 100.0 784000
1695310015843 100.0 788000
1695310052581 100.0 792000
1695310087754 100.0 796000
1695310125657 100.0 800000
1695310160765 100.0 804000
1695310197756 100.0 808000
1695310240347 100.0 812000
1695310277573 100.0 816000
1695310312681 100.0 820000
1695310348321 100.0 824000
1695310386647 100.0 828000
1695310421511 100.0 832000
1695310455176 100.0 836000
1695310494010 100.0 840000
1695310538714 100.0 844000
1695310575943 100.0 848000
1695310616868 100.0 852000
1695310655464 100.0 856000
1695310690328 100.0 860000
1695310724044 100.0 864000
1695310758931 100.0 868000
