1695303109707 0.0 4000
1695303138393 0.0 8000
1695303167529 0.0 12000
1695303196299 0.0 16000
1695303230363 0.0 20000
1695303262692 0.0 24000
1695303295838 0.0 28000
1695303328670 0.0 32000
1695303360560 0.0 36000
1695303392689 0.0 40000
1695303425056 0.0 44000
1695303456243 0.0 48000
1695303487967 0.0 52000
1695303518711 0.0 56000
1695303550423 0.0 60000
1695303581613 0.0 64000
1695303615349 0.0 68000
1695303648086 0.0 72000
1695303680756 0.0 76000
1695303712505 0.0 80000
1695303753704 0.0 84000
1695303786216 0.0 88000
1695303816942 0.0 92000
1695303852640 0.0 96000
1695303897791 0.0 100000
1695303939906 0.0 104000
1695303972628 0.0 108000
1695304013159 0.0 112000
1695304058333 0.0 116000
1695304101540 0.0 120000
1695304142302 0.0 124000
1695304192027 0.0 128000
1695304235719 0.0 132000
1695304278831 0.0 136000
1695304323087 0.0 140000
1695304364694 0.0 144000
1695304406565 0.0 148000
1695304450439 0.0 152000
1695304491910 0.0 156000
1695304533266 0.0 160000
1695304577709 0.0 164000
1695304622860 0.0 168000
1695304666344 0.0 172000
1695304711458 0.0 176000
1695304751031 0.0 180000
1695304788737 0.0 184000
1695304832546 0.0 188000
1695304872657 0.0 192000
1695304909381 0.0 196000
1695304945238 0.0 200000
1695304982324 0.0 204000
1695305025000 0.0 208000
1695305061232 0.0 212000
1695305097691 0.0 216000
1695305135862 0.0 220000
1695305173079 0.0 224000
1695305208292 0.0 228000
1695305242138 0.0 232000
1695305272986 0.0 236000
1695305303666 0.0 240000
1695305335019 0.0 244000
1695305365426 0.0 248000
1695305395862 0.0 252000
1695305426370 0.0 256000
1695305457110 0.0 260000
1695305487721 0.0 264000
1695305518385 0.0 268000
1695305548787 0.0 272000
1695305579491 0.0 276000
1695305610950 0.0 280000
1695305641277 0.0 284000
1695305672110 0.0 288000
1695305702350 0.0 292000
1695305733765 0.0 296000
1695305763930 0.0 300000
1695305794949 0.0 304000
1695305825354 0.0 308000
1695305856210 0.0 312000
1695305886472 0.0 316000
1695305917097 0.0 320000
1695305947582 0.0 324000
1695305978508 0.0 328000
1695306008664 0.0 332000
1695306039527 0.0 336000
1695306070894 0.0 340000
1695306101799 0.0 344000
1695306132262 0.0 348000
1695306162888 0.0 352000
1695306193378 0.0 356000
1695306224300 0.0 360000
1695306254716 0.0 364000
1695306287136 0.0 368000
1695306318502 0.0 372000
1695306351071 0.0 376000
1695306382528 0.0 380000
1695306417658 0.0 384000
1695306452208 0.0 388000
1695306486464 0.0 392000
1695306519914 0.0 396000
1695306554086 0.0 400000
1695306586091 0.0 404000
1695306620794 0.0 408000
1695306653689 0.0 412000
1695306687382 0.0 416000
1695306720469 0.0 420000
1695306752942 0.0 424000
1695306786094 0.0 428000
1695306823390 0.0 432000
1695306860217 0.0 436000
1695306893563 0.0 440000
1695306927037 0.0 444000
1695306961113 0.0 448000
1695306995331 0.0 452000
1695307028934 0.0 456000
1695307061172 0.0 460000
1695307093386 0.0 464000
1695307128201 0.0 468000
1695307160918 0.0 472000
1695307193750 0.0 476000
1695307226905 0.0 480000
1695307261316 0.0 484000
1695307295786 0.0 488000
1695307328579 0.0 492000
1695307362208 0.0 496000
1695307398544 0.0 500000
1695307433794 0.0 504000
1695307466828 0.0 508000
1695307502324 0.0 512000
1695307540890 0.0 516000
1695307575781 0.0 520000
1695307615203 0.0 524000
1695307652929 0.0 528000
1695307688992 0.0 532000
1695307724767 0.0 536000
1695307759397 0.0 540000
1695307803634 0.0 544000
1695307846224 0.0 548000
1695307880703 0.0 552000
1695307919632 0.0 556000
1695307956800 0.0 560000
1695307994877 0.0 564000
1695308028031 0.0 568000
1695308062903 0.0 572000
1695308098106 0.0 576000
1695308132120 0.0 580000
1695308167231 0.0 584000
1695308204615 0.0 588000
1695308240235 0.0 592000
1695308275278 0.0 596000
1695308317641 0.0 600000
1695308353414 0.0 604000
1695308394760 0.0 608000
1695308433137 0.0 612000
1695308469760 0.0 616000
1695308516194 0.0 620000
1695308552772 0.0 624000
1695308589952 0.0 628000
1695308629736 0.0 632000
1695308665788 0.0 636000
1695308703973 0.0 640000
1695308741044 0.0 644000
1695308776449 0.0 648000
1695308813127 0.0 652000
1695308854520 0.0 656000
1695308889174 0.0 660000
1695308922269 0.0 664000
1695308955643 0.0 668000
1695308990657 0.0 672000
1695309025591 0.0 676000
1695309064290 0.0 680000
1695309102454 0.0 684000
1695309138068 0.0 688000
1695309173183 0.0 692000
1695309207194 0.0 696000
1695309241615 0.0 700000
1695309278123 0.0 704000
1695309314267 0.0 708000
1695309350735 0.0 712000
1695309387584 0.0 716000
1695309422297 0.0 720000
1695309457141 0.0 724000
1695309489532 0.0 728000
1695309522301 0.0 732000
1695309555476 0.0 736000
1695309590336 0.0 740000
1695309624596 0.0 744000
1695309658568 0.0 748000
1695309692357 0.0 752000
1695309730449 0.0 756000
1695309765007 0.0 760000
1695309797496 0.0 764000
1695309829852 0.0 768000
1695309863420 0.0 772000
1695309897327 0.0 776000
1695309932691 0.0 780000
1695309969955 0.0 784000
1695310015844 0.0 788000
1695310052582 0.0 792000
1695310087754 0.0 796000
1695310125657 0.0 800000
1695310160766 0.0 804000
1695310197756 0.0 808000
1695310240347 0.0 812000
1695310277573 0.0 816000
1695310312682 0.0 820000
1695310348322 0.0 824000
1695310386648 0.0 828000
1695310421511 0.0 832000
1695310455176 0.0 836000
1695310494011 0.0 840000
1695310538714 0.0 844000
1695310575944 0.0 848000
1695310616868 0.0 852000
1695310655464 0.0 856000
1695310690328 0.0 860000
1695310724044 0.0 864000
1695310758932 0.0 868000
