1695303109691 1.0 4000
1695303138378 1.0 8000
1695303167513 1.0 12000
1695303196284 1.0 16000
1695303230346 1.0 20000
1695303262677 1.0 24000
1695303295823 1.0 28000
1695303328656 1.0 32000
1695303360544 1.0 36000
1695303392675 1.0 40000
1695303425041 1.0 44000
1695303456229 1.0 48000
1695303487953 1.0 52000
1695303518696 1.0 56000
1695303550409 1.0 60000
1695303581599 1.0 64000
1695303615334 1.0 68000
1695303648072 1.0 72000
1695303680741 1.0 76000
1695303712491 1.0 80000
1695303753689 1.0 84000
1695303786202 1.0 88000
1695303816927 1.0 92000
1695303852619 1.0 96000
1695303897753 1.0 100000
1695303939892 1.0 104000
1695303972613 1.0 108000
1695304013142 1.0 112000
1695304058314 1.0 116000
1695304101523 1.0 120000
1695304142285 1.0 124000
1695304192004 1.0 128000
1695304235702 1.0 132000
1695304278813 1.0 136000
1695304323068 1.0 140000
1695304364671 1.0 144000
1695304406542 1.0 148000
1695304450420 1.0 152000
1695304491893 1.0 156000
1695304533248 1.0 160000
1695304577692 1.0 164000
1695304622841 1.0 168000
1695304666327 1.0 172000
1695304711444 1.0 176000
1695304751015 1.0 180000
1695304788721 1.0 184000
1695304832524 1.0 188000
1695304872640 1.0 192000
1695304909358 1.0 196000
1695304945222 1.0 200000
1695304982307 1.0 204000
1695305024983 1.0 208000
1695305061216 1.0 212000
1695305097674 1.0 216000
1695305135845 1.0 220000
1695305173063 1.0 224000
1695305208276 1.0 228000
1695305242125 1.0 232000
1695305272972 1.0 236000
1695305303650 1.0 240000
1695305335006 1.0 244000
1695305365411 1.0 248000
1695305395848 1.0 252000
1695305426355 1.0 256000
1695305457097 1.0 260000
1695305487707 1.0 264000
1695305518372 1.0 268000
1695305548772 1.0 272000
1695305579478 1.0 276000
1695305610936 1.0 280000
1695305641263 1.0 284000
1695305672097 1.0 288000
1695305702336 1.0 292000
1695305733751 1.0 296000
1695305763915 1.0 300000
1695305794935 1.0 304000
1695305825341 1.0 308000
1695305856196 1.0 312000
1695305886458 1.0 316000
1695305917084 1.0 320000
1695305947569 1.0 324000
1695305978495 1.0 328000
1695306008651 1.0 332000
1695306039512 1.0 336000
1695306070881 1.0 340000
1695306101785 1.0 344000
1695306132249 1.0 348000
1695306162875 1.0 352000
1695306193364 1.0 356000
1695306224286 1.0 360000
1695306254702 1.0 364000
1695306287122 1.0 368000
1695306318488 1.0 372000
1695306351057 1.0 376000
1695306382515 1.0 380000
1695306417643 1.0 384000
1695306452194 1.0 388000
1695306486449 1.0 392000
1695306519900 1.0 396000
1695306554072 1.0 400000
1695306586077 1.0 404000
1695306620779 1.0 408000
1695306653675 1.0 412000
1695306687366 1.0 416000
1695306720455 1.0 420000
1695306752928 1.0 424000
1695306786081 1.0 428000
1695306823373 1.0 432000
1695306860202 1.0 436000
1695306893548 1.0 440000
1695306927021 1.0 444000
1695306961099 1.0 448000
1695306995317 1.0 452000
1695307028919 1.0 456000
1695307061157 1.0 460000
1695307093372 1.0 464000
1695307128186 1.0 468000
1695307160903 1.0 472000
1695307193736 1.0 476000
1695307226890 1.0 480000
1695307261302 1.0 484000
1695307295772 1.0 488000
1695307328564 1.0 492000
1695307362193 1.0 496000
1695307398529 1.0 500000
1695307433779 1.0 504000
1695307466813 1.0 508000
1695307502308 1.0 512000
1695307540874 1.0 516000
1695307575767 1.0 520000
1695307615188 1.0 524000
1695307652915 1.0 528000
1695307688977 1.0 532000
1695307724752 1.0 536000
1695307759383 1.0 540000
1695307803606 1.0 544000
1695307846210 1.0 548000
1695307880687 1.0 552000
1695307919616 1.0 556000
1695307956783 1.0 560000
1695307994862 1.0 564000
1695308028016 1.0 568000
1695308062887 1.0 572000
1695308098092 1.0 576000
1695308132105 1.0 580000
1695308167216 1.0 584000
1695308204598 1.0 588000
1695308240220 1.0 592000
1695308275261 1.0 596000
1695308317625 1.0 600000
1695308353399 1.0 604000
1695308394739 1.0 608000
1695308433123 1.0 612000
1695308469743 1.0 616000
1695308516177 1.0 620000
1695308552755 1.0 624000
1695308589935 1.0 628000
1695308629719 1.0 632000
1695308665771 1.0 636000
1695308703956 1.0 640000
1695308741029 1.0 644000
1695308776434 1.0 648000
1695308813110 1.0 652000
1695308854506 1.0 656000
1695308889160 1.0 660000
1695308922255 1.0 664000
1695308955628 1.0 668000
1695308990641 1.0 672000
1695309025573 1.0 676000
1695309064268 1.0 680000
1695309102438 1.0 684000
1695309138052 1.0 688000
1695309173168 1.0 692000
1695309207178 1.0 696000
1695309241601 1.0 700000
1695309278107 1.0 704000
1695309314251 1.0 708000
1695309350720 1.0 712000
1695309387568 1.0 716000
1695309422282 1.0 720000
1695309457127 1.0 724000
1695309489518 1.0 728000
1695309522287 1.0 732000
1695309555462 1.0 736000
1695309590321 1.0 740000
1695309624581 1.0 744000
1695309658553 1.0 748000
1695309692343 1.0 752000
1695309730430 1.0 756000
1695309764993 1.0 760000
1695309797482 1.0 764000
1695309829838 1.0 768000
1695309863406 1.0 772000
1695309897312 1.0 776000
1695309932676 1.0 780000
1695309969939 1.0 784000
1695310015829 1.0 788000
1695310052566 1.0 792000
1695310087739 1.0 796000
1695310125642 1.0 800000
1695310160752 1.0 804000
1695310197740 1.0 808000
1695310240331 1.0 812000
1695310277559 1.0 816000
1695310312665 1.0 820000
1695310348305 1.0 824000
1695310386631 1.0 828000
1695310421498 1.0 832000
1695310455161 1.0 836000
1695310493995 1.0 840000
1695310538700 1.0 844000
1695310575928 1.0 848000
1695310616847 1.0 852000
1695310655450 1.0 856000
1695310690314 1.0 860000
1695310724030 1.0 864000
1695310758917 1.0 868000
