1695303109711 100.0 4000
1695303138398 100.0 8000
1695303167533 100.0 12000
1695303196304 100.0 16000
1695303230369 100.0 20000
1695303262697 100.0 24000
1695303295842 100.0 28000
1695303328675 100.0 32000
1695303360564 100.0 36000
1695303392694 100.0 40000
1695303425060 100.0 44000
1695303456248 100.0 48000
1695303487972 100.0 52000
1695303518716 100.0 56000
1695303550427 100.0 60000
1695303581618 100.0 64000
1695303615354 100.0 68000
1695303648090 100.0 72000
1695303680760 100.0 76000
1695303712509 100.0 80000
1695303753709 100.0 84000
1695303786220 100.0 88000
1695303816947 100.0 92000
1695303852646 100.0 96000
1695303897798 100.0 100000
1695303939910 100.0 104000
1695303972633 100.0 108000
1695304013164 100.0 112000
1695304058339 100.0 116000
1695304101545 100.0 120000
1695304142307 100.0 124000
1695304192036 100.0 128000
1695304235725 100.0 132000
1695304278837 100.0 136000
1695304323093 100.0 140000
1695304364700 100.0 144000
1695304406572 100.0 148000
1695304450445 100.0 152000
1695304491915 100.0 156000
1695304533272 100.0 160000
1695304577715 100.0 164000
1695304622866 100.0 168000
1695304666349 100.0 172000
1695304711462 100.0 176000
1695304751036 100.0 180000
1695304788742 100.0 184000
1695304832551 100.0 188000
1695304872662 100.0 192000
1695304909386 100.0 196000
1695304945243 100.0 200000
1695304982328 100.0 204000
1695305025006 100.0 208000
1695305061237 100.0 212000
1695305097696 100.0 216000
1695305135867 100.0 220000
1695305173084 100.0 224000
1695305208296 100.0 228000
1695305242142 100.0 232000
1695305272990 100.0 236000
1695305303671 100.0 240000
1695305335023 100.0 244000
1695305365430 100.0 248000
1695305395866 100.0 252000
1695305426374 100.0 256000
1695305457114 100.0 260000
1695305487726 100.0 264000
1695305518390 100.0 268000
1695305548791 100.0 272000
1695305579495 100.0 276000
1695305610954 100.0 280000
1695305641281 100.0 284000
1695305672113 100.0 288000
1695305702354 100.0 292000
1695305733769 100.0 296000
1695305763937 100.0 300000
1695305794953 100.0 304000
1695305825358 100.0 308000
1695305856214 100.0 312000
1695305886476 100.0 316000
1695305917102 100.0 320000
1695305947587 100.0 324000
1695305978512 100.0 328000
1695306008669 100.0 332000
1695306039531 100.0 336000
1695306070898 100.0 340000
1695306101803 100.0 344000
1695306132266 100.0 348000
1695306162892 100.0 352000
1695306193383 100.0 356000
1695306224304 100.0 360000
1695306254720 100.0 364000
1695306287140 100.0 368000
1695306318506 100.0 372000
1695306351076 100.0 376000
1695306382532 100.0 380000
1695306417662 100.0 384000
1695306452213 100.0 388000
1695306486469 100.0 392000
1695306519918 100.0 396000
1695306554091 100.0 400000
1695306586096 100.0 404000
1695306620799 100.0 408000
1695306653694 100.0 412000
1695306687387 100.0 416000
1695306720474 100.0 420000
1695306752947 100.0 424000
1695306786098 100.0 428000
1695306823396 100.0 432000
1695306860221 100.0 436000
1695306893567 100.0 440000
1695306927042 100.0 444000
1695306961118 100.0 448000
1695306995336 100.0 452000
1695307028938 100.0 456000
1695307061177 100.0 460000
1695307093391 100.0 464000
1695307128205 100.0 468000
1695307160923 100.0 472000
1695307193755 100.0 476000
1695307226910 100.0 480000
1695307261321 100.0 484000
1695307295790 100.0 488000
1695307328583 100.0 492000
1695307362213 100.0 496000
1695307398549 100.0 500000
1695307433800 100.0 504000
1695307466833 100.0 508000
1695307502329 100.0 512000
1695307540895 100.0 516000
1695307575786 100.0 520000
1695307615209 100.0 524000
1695307652933 100.0 528000
1695307688997 100.0 532000
1695307724772 100.0 536000
1695307759401 100.0 540000
1695307803641 100.0 544000
1695307846229 100.0 548000
1695307880708 100.0 552000
1695307919636 100.0 556000
1695307956805 100.0 560000
1695307994881 100.0 564000
1695308028035 100.0 568000
1695308062907 100.0 572000
1695308098111 100.0 576000
1695308132125 100.0 580000
1695308167236 100.0 584000
1695308204621 100.0 588000
1695308240239 100.0 592000
1695308275283 100.0 596000
1695308317646 100.0 600000
1695308353418 100.0 604000
1695308394766 100.0 608000
1695308433142 100.0 612000
1695308469765 100.0 616000
1695308516199 100.0 620000
1695308552777 100.0 624000
1695308589957 100.0 628000
1695308629741 100.0 632000
1695308665794 100.0 636000
1695308703978 100.0 640000
1695308741048 100.0 644000
1695308776453 100.0 648000
1695308813132 100.0 652000
1695308854525 100.0 656000
1695308889179 100.0 660000
1695308922274 100.0 664000
1695308955648 100.0 668000
1695308990662 100.0 672000
1695309025597 100.0 676000
1695309064295 100.0 680000
1695309102459 100.0 684000
1695309138073 100.0 688000
1695309173188 100.0 692000
1695309207199 100.0 696000
1695309241620 100.0 700000
1695309278128 100.0 704000
1695309314273 100.0 708000
1695309350739 100.0 712000
1695309387588 100.0 716000
1695309422301 100.0 720000
1695309457146 100.0 724000
1695309489536 100.0 728000
1695309522306 100.0 732000
1695309555481 100.0 736000
1695309590340 100.0 740000
1695309624600 100.0 744000
1695309658572 100.0 748000
1695309692361 100.0 752000
1695309730454 100.0 756000
1695309765011 100.0 760000
1695309797501 100.0 764000
1695309829857 100.0 768000
1695309863425 100.0 772000
1695309897331 100.0 776000
1695309932696 100.0 780000
1695309969960 100.0 784000
1695310015848 100.0 788000
1695310052587 100.0 792000
1695310087759 100.0 796000
1695310125662 100.0 800000
1695310160770 100.0 804000
1695310197762 100.0 808000
1695310240352 100.0 812000
1695310277578 100.0 816000
1695310312686 100.0 820000
1695310348327 100.0 824000
1695310386653 100.0 828000
1695310421516 100.0 832000
1695310455181 100.0 836000
1695310494016 100.0 840000
1695310538719 100.0 844000
1695310575949 100.0 848000
1695310616874 100.0 852000
1695310655469 100.0 856000
1695310690333 100.0 860000
1695310724049 100.0 864000
1695310758936 100.0 868000
