1695303109686 0.0 4000
1695303138373 0.0 8000
1695303167509 0.0 12000
1695303196279 0.0 16000
1695303230341 0.0 20000
1695303262673 0.0 24000
1695303295819 0.0 28000
1695303328652 0.0 32000
1695303360540 0.0 36000
1695303392670 0.0 40000
1695303425037 0.0 44000
1695303456223 0.0 48000
1695303487949 0.0 52000
1695303518692 0.0 56000
1695303550404 0.0 60000
1695303581595 0.0 64000
1695303615329 0.0 68000
1695303648068 0.0 72000
1695303680737 0.0 76000
1695303712487 0.0 80000
1695303753685 0.0 84000
1695303786198 0.0 88000
1695303816923 0.0 92000
1695303852614 0.0 96000
1695303897740 0.0 100000
1695303939888 0.0 104000
1695303972608 0.0 108000
1695304013137 0.0 112000
1695304058308 0.0 116000
1695304101518 0.0 120000
1695304142280 0.0 124000
1695304191998 0.0 128000
1695304235696 0.0 132000
1695304278807 0.0 136000
1695304323063 0.0 140000
1695304364666 0.0 144000
1695304406536 0.0 148000
1695304450414 0.0 152000
1695304491889 0.0 156000
1695304533243 0.0 160000
1695304577687 0.0 164000
1695304622835 0.0 168000
1695304666322 0.0 172000
1695304711440 0.0 176000
1695304751010 0.0 180000
1695304788716 0.0 184000
1695304832519 0.0 188000
1695304872636 0.0 192000
1695304909352 0.0 196000
1695304945218 0.0 200000
1695304982303 0.0 204000
1695305024978 0.0 208000
1695305061210 0.0 212000
1695305097669 0.0 216000
1695305135841 0.0 220000
1695305173059 0.0 224000
1695305208272 0.0 228000
1695305242121 0.0 232000
1695305272968 0.0 236000
1695305303645 0.0 240000
1695305335002 0.0 244000
1695305365407 0.0 248000
1695305395844 0.0 252000
1695305426350 0.0 256000
1695305457093 0.0 260000
1695305487702 0.0 264000
1695305518368 0.0 268000
1695305548768 0.0 272000
1695305579474 0.0 276000
1695305610932 0.0 280000
1695305641259 0.0 284000
1695305672093 0.0 288000
1695305702332 0.0 292000
1695305733747 0.0 296000
1695305763910 0.0 300000
1695305794931 0.0 304000
1695305825337 0.0 308000
1695305856192 0.0 312000
1695305886455 0.0 316000
1695305917080 0.0 320000
1695305947565 0.0 324000
1695305978491 0.0 328000
1695306008647 0.0 332000
1695306039508 0.0 336000
1695306070877 0.0 340000
1695306101781 0.0 344000
1695306132245 0.0 348000
1695306162871 0.0 352000
1695306193360 0.0 356000
1695306224282 0.0 360000
1695306254698 0.0 364000
1695306287118 0.0 368000
1695306318484 0.0 372000
1695306351053 0.0 376000
1695306382511 0.0 380000
1695306417639 0.0 384000
1695306452190 0.0 388000
1695306486445 0.0 392000
1695306519896 0.0 396000
1695306554067 0.0 400000
1695306586073 0.0 404000
1695306620774 0.0 408000
1695306653672 0.0 412000
1695306687362 0.0 416000
1695306720451 0.0 420000
1695306752924 0.0 424000
1695306786077 0.0 428000
1695306823369 0.0 432000
1695306860198 0.0 436000
1695306893544 0.0 440000
1695306927017 0.0 444000
1695306961095 0.0 448000
1695306995313 0.0 452000
1695307028915 0.0 456000
1695307061153 0.0 460000
1695307093367 0.0 464000
1695307128182 0.0 468000
1695307160898 0.0 472000
1695307193732 0.0 476000
1695307226886 0.0 480000
1695307261298 0.0 484000
1695307295768 0.0 488000
1695307328560 0.0 492000
1695307362189 0.0 496000
1695307398524 0.0 500000
1695307433775 0.0 504000
1695307466808 0.0 508000
1695307502304 0.0 512000
1695307540870 0.0 516000
1695307575762 0.0 520000
1695307615183 0.0 524000
1695307652910 0.0 528000
1695307688973 0.0 532000
1695307724747 0.0 536000
1695307759379 0.0 540000
1695307803599 0.0 544000
1695307846206 0.0 548000
1695307880682 0.0 552000
1695307919612 0.0 556000
1695307956778 0.0 560000
1695307994858 0.0 564000
1695308028012 0.0 568000
1695308062883 0.0 572000
1695308098088 0.0 576000
1695308132100 0.0 580000
1695308167212 0.0 584000
1695308204592 0.0 588000
1695308240216 0.0 592000
1695308275256 0.0 596000
1695308317620 0.0 600000
1695308353394 0.0 604000
1695308394733 0.0 608000
1695308433118 0.0 612000
1695308469738 0.0 616000
1695308516172 0.0 620000
1695308552750 0.0 624000
1695308589930 0.0 628000
1695308629714 0.0 632000
1695308665766 0.0 636000
1695308703951 0.0 640000
1695308741025 0.0 644000
1695308776430 0.0 648000
1695308813105 0.0 652000
1695308854502 0.0 656000
1695308889155 0.0 660000
1695308922251 0.0 664000
1695308955624 0.0 668000
1695308990637 0.0 672000
1695309025568 0.0 676000
1695309064264 0.0 680000
1695309102434 0.0 684000
1695309138048 0.0 688000
1695309173164 0.0 692000
1695309207174 0.0 696000
1695309241597 0.0 700000
1695309278103 0.0 704000
1695309314246 0.0 708000
1695309350716 0.0 712000
1695309387564 0.0 716000
1695309422278 0.0 720000
1695309457123 0.0 724000
1695309489514 0.0 728000
1695309522283 0.0 732000
1695309555458 0.0 736000
1695309590317 0.0 740000
1695309624577 0.0 744000
1695309658549 0.0 748000
1695309692340 0.0 752000
1695309730421 0.0 756000
1695309764989 0.0 760000
1695309797479 0.0 764000
1695309829834 0.0 768000
1695309863402 0.0 772000
1695309897308 0.0 776000
1695309932672 0.0 780000
1695309969935 0.0 784000
1695310015825 0.0 788000
1695310052562 0.0 792000
1695310087734 0.0 796000
1695310125638 0.0 800000
1695310160748 0.0 804000
1695310197735 0.0 808000
1695310240326 0.0 812000
1695310277554 0.0 816000
1695310312661 0.0 820000
1695310348300 0.0 824000
1695310386626 0.0 828000
1695310421494 0.0 832000
1695310455156 0.0 836000
1695310493990 0.0 840000
1695310538696 0.0 844000
1695310575924 0.0 848000
1695310616841 0.0 852000
1695310655446 0.0 856000
1695310690310 0.0 860000
1695310724026 0.0 864000
1695310758913 0.0 868000
