1695303109718 30.0 4000
1695303138405 30.0 8000
1695303167540 30.0 12000
1695303196310 30.0 16000
1695303230376 30.0 20000
1695303262703 30.0 24000
1695303295849 30.0 28000
1695303328681 30.0 32000
1695303360571 30.0 36000
1695303392701 30.0 40000
1695303425067 30.0 44000
1695303456254 30.0 48000
1695303487979 30.0 52000
1695303518722 30.0 56000
1695303550434 30.0 60000
1695303581624 30.0 64000
1695303615361 30.0 68000
1695303648096 30.0 72000
1695303680767 30.0 76000
1695303712516 30.0 80000
1695303753716 30.0 84000
1695303786227 30.0 88000
1695303816953 30.0 92000
1695303852654 30.0 96000
1695303897809 30.0 100000
1695303939916 30.0 104000
1695303972640 30.0 108000
1695304013173 30.0 112000
1695304058347 30.0 116000
1695304101552 30.0 120000
1695304142315 30.0 124000
1695304192046 30.0 128000
1695304235733 30.0 132000
1695304278845 30.0 136000
1695304323101 30.0 140000
1695304364708 30.0 144000
1695304406581 30.0 148000
1695304450454 30.0 152000
1695304491922 30.0 156000
1695304533280 30.0 160000
1695304577722 30.0 164000
1695304622874 30.0 168000
1695304666356 30.0 172000
1695304711468 30.0 176000
1695304751043 30.0 180000
1695304788749 30.0 184000
1695304832557 30.0 188000
1695304872670 30.0 192000
1695304909393 30.0 196000
1695304945250 30.0 200000
1695304982336 30.0 204000
1695305025013 30.0 208000
1695305061244 30.0 212000
1695305097703 30.0 216000
1695305135874 30.0 220000
1695305173092 30.0 224000
1695305208303 30.0 228000
1695305242148 30.0 232000
1695305272996 30.0 236000
1695305303678 30.0 240000
1695305335029 30.0 244000
1695305365437 30.0 248000
1695305395872 30.0 252000
1695305426381 30.0 256000
1695305457120 30.0 260000
1695305487732 30.0 264000
1695305518396 30.0 268000
1695305548798 30.0 272000
1695305579501 30.0 276000
1695305610960 30.0 280000
1695305641287 30.0 284000
1695305672119 30.0 288000
1695305702360 30.0 292000
1695305733775 30.0 296000
1695305763947 30.0 300000
1695305794959 30.0 304000
1695305825365 30.0 308000
1695305856220 30.0 312000
1695305886481 30.0 316000
1695305917108 30.0 320000
1695305947594 30.0 324000
1695305978517 30.0 328000
1695306008675 30.0 332000
1695306039537 30.0 336000
1695306070905 30.0 340000
1695306101809 30.0 344000
1695306132272 30.0 348000
1695306162898 30.0 352000
1695306193388 30.0 356000
1695306224310 30.0 360000
1695306254726 30.0 364000
1695306287146 30.0 368000
1695306318512 30.0 372000
1695306351082 30.0 376000
1695306382538 30.0 380000
1695306417669 30.0 384000
1695306452220 30.0 388000
1695306486475 30.0 392000
1695306519924 30.0 396000
1695306554098 30.0 400000
1695306586102 30.0 404000
1695306620805 30.0 408000
1695306653700 30.0 412000
1695306687394 30.0 416000
1695306720480 30.0 420000
1695306752953 30.0 424000
1695306786105 30.0 428000
1695306823408 30.0 432000
1695306860228 30.0 436000
1695306893573 30.0 440000
1695306927049 30.0 444000
1695306961124 30.0 448000
1695306995342 30.0 452000
1695307028945 30.0 456000
1695307061183 30.0 460000
1695307093397 30.0 464000
1695307128212 30.0 468000
1695307160930 30.0 472000
1695307193761 30.0 476000
1695307226916 30.0 480000
1695307261327 30.0 484000
1695307295797 30.0 488000
1695307328590 30.0 492000
1695307362220 30.0 496000
1695307398557 30.0 500000
1695307433807 30.0 504000
1695307466840 30.0 508000
1695307502336 30.0 512000
1695307540902 30.0 516000
1695307575792 30.0 520000
1695307615216 30.0 524000
1695307652940 30.0 528000
1695307689004 30.0 532000
1695307724778 30.0 536000
1695307759407 30.0 540000
1695307803651 30.0 544000
1695307846235 30.0 548000
1695307880715 30.0 552000
1695307919643 30.0 556000
1695307956813 30.0 560000
1695307994888 30.0 564000
1695308028041 30.0 568000
1695308062914 30.0 572000
1695308098117 30.0 576000
1695308132132 30.0 580000
1695308167242 30.0 584000
1695308204628 30.0 588000
1695308240245 30.0 592000
1695308275290 30.0 596000
1695308317653 30.0 600000
1695308353425 30.0 604000
1695308394774 30.0 608000
1695308433148 30.0 612000
1695308469773 30.0 616000
1695308516206 30.0 620000
1695308552784 30.0 624000
1695308589965 30.0 628000
1695308629748 30.0 632000
1695308665806 30.0 636000
1695308703986 30.0 640000
1695308741054 30.0 644000
1695308776462 30.0 648000
1695308813140 30.0 652000
1695308854531 30.0 656000
1695308889186 30.0 660000
1695308922280 30.0 664000
1695308955655 30.0 668000
1695308990670 30.0 672000
1695309025604 30.0 676000
1695309064303 30.0 680000
1695309102466 30.0 684000
1695309138080 30.0 688000
1695309173194 30.0 692000
1695309207206 30.0 696000
1695309241626 30.0 700000
1695309278134 30.0 704000
1695309314280 30.0 708000
1695309350745 30.0 712000
1695309387595 30.0 716000
1695309422308 30.0 720000
1695309457152 30.0 724000
1695309489542 30.0 728000
1695309522312 30.0 732000
1695309555487 30.0 736000
1695309590347 30.0 740000
1695309624607 30.0 744000
1695309658578 30.0 748000
1695309692368 30.0 752000
1695309730462 30.0 756000
1695309765018 30.0 760000
1695309797507 30.0 764000
1695309829864 30.0 768000
1695309863431 30.0 772000
1695309897338 30.0 776000
1695309932703 30.0 780000
1695309969967 30.0 784000
1695310015855 30.0 788000
1695310052594 30.0 792000
1695310087766 30.0 796000
1695310125669 30.0 800000
1695310160776 30.0 804000
1695310197769 30.0 808000
1695310240360 30.0 812000
1695310277585 30.0 816000
1695310312693 30.0 820000
1695310348334 30.0 824000
1695310386662 30.0 828000
1695310421522 30.0 832000
1695310455188 30.0 836000
1695310494023 30.0 840000
1695310538725 30.0 844000
1695310575956 30.0 848000
1695310616883 30.0 852000
1695310655475 30.0 856000
1695310690339 30.0 860000
1695310724055 30.0 864000
1695310758942 30.0 868000
