1695303109688 0.0 4000
1695303138375 0.0 8000
1695303167511 0.0 12000
1695303196281 0.0 16000
1695303230343 0.0 20000
1695303262675 0.0 24000
1695303295821 0.0 28000
1695303328653 0.0 32000
1695303360542 0.0 36000
1695303392672 0.0 40000
1695303425039 0.0 44000
1695303456225 0.0 48000
1695303487950 0.0 52000
1695303518693 0.0 56000
1695303550406 0.0 60000
1695303581597 0.0 64000
1695303615331 0.0 68000
1695303648070 0.0 72000
1695303680739 0.0 76000
1695303712489 0.0 80000
1695303753687 0.0 84000
1695303786199 0.0 88000
1695303816925 0.0 92000
1695303852616 0.0 96000
1695303897746 0.0 100000
1695303939890 0.0 104000
1695303972610 0.0 108000
1695304013139 0.0 112000
1695304058311 0.0 116000
1695304101521 0.0 120000
1695304142282 0.0 124000
1695304192001 0.0 128000
1695304235699 0.0 132000
1695304278810 0.0 136000
1695304323065 0.0 140000
1695304364668 0.0 144000
1695304406539 0.0 148000
1695304450417 0.0 152000
1695304491891 0.0 156000
1695304533245 0.0 160000
1695304577689 0.0 164000
1695304622838 0.0 168000
1695304666324 0.0 172000
1695304711442 0.0 176000
1695304751012 0.0 180000
1695304788718 0.0 184000
1695304832521 0.0 188000
1695304872638 0.0 192000
1695304909355 0.0 196000
1695304945220 0.0 200000
1695304982305 0.0 204000
1695305024980 0.0 208000
1695305061213 0.0 212000
1695305097672 0.0 216000
1695305135843 0.0 220000
1695305173061 0.0 224000
1695305208274 0.0 228000
1695305242123 0.0 232000
1695305272970 0.0 236000
1695305303647 0.0 240000
1695305335003 0.0 244000
1695305365409 0.0 248000
1695305395846 0.0 252000
1695305426352 0.0 256000
1695305457095 0.0 260000
1695305487704 0.0 264000
1695305518370 0.0 268000
1695305548770 0.0 272000
1695305579476 0.0 276000
1695305610934 0.0 280000
1695305641261 0.0 284000
1695305672095 0.0 288000
1695305702334 0.0 292000
1695305733749 0.0 296000
1695305763912 0.0 300000
1695305794933 0.0 304000
1695305825339 0.0 308000
1695305856194 0.0 312000
1695305886456 0.0 316000
1695305917082 0.0 320000
1695305947567 0.0 324000
1695305978493 0.0 328000
1695306008649 0.0 332000
1695306039510 0.0 336000
1695306070879 0.0 340000
1695306101783 0.0 344000
1695306132247 0.0 348000
1695306162873 0.0 352000
1695306193361 0.0 356000
1695306224284 0.0 360000
1695306254700 0.0 364000
1695306287120 0.0 368000
1695306318486 0.0 372000
1695306351055 0.0 376000
1695306382513 0.0 380000
1695306417641 0.0 384000
1695306452192 0.0 388000
1695306486447 0.0 392000
1695306519898 0.0 396000
1695306554069 0.0 400000
1695306586075 0.0 404000
1695306620776 0.0 408000
1695306653673 0.0 412000
1695306687364 0.0 416000
1695306720452 0.0 420000
1695306752926 0.0 424000
1695306786079 0.0 428000
1695306823371 0.0 432000
1695306860199 0.0 436000
1695306893546 0.0 440000
1695306927019 0.0 444000
1695306961097 0.0 448000
1695306995315 0.0 452000
1695307028917 0.0 456000
1695307061155 0.0 460000
1695307093369 0.0 464000
1695307128184 0.0 468000
1695307160900 0.0 472000
1695307193734 0.0 476000
1695307226888 0.0 480000
1695307261299 0.0 484000
1695307295770 0.0 488000
1695307328562 0.0 492000
1695307362191 0.0 496000
1695307398526 0.0 500000
1695307433777 0.0 504000
1695307466810 0.0 508000
1695307502306 0.0 512000
1695307540872 0.0 516000
1695307575764 0.0 520000
1695307615185 0.0 524000
1695307652912 0.0 528000
1695307688975 0.0 532000
1695307724749 0.0 536000
1695307759380 0.0 540000
1695307803602 0.0 544000
1695307846208 0.0 548000
1695307880684 0.0 552000
1695307919614 0.0 556000
1695307956780 0.0 560000
1695307994859 0.0 564000
1695308028014 0.0 568000
1695308062885 0.0 572000
1695308098090 0.0 576000
1695308132102 0.0 580000
1695308167214 0.0 584000
1695308204595 0.0 588000
1695308240218 0.0 592000
1695308275258 0.0 596000
1695308317622 0.0 600000
1695308353396 0.0 604000
1695308394736 0.0 608000
1695308433120 0.0 612000
1695308469740 0.0 616000
1695308516175 0.0 620000
1695308552752 0.0 624000
1695308589932 0.0 628000
1695308629717 0.0 632000
1695308665769 0.0 636000
1695308703953 0.0 640000
1695308741027 0.0 644000
1695308776432 0.0 648000
1695308813107 0.0 652000
1695308854504 0.0 656000
1695308889157 0.0 660000
1695308922253 0.0 664000
1695308955626 0.0 668000
1695308990639 0.0 672000
1695309025571 0.0 676000
1695309064266 0.0 680000
1695309102436 0.0 684000
1695309138050 0.0 688000
1695309173166 0.0 692000
1695309207176 0.0 696000
1695309241599 0.0 700000
1695309278105 0.0 704000
1695309314248 0.0 708000
1695309350718 0.0 712000
1695309387566 0.0 716000
1695309422280 0.0 720000
1695309457125 0.0 724000
1695309489516 0.0 728000
1695309522285 0.0 732000
1695309555460 0.0 736000
1695309590319 0.0 740000
1695309624579 0.0 744000
1695309658551 0.0 748000
1695309692341 0.0 752000
1695309730425 0.0 756000
1695309764991 0.0 760000
1695309797480 0.0 764000
1695309829836 0.0 768000
1695309863404 0.0 772000
1695309897310 0.0 776000
1695309932674 0.0 780000
1695309969937 0.0 784000
1695310015827 0.0 788000
1695310052564 0.0 792000
1695310087736 0.0 796000
1695310125640 0.0 800000
1695310160749 0.0 804000
1695310197738 0.0 808000
1695310240329 0.0 812000
1695310277556 0.0 816000
1695310312663 0.0 820000
1695310348303 0.0 824000
1695310386628 0.0 828000
1695310421496 0.0 832000
1695310455158 0.0 836000
1695310493992 0.0 840000
1695310538698 0.0 844000
1695310575926 0.0 848000
1695310616843 0.0 852000
1695310655448 0.0 856000
1695310690312 0.0 860000
1695310724028 0.0 864000
1695310758915 0.0 868000
