1695303109721 1.0 4000
1695303138409 1.0 8000
1695303167544 1.0 12000
1695303196314 1.0 16000
1695303230381 1.0 20000
1695303262707 1.0 24000
1695303295852 1.0 28000
1695303328685 1.0 32000
1695303360577 1.0 36000
1695303392705 1.0 40000
1695303425070 1.0 44000
1695303456258 1.0 48000
1695303487982 1.0 52000
1695303518726 1.0 56000
1695303550437 1.0 60000
1695303581627 1.0 64000
1695303615365 1.0 68000
1695303648100 1.0 72000
1695303680770 1.0 76000
1695303712519 1.0 80000
1695303753720 1.0 84000
1695303786230 1.0 88000
1695303816957 1.0 92000
1695303852658 1.0 96000
1695303897819 1.0 100000
1695303939920 1.0 104000
1695303972644 1.0 108000
1695304013179 1.0 112000
1695304058352 1.0 116000
1695304101557 1.0 120000
1695304142319 1.0 124000
1695304192052 1.0 128000
1695304235738 1.0 132000
1695304278850 1.0 136000
1695304323105 1.0 140000
1695304364712 1.0 144000
1695304406587 1.0 148000
1695304450458 1.0 152000
1695304491926 1.0 156000
1695304533284 1.0 160000
1695304577727 1.0 164000
1695304622879 1.0 168000
1695304666361 1.0 172000
1695304711472 1.0 176000
1695304751048 1.0 180000
1695304788755 1.0 184000
1695304832561 1.0 188000
1695304872674 1.0 192000
1695304909398 1.0 196000
1695304945254 1.0 200000
1695304982340 1.0 204000
1695305025018 1.0 208000
1695305061248 1.0 212000
1695305097707 1.0 216000
1695305135878 1.0 220000
1695305173096 1.0 224000
1695305208307 1.0 228000
1695305242152 1.0 232000
1695305273000 1.0 236000
1695305303682 1.0 240000
1695305335033 1.0 244000
1695305365440 1.0 248000
1695305395875 1.0 252000
1695305426385 1.0 256000
1695305457124 1.0 260000
1695305487736 1.0 264000
1695305518399 1.0 268000
1695305548801 1.0 272000
1695305579505 1.0 276000
1695305610964 1.0 280000
1695305641290 1.0 284000
1695305672122 1.0 288000
1695305702364 1.0 292000
1695305733778 1.0 296000
1695305763952 1.0 300000
1695305794962 1.0 304000
1695305825368 1.0 308000
1695305856223 1.0 312000
1695305886485 1.0 316000
1695305917111 1.0 320000
1695305947597 1.0 324000
1695305978521 1.0 328000
1695306008678 1.0 332000
1695306039541 1.0 336000
1695306070908 1.0 340000
1695306101813 1.0 344000
1695306132276 1.0 348000
1695306162902 1.0 352000
1695306193392 1.0 356000
1695306224314 1.0 360000
1695306254729 1.0 364000
1695306287149 1.0 368000
1695306318516 1.0 372000
1695306351086 1.0 376000
1695306382541 1.0 380000
1695306417673 1.0 384000
1695306452225 1.0 388000
1695306486479 1.0 392000
1695306519928 1.0 396000
1695306554102 1.0 400000
1695306586106 1.0 404000
1695306620809 1.0 408000
1695306653703 1.0 412000
1695306687398 1.0 416000
1695306720484 1.0 420000
1695306752956 1.0 424000
1695306786108 1.0 428000
1695306823416 1.0 432000
1695306860231 1.0 436000
1695306893577 1.0 440000
1695306927053 1.0 444000
1695306961128 1.0 448000
1695306995346 1.0 452000
1695307028948 1.0 456000
1695307061187 1.0 460000
1695307093401 1.0 464000
1695307128215 1.0 468000
1695307160934 1.0 472000
1695307193765 1.0 476000
1695307226920 1.0 480000
1695307261332 1.0 484000
1695307295800 1.0 488000
1695307328594 1.0 492000
1695307362223 1.0 496000
1695307398561 1.0 500000
1695307433811 1.0 504000
1695307466845 1.0 508000
1695307502340 1.0 512000
1695307540907 1.0 516000
1695307575796 1.0 520000
1695307615220 1.0 524000
1695307652944 1.0 528000
1695307689008 1.0 532000
1695307724782 1.0 536000
1695307759411 1.0 540000
1695307803656 1.0 544000
1695307846239 1.0 548000
1695307880719 1.0 552000
1695307919647 1.0 556000
1695307956817 1.0 560000
1695307994892 1.0 564000
1695308028045 1.0 568000
1695308062918 1.0 572000
1695308098121 1.0 576000
1695308132136 1.0 580000
1695308167246 1.0 584000
1695308204633 1.0 588000
1695308240249 1.0 592000
1695308275294 1.0 596000
1695308317659 1.0 600000
1695308353429 1.0 604000
1695308394780 1.0 608000
1695308433152 1.0 612000
1695308469777 1.0 616000
1695308516210 1.0 620000
1695308552788 1.0 624000
1695308589970 1.0 628000
1695308629753 1.0 632000
1695308665810 1.0 636000
1695308703990 1.0 640000
1695308741058 1.0 644000
1695308776468 1.0 648000
1695308813144 1.0 652000
1695308854534 1.0 656000
1695308889189 1.0 660000
1695308922284 1.0 664000
1695308955658 1.0 668000
1695308990674 1.0 672000
1695309025609 1.0 676000
1695309064307 1.0 680000
1695309102470 1.0 684000
1695309138084 1.0 688000
1695309173198 1.0 692000
1695309207210 1.0 696000
1695309241630 1.0 700000
1695309278138 1.0 704000
1695309314285 1.0 708000
1695309350749 1.0 712000
1695309387599 1.0 716000
1695309422311 1.0 720000
1695309457156 1.0 724000
1695309489545 1.0 728000
1695309522316 1.0 732000
1695309555491 1.0 736000
1695309590351 1.0 740000
1695309624611 1.0 744000
1695309658582 1.0 748000
1695309692372 1.0 752000
1695309730467 1.0 756000
1695309765022 1.0 760000
1695309797510 1.0 764000
1695309829867 1.0 768000
1695309863435 1.0 772000
1695309897342 1.0 776000
1695309932706 1.0 780000
1695309969971 1.0 784000
1695310015859 1.0 788000
1695310052597 1.0 792000
1695310087770 1.0 796000
1695310125673 1.0 800000
1695310160779 1.0 804000
1695310197773 1.0 808000
1695310240364 1.0 812000
1695310277588 1.0 816000
1695310312697 1.0 820000
1695310348338 1.0 824000
1695310386669 1.0 828000
1695310421525 1.0 832000
1695310455191 1.0 836000
1695310494027 1.0 840000
1695310538729 1.0 844000
1695310575960 1.0 848000
1695310616889 1.0 852000
1695310655479 1.0 856000
1695310690343 1.0 860000
1695310724059 1.0 864000
1695310758946 1.0 868000
