1695303109722 10.0 4000
1695303138410 10.0 8000
1695303167544 10.0 12000
1695303196315 10.0 16000
1695303230381 10.0 20000
1695303262708 10.0 24000
1695303295853 10.0 28000
1695303328685 10.0 32000
1695303360577 10.0 36000
1695303392705 10.0 40000
1695303425071 10.0 44000
1695303456259 10.0 48000
1695303487983 10.0 52000
1695303518726 10.0 56000
1695303550438 10.0 60000
1695303581628 10.0 64000
1695303615365 10.0 68000
1695303648100 10.0 72000
1695303680771 10.0 76000
1695303712520 10.0 80000
1695303753720 10.0 84000
1695303786231 10.0 88000
1695303816958 10.0 92000
1695303852659 10.0 96000
1695303897820 10.0 100000
1695303939921 10.0 104000
1695303972645 10.0 108000
1695304013179 10.0 112000
1695304058352 10.0 116000
1695304101557 10.0 120000
1695304142320 10.0 124000
1695304192052 10.0 128000
1695304235739 10.0 132000
1695304278850 10.0 136000
1695304323106 10.0 140000
1695304364713 10.0 144000
1695304406587 10.0 148000
1695304450459 10.0 152000
1695304491927 10.0 156000
1695304533285 10.0 160000
1695304577727 10.0 164000
1695304622880 10.0 168000
1695304666361 10.0 172000
1695304711472 10.0 176000
1695304751048 10.0 180000
1695304788755 10.0 184000
1695304832561 10.0 188000
1695304872675 10.0 192000
1695304909398 10.0 196000
1695304945254 10.0 200000
1695304982340 10.0 204000
1695305025018 10.0 208000
1695305061248 10.0 212000
1695305097708 10.0 216000
1695305135878 10.0 220000
1695305173096 10.0 224000
1695305208308 10.0 228000
1695305242152 10.0 232000
1695305273000 10.0 236000
1695305303683 10.0 240000
1695305335033 10.0 244000
1695305365441 10.0 248000
1695305395876 10.0 252000
1695305426385 10.0 256000
1695305457124 10.0 260000
1695305487736 10.0 264000
1695305518400 10.0 268000
1695305548802 10.0 272000
1695305579505 10.0 276000
1695305610964 10.0 280000
1695305641291 10.0 284000
1695305672123 10.0 288000
1695305702364 10.0 292000
1695305733778 10.0 296000
1695305763952 10.0 300000
1695305794963 10.0 304000
1695305825368 10.0 308000
1695305856224 10.0 312000
1695305886485 10.0 316000
1695305917111 10.0 320000
1695305947597 10.0 324000
1695305978521 10.0 328000
1695306008679 10.0 332000
1695306039541 10.0 336000
1695306070909 10.0 340000
1695306101813 10.0 344000
1695306132276 10.0 348000
1695306162902 10.0 352000
1695306193392 10.0 356000
1695306224314 10.0 360000
1695306254730 10.0 364000
1695306287150 10.0 368000
1695306318516 10.0 372000
1695306351086 10.0 376000
1695306382541 10.0 380000
1695306417673 10.0 384000
1695306452226 10.0 388000
1695306486480 10.0 392000
1695306519928 10.0 396000
1695306554102 10.0 400000
1695306586106 10.0 404000
1695306620809 10.0 408000
1695306653704 10.0 412000
1695306687399 10.0 416000
1695306720484 10.0 420000
1695306752957 10.0 424000
1695306786109 10.0 428000
1695306823417 10.0 432000
1695306860232 10.0 436000
1695306893577 10.0 440000
1695306927053 10.0 444000
1695306961128 10.0 448000
1695306995346 10.0 452000
1695307028949 10.0 456000
1695307061188 10.0 460000
1695307093401 10.0 464000
1695307128216 10.0 468000
1695307160934 10.0 472000
1695307193765 10.0 476000
1695307226921 10.0 480000
1695307261332 10.0 484000
1695307295801 10.0 488000
1695307328594 10.0 492000
1695307362224 10.0 496000
1695307398561 10.0 500000
1695307433811 10.0 504000
1695307466845 10.0 508000
1695307502341 10.0 512000
1695307540907 10.0 516000
1695307575796 10.0 520000
1695307615221 10.0 524000
1695307652944 10.0 528000
1695307689008 10.0 532000
1695307724783 10.0 536000
1695307759412 10.0 540000
1695307803656 10.0 544000
1695307846239 10.0 548000
1695307880720 10.0 552000
1695307919648 10.0 556000
1695307956818 10.0 560000
1695307994892 10.0 564000
1695308028046 10.0 568000
1695308062918 10.0 572000
1695308098121 10.0 576000
1695308132136 10.0 580000
1695308167246 10.0 584000
1695308204633 10.0 588000
1695308240250 10.0 592000
1695308275295 10.0 596000
1695308317659 10.0 600000
1695308353430 10.0 604000
1695308394781 10.0 608000
1695308433152 10.0 612000
1695308469778 10.0 616000
1695308516211 10.0 620000
1695308552788 10.0 624000
1695308589970 10.0 628000
1695308629753 10.0 632000
1695308665811 10.0 636000
1695308703991 10.0 640000
1695308741059 10.0 644000
1695308776469 10.0 648000
1695308813145 10.0 652000
1695308854535 10.0 656000
1695308889190 10.0 660000
1695308922284 10.0 664000
1695308955659 10.0 668000
1695308990674 10.0 672000
1695309025609 10.0 676000
1695309064308 10.0 680000
1695309102471 10.0 684000
1695309138085 10.0 688000
1695309173199 10.0 692000
1695309207210 10.0 696000
1695309241630 10.0 700000
1695309278139 10.0 704000
1695309314285 10.0 708000
1695309350749 10.0 712000
1695309387600 10.0 716000
1695309422312 10.0 720000
1695309457156 10.0 724000
1695309489546 10.0 728000
1695309522316 10.0 732000
1695309555491 10.0 736000
1695309590351 10.0 740000
1695309624611 10.0 744000
1695309658582 10.0 748000
1695309692373 10.0 752000
1695309730467 10.0 756000
1695309765022 10.0 760000
1695309797511 10.0 764000
1695309829868 10.0 768000
1695309863435 10.0 772000
1695309897342 10.0 776000
1695309932707 10.0 780000
1695309969971 10.0 784000
1695310015859 10.0 788000
1695310052598 10.0 792000
1695310087771 10.0 796000
1695310125673 10.0 800000
1695310160780 10.0 804000
1695310197773 10.0 808000
1695310240365 10.0 812000
1695310277589 10.0 816000
1695310312697 10.0 820000
1695310348338 10.0 824000
1695310386670 10.0 828000
1695310421526 10.0 832000
1695310455192 10.0 836000
1695310494027 10.0 840000
1695310538729 10.0 844000
1695310575960 10.0 848000
1695310616890 10.0 852000
1695310655480 10.0 856000
1695310690343 10.0 860000
1695310724059 10.0 864000
1695310758947 10.0 868000
