1695303109687 1.0 4000
1695303138374 1.0 8000
1695303167509 1.0 12000
1695303196280 1.0 16000
1695303230341 1.0 20000
1695303262673 1.0 24000
1695303295820 1.0 28000
1695303328652 1.0 32000
1695303360540 1.0 36000
1695303392671 1.0 40000
1695303425037 1.0 44000
1695303456224 1.0 48000
1695303487949 1.0 52000
1695303518692 1.0 56000
1695303550405 1.0 60000
1695303581595 1.0 64000
1695303615330 1.0 68000
1695303648068 1.0 72000
1695303680737 1.0 76000
1695303712487 1.0 80000
1695303753685 1.0 84000
1695303786198 1.0 88000
1695303816923 1.0 92000
1695303852614 1.0 96000
1695303897741 1.0 100000
1695303939889 1.0 104000
1695303972609 1.0 108000
1695304013137 1.0 112000
1695304058309 1.0 116000
1695304101519 1.0 120000
1695304142280 1.0 124000
1695304191999 1.0 128000
1695304235697 1.0 132000
1695304278808 1.0 136000
1695304323063 1.0 140000
1695304364666 1.0 144000
1695304406536 1.0 148000
1695304450415 1.0 152000
1695304491889 1.0 156000
1695304533243 1.0 160000
1695304577687 1.0 164000
1695304622836 1.0 168000
1695304666323 1.0 172000
1695304711441 1.0 176000
1695304751010 1.0 180000
1695304788717 1.0 184000
1695304832520 1.0 188000
1695304872636 1.0 192000
1695304909353 1.0 196000
1695304945218 1.0 200000
1695304982303 1.0 204000
1695305024978 1.0 208000
1695305061212 1.0 212000
1695305097670 1.0 216000
1695305135841 1.0 220000
1695305173059 1.0 224000
1695305208272 1.0 228000
1695305242121 1.0 232000
1695305272969 1.0 236000
1695305303645 1.0 240000
1695305335002 1.0 244000
1695305365407 1.0 248000
1695305395844 1.0 252000
1695305426351 1.0 256000
1695305457094 1.0 260000
1695305487703 1.0 264000
1695305518369 1.0 268000
1695305548768 1.0 272000
1695305579475 1.0 276000
1695305610933 1.0 280000
1695305641259 1.0 284000
1695305672093 1.0 288000
1695305702333 1.0 292000
1695305733748 1.0 296000
1695305763910 1.0 300000
1695305794932 1.0 304000
1695305825337 1.0 308000
1695305856193 1.0 312000
1695305886455 1.0 316000
1695305917081 1.0 320000
1695305947565 1.0 324000
1695305978492 1.0 328000
1695306008647 1.0 332000
1695306039508 1.0 336000
1695306070877 1.0 340000
1695306101781 1.0 344000
1695306132245 1.0 348000
1695306162871 1.0 352000
1695306193360 1.0 356000
1695306224283 1.0 360000
1695306254699 1.0 364000
1695306287118 1.0 368000
1695306318484 1.0 372000
1695306351054 1.0 376000
1695306382512 1.0 380000
1695306417640 1.0 384000
1695306452191 1.0 388000
1695306486445 1.0 392000
1695306519897 1.0 396000
1695306554068 1.0 400000
1695306586073 1.0 404000
1695306620774 1.0 408000
1695306653672 1.0 412000
1695306687362 1.0 416000
1695306720451 1.0 420000
1695306752925 1.0 424000
1695306786077 1.0 428000
1695306823369 1.0 432000
1695306860198 1.0 436000
1695306893545 1.0 440000
1695306927017 1.0 444000
1695306961095 1.0 448000
1695306995313 1.0 452000
1695307028915 1.0 456000
1695307061153 1.0 460000
1695307093368 1.0 464000
1695307128182 1.0 468000
1695307160899 1.0 472000
1695307193732 1.0 476000
1695307226886 1.0 480000
1695307261298 1.0 484000
1695307295768 1.0 488000
1695307328560 1.0 492000
1695307362189 1.0 496000
1695307398524 1.0 500000
1695307433776 1.0 504000
1695307466808 1.0 508000
1695307502304 1.0 512000
1695307540870 1.0 516000
1695307575763 1.0 520000
1695307615183 1.0 524000
1695307652911 1.0 528000
1695307688973 1.0 532000
1695307724748 1.0 536000
1695307759379 1.0 540000
1695307803599 1.0 544000
1695307846206 1.0 548000
1695307880682 1.0 552000
1695307919612 1.0 556000
1695307956779 1.0 560000
1695307994858 1.0 564000
1695308028012 1.0 568000
1695308062883 1.0 572000
1695308098088 1.0 576000
1695308132101 1.0 580000
1695308167212 1.0 584000
1695308204593 1.0 588000
1695308240217 1.0 592000
1695308275256 1.0 596000
1695308317621 1.0 600000
1695308353395 1.0 604000
1695308394734 1.0 608000
1695308433119 1.0 612000
1695308469739 1.0 616000
1695308516173 1.0 620000
1695308552751 1.0 624000
1695308589931 1.0 628000
1695308629715 1.0 632000
1695308665767 1.0 636000
1695308703952 1.0 640000
1695308741025 1.0 644000
1695308776430 1.0 648000
1695308813105 1.0 652000
1695308854502 1.0 656000
1695308889156 1.0 660000
1695308922252 1.0 664000
1695308955624 1.0 668000
1695308990637 1.0 672000
1695309025569 1.0 676000
1695309064264 1.0 680000
1695309102434 1.0 684000
1695309138048 1.0 688000
1695309173164 1.0 692000
1695309207174 1.0 696000
1695309241597 1.0 700000
1695309278103 1.0 704000
1695309314246 1.0 708000
1695309350717 1.0 712000
1695309387564 1.0 716000
1695309422278 1.0 720000
1695309457123 1.0 724000
1695309489515 1.0 728000
1695309522283 1.0 732000
1695309555458 1.0 736000
1695309590317 1.0 740000
1695309624577 1.0 744000
1695309658549 1.0 748000
1695309692340 1.0 752000
1695309730422 1.0 756000
1695309764989 1.0 760000
1695309797479 1.0 764000
1695309829834 1.0 768000
1695309863402 1.0 772000
1695309897308 1.0 776000
1695309932672 1.0 780000
1695309969935 1.0 784000
1695310015825 1.0 788000
1695310052562 1.0 792000
1695310087735 1.0 796000
1695310125638 1.0 800000
1695310160748 1.0 804000
1695310197736 1.0 808000
1695310240327 1.0 812000
1695310277555 1.0 816000
1695310312662 1.0 820000
1695310348301 1.0 824000
1695310386626 1.0 828000
1695310421494 1.0 832000
1695310455157 1.0 836000
1695310493991 1.0 840000
1695310538696 1.0 844000
1695310575924 1.0 848000
1695310616841 1.0 852000
1695310655446 1.0 856000
1695310690310 1.0 860000
1695310724026 1.0 864000
1695310758914 1.0 868000
