1695303109689 1.0 4000
1695303138376 1.0 8000
1695303167511 1.0 12000
1695303196282 1.0 16000
1695303230344 1.0 20000
1695303262675 1.0 24000
1695303295821 1.0 28000
1695303328654 1.0 32000
1695303360542 1.0 36000
1695303392673 1.0 40000
1695303425039 1.0 44000
1695303456226 1.0 48000
1695303487951 1.0 52000
1695303518694 1.0 56000
1695303550406 1.0 60000
1695303581597 1.0 64000
1695303615332 1.0 68000
1695303648070 1.0 72000
1695303680739 1.0 76000
1695303712489 1.0 80000
1695303753687 1.0 84000
1695303786200 1.0 88000
1695303816925 1.0 92000
1695303852617 1.0 96000
1695303897747 1.0 100000
1695303939890 1.0 104000
1695303972611 1.0 108000
1695304013140 1.0 112000
1695304058312 1.0 116000
1695304101521 1.0 120000
1695304142283 1.0 124000
1695304192002 1.0 128000
1695304235699 1.0 132000
1695304278810 1.0 136000
1695304323066 1.0 140000
1695304364669 1.0 144000
1695304406539 1.0 148000
1695304450417 1.0 152000
1695304491891 1.0 156000
1695304533246 1.0 160000
1695304577690 1.0 164000
1695304622838 1.0 168000
1695304666325 1.0 172000
1695304711442 1.0 176000
1695304751013 1.0 180000
1695304788719 1.0 184000
1695304832522 1.0 188000
1695304872638 1.0 192000
1695304909355 1.0 196000
1695304945220 1.0 200000
1695304982305 1.0 204000
1695305024981 1.0 208000
1695305061214 1.0 212000
1695305097672 1.0 216000
1695305135843 1.0 220000
1695305173061 1.0 224000
1695305208274 1.0 228000
1695305242123 1.0 232000
1695305272970 1.0 236000
1695305303648 1.0 240000
1695305335004 1.0 244000
1695305365409 1.0 248000
1695305395846 1.0 252000
1695305426353 1.0 256000
1695305457095 1.0 260000
1695305487705 1.0 264000
1695305518370 1.0 268000
1695305548771 1.0 272000
1695305579476 1.0 276000
1695305610934 1.0 280000
1695305641261 1.0 284000
1695305672095 1.0 288000
1695305702335 1.0 292000
1695305733750 1.0 296000
1695305763912 1.0 300000
1695305794934 1.0 304000
1695305825339 1.0 308000
1695305856194 1.0 312000
1695305886457 1.0 316000
1695305917082 1.0 320000
1695305947567 1.0 324000
1695305978493 1.0 328000
1695306008649 1.0 332000
1695306039510 1.0 336000
1695306070879 1.0 340000
1695306101783 1.0 344000
1695306132247 1.0 348000
1695306162873 1.0 352000
1695306193362 1.0 356000
1695306224285 1.0 360000
1695306254700 1.0 364000
1695306287120 1.0 368000
1695306318486 1.0 372000
1695306351056 1.0 376000
1695306382514 1.0 380000
1695306417641 1.0 384000
1695306452193 1.0 388000
1695306486447 1.0 392000
1695306519898 1.0 396000
1695306554070 1.0 400000
1695306586075 1.0 404000
1695306620776 1.0 408000
1695306653674 1.0 412000
1695306687364 1.0 416000
1695306720453 1.0 420000
1695306752926 1.0 424000
1695306786079 1.0 428000
1695306823371 1.0 432000
1695306860200 1.0 436000
1695306893546 1.0 440000
1695306927019 1.0 444000
1695306961097 1.0 448000
1695306995315 1.0 452000
1695307028917 1.0 456000
1695307061155 1.0 460000
1695307093370 1.0 464000
1695307128184 1.0 468000
1695307160901 1.0 472000
1695307193734 1.0 476000
1695307226888 1.0 480000
1695307261300 1.0 484000
1695307295770 1.0 488000
1695307328562 1.0 492000
1695307362191 1.0 496000
1695307398527 1.0 500000
1695307433777 1.0 504000
1695307466810 1.0 508000
1695307502306 1.0 512000
1695307540872 1.0 516000
1695307575765 1.0 520000
1695307615186 1.0 524000
1695307652913 1.0 528000
1695307688975 1.0 532000
1695307724749 1.0 536000
1695307759381 1.0 540000
1695307803602 1.0 544000
1695307846208 1.0 548000
1695307880684 1.0 552000
1695307919614 1.0 556000
1695307956781 1.0 560000
1695307994860 1.0 564000
1695308028014 1.0 568000
1695308062885 1.0 572000
1695308098090 1.0 576000
1695308132103 1.0 580000
1695308167214 1.0 584000
1695308204595 1.0 588000
1695308240219 1.0 592000
1695308275258 1.0 596000
1695308317623 1.0 600000
1695308353397 1.0 604000
1695308394736 1.0 608000
1695308433121 1.0 612000
1695308469741 1.0 616000
1695308516175 1.0 620000
1695308552753 1.0 624000
1695308589933 1.0 628000
1695308629717 1.0 632000
1695308665769 1.0 636000
1695308703954 1.0 640000
1695308741027 1.0 644000
1695308776432 1.0 648000
1695308813107 1.0 652000
1695308854504 1.0 656000
1695308889158 1.0 660000
1695308922253 1.0 664000
1695308955626 1.0 668000
1695308990639 1.0 672000
1695309025571 1.0 676000
1695309064266 1.0 680000
1695309102436 1.0 684000
1695309138050 1.0 688000
1695309173166 1.0 692000
1695309207176 1.0 696000
1695309241599 1.0 700000
1695309278105 1.0 704000
1695309314248 1.0 708000
1695309350719 1.0 712000
1695309387566 1.0 716000
1695309422280 1.0 720000
1695309457125 1.0 724000
1695309489517 1.0 728000
1695309522285 1.0 732000
1695309555460 1.0 736000
1695309590319 1.0 740000
1695309624579 1.0 744000
1695309658551 1.0 748000
1695309692342 1.0 752000
1695309730426 1.0 756000
1695309764991 1.0 760000
1695309797481 1.0 764000
1695309829836 1.0 768000
1695309863404 1.0 772000
1695309897310 1.0 776000
1695309932674 1.0 780000
1695309969937 1.0 784000
1695310015827 1.0 788000
1695310052564 1.0 792000
1695310087737 1.0 796000
1695310125640 1.0 800000
1695310160750 1.0 804000
1695310197738 1.0 808000
1695310240329 1.0 812000
1695310277557 1.0 816000
1695310312664 1.0 820000
1695310348303 1.0 824000
1695310386629 1.0 828000
1695310421496 1.0 832000
1695310455159 1.0 836000
1695310493993 1.0 840000
1695310538698 1.0 844000
1695310575926 1.0 848000
1695310616844 1.0 852000
1695310655448 1.0 856000
1695310690312 1.0 860000
1695310724028 1.0 864000
1695310758915 1.0 868000
