1695303109702 0.0 4000
1695303138388 0.0 8000
1695303167523 0.0 12000
1695303196294 0.0 16000
1695303230357 0.0 20000
1695303262687 0.0 24000
1695303295833 0.0 28000
1695303328665 0.0 32000
1695303360555 0.0 36000
1695303392684 0.0 40000
1695303425051 0.0 44000
1695303456238 0.0 48000
1695303487962 0.0 52000
1695303518706 0.0 56000
1695303550418 0.0 60000
1695303581608 0.0 64000
1695303615344 0.0 68000
1695303648081 0.0 72000
1695303680751 0.0 76000
1695303712500 0.0 80000
1695303753699 0.0 84000
1695303786211 0.0 88000
1695303816937 0.0 92000
1695303852633 0.0 96000
1695303897782 0.0 100000
1695303939901 0.0 104000
1695303972623 0.0 108000
1695304013153 0.0 112000
1695304058327 0.0 116000
1695304101535 0.0 120000
1695304142296 0.0 124000
1695304192019 0.0 128000
1695304235713 0.0 132000
1695304278824 0.0 136000
1695304323080 0.0 140000
1695304364687 0.0 144000
1695304406558 0.0 148000
1695304450432 0.0 152000
1695304491904 0.0 156000
1695304533260 0.0 160000
1695304577703 0.0 164000
1695304622854 0.0 168000
1695304666338 0.0 172000
1695304711453 0.0 176000
1695304751026 0.0 180000
1695304788732 0.0 184000
1695304832540 0.0 188000
1695304872651 0.0 192000
1695304909374 0.0 196000
1695304945232 0.0 200000
1695304982318 0.0 204000
1695305024994 0.0 208000
1695305061226 0.0 212000
1695305097685 0.0 216000
1695305135856 0.0 220000
1695305173074 0.0 224000
1695305208286 0.0 228000
1695305242133 0.0 232000
1695305272981 0.0 236000
1695305303660 0.0 240000
1695305335015 0.0 244000
1695305365421 0.0 248000
1695305395857 0.0 252000
1695305426364 0.0 256000
1695305457106 0.0 260000
1695305487716 0.0 264000
1695305518381 0.0 268000
1695305548782 0.0 272000
1695305579487 0.0 276000
1695305610945 0.0 280000
1695305641272 0.0 284000
1695305672105 0.0 288000
1695305702345 0.0 292000
1695305733760 0.0 296000
1695305763924 0.0 300000
1695305794944 0.0 304000
1695305825350 0.0 308000
1695305856205 0.0 312000
1695305886467 0.0 316000
1695305917093 0.0 320000
1695305947578 0.0 324000
1695305978503 0.0 328000
1695306008660 0.0 332000
1695306039521 0.0 336000
1695306070890 0.0 340000
1695306101794 0.0 344000
1695306132257 0.0 348000
1695306162884 0.0 352000
1695306193373 0.0 356000
1695306224295 0.0 360000
1695306254711 0.0 364000
1695306287131 0.0 368000
1695306318497 0.0 372000
1695306351067 0.0 376000
1695306382524 0.0 380000
1695306417653 0.0 384000
1695306452204 0.0 388000
1695306486459 0.0 392000
1695306519909 0.0 396000
1695306554081 0.0 400000
1695306586087 0.0 404000
1695306620789 0.0 408000
1695306653685 0.0 412000
1695306687377 0.0 416000
1695306720464 0.0 420000
1695306752938 0.0 424000
1695306786090 0.0 428000
1695306823384 0.0 432000
1695306860211 0.0 436000
1695306893558 0.0 440000
1695306927032 0.0 444000
1695306961108 0.0 448000
1695306995326 0.0 452000
1695307028929 0.0 456000
1695307061167 0.0 460000
1695307093381 0.0 464000
1695307128196 0.0 468000
1695307160913 0.0 472000
1695307193745 0.0 476000
1695307226900 0.0 480000
1695307261311 0.0 484000
1695307295781 0.0 488000
1695307328574 0.0 492000
1695307362203 0.0 496000
1695307398539 0.0 500000
1695307433788 0.0 504000
1695307466823 0.0 508000
1695307502318 0.0 512000
1695307540885 0.0 516000
1695307575776 0.0 520000
1695307615198 0.0 524000
1695307652924 0.0 528000
1695307688987 0.0 532000
1695307724762 0.0 536000
1695307759392 0.0 540000
1695307803624 0.0 544000
1695307846219 0.0 548000
1695307880697 0.0 552000
1695307919626 0.0 556000
1695307956794 0.0 560000
1695307994872 0.0 564000
1695308028026 0.0 568000
1695308062897 0.0 572000
1695308098101 0.0 576000
1695308132115 0.0 580000
1695308167226 0.0 584000
1695308204609 0.0 588000
1695308240230 0.0 592000
1695308275272 0.0 596000
1695308317635 0.0 600000
1695308353409 0.0 604000
1695308394753 0.0 608000
1695308433132 0.0 612000
1695308469755 0.0 616000
1695308516188 0.0 620000
1695308552766 0.0 624000
1695308589946 0.0 628000
1695308629730 0.0 632000
1695308665783 0.0 636000
1695308703967 0.0 640000
1695308741038 0.0 644000
1695308776444 0.0 648000
1695308813121 0.0 652000
1695308854516 0.0 656000
1695308889169 0.0 660000
1695308922265 0.0 664000
1695308955638 0.0 668000
1695308990652 0.0 672000
1695309025585 0.0 676000
1695309064280 0.0 680000
1695309102449 0.0 684000
1695309138062 0.0 688000
1695309173178 0.0 692000
1695309207189 0.0 696000
1695309241610 0.0 700000
1695309278117 0.0 704000
1695309314262 0.0 708000
1695309350730 0.0 712000
1695309387579 0.0 716000
1695309422292 0.0 720000
1695309457136 0.0 724000
1695309489527 0.0 728000
1695309522296 0.0 732000
1695309555471 0.0 736000
1695309590331 0.0 740000
1695309624591 0.0 744000
1695309658563 0.0 748000
1695309692353 0.0 752000
1695309730443 0.0 756000
1695309765002 0.0 760000
1695309797491 0.0 764000
1695309829847 0.0 768000
1695309863415 0.0 772000
1695309897322 0.0 776000
1695309932686 0.0 780000
1695309969950 0.0 784000
1695310015839 0.0 788000
1695310052577 0.0 792000
1695310087749 0.0 796000
1695310125652 0.0 800000
1695310160761 0.0 804000
1695310197751 0.0 808000
1695310240342 0.0 812000
1695310277568 0.0 816000
1695310312676 0.0 820000
1695310348316 0.0 824000
1695310386642 0.0 828000
1695310421507 0.0 832000
1695310455171 0.0 836000
1695310494005 0.0 840000
1695310538710 0.0 844000
1695310575938 0.0 848000
1695310616861 0.0 852000
1695310655459 0.0 856000
1695310690323 0.0 860000
1695310724039 0.0 864000
1695310758927 0.0 868000
