1695303109703 1.0 4000
1695303138390 1.0 8000
1695303167525 1.0 12000
1695303196295 1.0 16000
1695303230359 1.0 20000
1695303262689 1.0 24000
1695303295834 1.0 28000
1695303328667 1.0 32000
1695303360556 1.0 36000
1695303392685 1.0 40000
1695303425052 1.0 44000
1695303456240 1.0 48000
1695303487964 1.0 52000
1695303518708 1.0 56000
1695303550420 1.0 60000
1695303581610 1.0 64000
1695303615346 1.0 68000
1695303648082 1.0 72000
1695303680752 1.0 76000
1695303712502 1.0 80000
1695303753701 1.0 84000
1695303786213 1.0 88000
1695303816938 1.0 92000
1695303852635 1.0 96000
1695303897784 1.0 100000
1695303939902 1.0 104000
1695303972624 1.0 108000
1695304013155 1.0 112000
1695304058328 1.0 116000
1695304101536 1.0 120000
1695304142298 1.0 124000
1695304192021 1.0 128000
1695304235715 1.0 132000
1695304278826 1.0 136000
1695304323082 1.0 140000
1695304364689 1.0 144000
1695304406560 1.0 148000
1695304450434 1.0 152000
1695304491906 1.0 156000
1695304533262 1.0 160000
1695304577705 1.0 164000
1695304622856 1.0 168000
1695304666340 1.0 172000
1695304711455 1.0 176000
1695304751027 1.0 180000
1695304788733 1.0 184000
1695304832542 1.0 188000
1695304872653 1.0 192000
1695304909377 1.0 196000
1695304945234 1.0 200000
1695304982320 1.0 204000
1695305024996 1.0 208000
1695305061228 1.0 212000
1695305097687 1.0 216000
1695305135858 1.0 220000
1695305173076 1.0 224000
1695305208288 1.0 228000
1695305242135 1.0 232000
1695305272983 1.0 236000
1695305303662 1.0 240000
1695305335016 1.0 244000
1695305365422 1.0 248000
1695305395858 1.0 252000
1695305426366 1.0 256000
1695305457107 1.0 260000
1695305487718 1.0 264000
1695305518382 1.0 268000
1695305548783 1.0 272000
1695305579488 1.0 276000
1695305610947 1.0 280000
1695305641273 1.0 284000
1695305672106 1.0 288000
1695305702347 1.0 292000
1695305733761 1.0 296000
1695305763926 1.0 300000
1695305794946 1.0 304000
1695305825351 1.0 308000
1695305856206 1.0 312000
1695305886469 1.0 316000
1695305917094 1.0 320000
1695305947579 1.0 324000
1695305978505 1.0 328000
1695306008661 1.0 332000
1695306039523 1.0 336000
1695306070891 1.0 340000
1695306101795 1.0 344000
1695306132259 1.0 348000
1695306162885 1.0 352000
1695306193375 1.0 356000
1695306224297 1.0 360000
1695306254712 1.0 364000
1695306287133 1.0 368000
1695306318498 1.0 372000
1695306351068 1.0 376000
1695306382525 1.0 380000
1695306417654 1.0 384000
1695306452205 1.0 388000
1695306486460 1.0 392000
1695306519911 1.0 396000
1695306554083 1.0 400000
1695306586088 1.0 404000
1695306620790 1.0 408000
1695306653686 1.0 412000
1695306687378 1.0 416000
1695306720466 1.0 420000
1695306752939 1.0 424000
1695306786091 1.0 428000
1695306823386 1.0 432000
1695306860213 1.0 436000
1695306893559 1.0 440000
1695306927033 1.0 444000
1695306961110 1.0 448000
1695306995328 1.0 452000
1695307028930 1.0 456000
1695307061169 1.0 460000
1695307093383 1.0 464000
1695307128197 1.0 468000
1695307160915 1.0 472000
1695307193747 1.0 476000
1695307226902 1.0 480000
1695307261313 1.0 484000
1695307295783 1.0 488000
1695307328575 1.0 492000
1695307362205 1.0 496000
1695307398541 1.0 500000
1695307433790 1.0 504000
1695307466825 1.0 508000
1695307502320 1.0 512000
1695307540886 1.0 516000
1695307575778 1.0 520000
1695307615200 1.0 524000
1695307652926 1.0 528000
1695307688989 1.0 532000
1695307724763 1.0 536000
1695307759393 1.0 540000
1695307803627 1.0 544000
1695307846221 1.0 548000
1695307880699 1.0 552000
1695307919628 1.0 556000
1695307956796 1.0 560000
1695307994873 1.0 564000
1695308028027 1.0 568000
1695308062899 1.0 572000
1695308098103 1.0 576000
1695308132117 1.0 580000
1695308167227 1.0 584000
1695308204611 1.0 588000
1695308240231 1.0 592000
1695308275273 1.0 596000
1695308317637 1.0 600000
1695308353410 1.0 604000
1695308394755 1.0 608000
1695308433134 1.0 612000
1695308469756 1.0 616000
1695308516190 1.0 620000
1695308552768 1.0 624000
1695308589948 1.0 628000
1695308629732 1.0 632000
1695308665784 1.0 636000
1695308703969 1.0 640000
1695308741040 1.0 644000
1695308776445 1.0 648000
1695308813123 1.0 652000
1695308854517 1.0 656000
1695308889171 1.0 660000
1695308922266 1.0 664000
1695308955639 1.0 668000
1695308990654 1.0 672000
1695309025587 1.0 676000
1695309064283 1.0 680000
1695309102450 1.0 684000
1695309138064 1.0 688000
1695309173180 1.0 692000
1695309207190 1.0 696000
1695309241612 1.0 700000
1695309278119 1.0 704000
1695309314263 1.0 708000
1695309350731 1.0 712000
1695309387580 1.0 716000
1695309422293 1.0 720000
1695309457138 1.0 724000
1695309489528 1.0 728000
1695309522298 1.0 732000
1695309555473 1.0 736000
1695309590332 1.0 740000
1695309624592 1.0 744000
1695309658564 1.0 748000
1695309692354 1.0 752000
1695309730444 1.0 756000
1695309765004 1.0 760000
1695309797493 1.0 764000
1695309829849 1.0 768000
1695309863417 1.0 772000
1695309897323 1.0 776000
1695309932688 1.0 780000
1695309969951 1.0 784000
1695310015840 1.0 788000
1695310052578 1.0 792000
1695310087751 1.0 796000
1695310125654 1.0 800000
1695310160762 1.0 804000
1695310197753 1.0 808000
1695310240344 1.0 812000
1695310277570 1.0 816000
1695310312678 1.0 820000
1695310348318 1.0 824000
1695310386644 1.0 828000
1695310421508 1.0 832000
1695310455172 1.0 836000
1695310494007 1.0 840000
1695310538711 1.0 844000
1695310575940 1.0 848000
1695310616863 1.0 852000
1695310655461 1.0 856000
1695310690325 1.0 860000
1695310724041 1.0 864000
1695310758928 1.0 868000
