1695303109701 67108864.0 4000
1695303138388 67108864.0 8000
1695303167523 67108864.0 12000
1695303196293 67108864.0 16000
1695303230357 67108864.0 20000
1695303262687 67108864.0 24000
1695303295833 67108864.0 28000
1695303328665 67108864.0 32000
1695303360554 67108864.0 36000
1695303392683 67108864.0 40000
1695303425050 67108864.0 44000
1695303456238 67108864.0 48000
1695303487962 67108864.0 52000
1695303518706 67108864.0 56000
1695303550418 67108864.0 60000
1695303581608 67108864.0 64000
1695303615344 67108864.0 68000
1695303648081 67108864.0 72000
1695303680750 67108864.0 76000
1695303712500 67108864.0 80000
1695303753699 67108864.0 84000
1695303786211 67108864.0 88000
1695303816936 67108864.0 92000
1695303852632 67108864.0 96000
1695303897781 67108864.0 100000
1695303939901 67108864.0 104000
1695303972622 67108864.0 108000
1695304013153 67108864.0 112000
1695304058326 67108864.0 116000
1695304101534 67108864.0 120000
1695304142296 67108864.0 124000
1695304192018 67108864.0 128000
1695304235713 67108864.0 132000
1695304278824 67108864.0 136000
1695304323080 67108864.0 140000
1695304364686 67108864.0 144000
1695304406557 67108864.0 148000
1695304450432 67108864.0 152000
1695304491904 67108864.0 156000
1695304533259 67108864.0 160000
1695304577703 67108864.0 164000
1695304622853 67108864.0 168000
1695304666338 67108864.0 172000
1695304711453 67108864.0 176000
1695304751025 67108864.0 180000
1695304788731 67108864.0 184000
1695304832539 67108864.0 188000
1695304872651 67108864.0 192000
1695304909374 67108864.0 196000
1695304945232 67108864.0 200000
1695304982318 67108864.0 204000
1695305024994 67108864.0 208000
1695305061226 67108864.0 212000
1695305097685 67108864.0 216000
1695305135856 67108864.0 220000
1695305173074 67108864.0 224000
1695305208286 67108864.0 228000
1695305242133 67108864.0 232000
1695305272981 67108864.0 236000
1695305303660 67108864.0 240000
1695305335014 67108864.0 244000
1695305365420 67108864.0 248000
1695305395857 67108864.0 252000
1695305426364 67108864.0 256000
1695305457105 67108864.0 260000
1695305487716 67108864.0 264000
1695305518381 67108864.0 268000
1695305548782 67108864.0 272000
1695305579487 67108864.0 276000
1695305610945 67108864.0 280000
1695305641271 67108864.0 284000
1695305672105 67108864.0 288000
1695305702345 67108864.0 292000
1695305733760 67108864.0 296000
1695305763924 67108864.0 300000
1695305794944 67108864.0 304000
1695305825349 67108864.0 308000
1695305856205 67108864.0 312000
1695305886467 67108864.0 316000
1695305917093 67108864.0 320000
1695305947577 67108864.0 324000
1695305978503 67108864.0 328000
1695306008659 67108864.0 332000
1695306039521 67108864.0 336000
1695306070889 67108864.0 340000
1695306101794 67108864.0 344000
1695306132257 67108864.0 348000
1695306162883 67108864.0 352000
1695306193373 67108864.0 356000
1695306224295 67108864.0 360000
1695306254711 67108864.0 364000
1695306287131 67108864.0 368000
1695306318497 67108864.0 372000
1695306351066 67108864.0 376000
1695306382523 67108864.0 380000
1695306417652 67108864.0 384000
1695306452203 67108864.0 388000
1695306486459 67108864.0 392000
1695306519909 67108864.0 396000
1695306554081 67108864.0 400000
1695306586086 67108864.0 404000
1695306620788 67108864.0 408000
1695306653684 67108864.0 412000
1695306687376 67108864.0 416000
1695306720464 67108864.0 420000
1695306752937 67108864.0 424000
1695306786089 67108864.0 428000
1695306823384 67108864.0 432000
1695306860211 67108864.0 436000
1695306893557 67108864.0 440000
1695306927031 67108864.0 444000
1695306961108 67108864.0 448000
1695306995326 67108864.0 452000
1695307028929 67108864.0 456000
1695307061167 67108864.0 460000
1695307093381 67108864.0 464000
1695307128195 67108864.0 468000
1695307160913 67108864.0 472000
1695307193745 67108864.0 476000
1695307226900 67108864.0 480000
1695307261311 67108864.0 484000
1695307295781 67108864.0 488000
1695307328573 67108864.0 492000
1695307362202 67108864.0 496000
1695307398539 67108864.0 500000
1695307433788 67108864.0 504000
1695307466823 67108864.0 508000
1695307502318 67108864.0 512000
1695307540884 67108864.0 516000
1695307575776 67108864.0 520000
1695307615198 67108864.0 524000
1695307652924 67108864.0 528000
1695307688987 67108864.0 532000
1695307724761 67108864.0 536000
1695307759392 67108864.0 540000
1695307803623 67108864.0 544000
1695307846219 67108864.0 548000
1695307880697 67108864.0 552000
1695307919626 67108864.0 556000
1695307956794 67108864.0 560000
1695307994871 67108864.0 564000
1695308028025 67108864.0 568000
1695308062897 67108864.0 572000
1695308098101 67108864.0 576000
1695308132115 67108864.0 580000
1695308167226 67108864.0 584000
1695308204608 67108864.0 588000
1695308240229 67108864.0 592000
1695308275271 67108864.0 596000
1695308317635 67108864.0 600000
1695308353408 67108864.0 604000
1695308394753 67108864.0 608000
1695308433132 67108864.0 612000
1695308469754 67108864.0 616000
1695308516188 67108864.0 620000
1695308552765 67108864.0 624000
1695308589946 67108864.0 628000
1695308629730 67108864.0 632000
1695308665782 67108864.0 636000
1695308703967 67108864.0 640000
1695308741038 67108864.0 644000
1695308776443 67108864.0 648000
1695308813120 67108864.0 652000
1695308854515 67108864.0 656000
1695308889169 67108864.0 660000
1695308922264 67108864.0 664000
1695308955637 67108864.0 668000
1695308990651 67108864.0 672000
1695309025585 67108864.0 676000
1695309064279 67108864.0 680000
1695309102448 67108864.0 684000
1695309138062 67108864.0 688000
1695309173177 67108864.0 692000
1695309207188 67108864.0 696000
1695309241610 67108864.0 700000
1695309278117 67108864.0 704000
1695309314261 67108864.0 708000
1695309350729 67108864.0 712000
1695309387578 67108864.0 716000
1695309422291 67108864.0 720000
1695309457136 67108864.0 724000
1695309489527 67108864.0 728000
1695309522296 67108864.0 732000
1695309555471 67108864.0 736000
1695309590330 67108864.0 740000
1695309624590 67108864.0 744000
1695309658562 67108864.0 748000
1695309692352 67108864.0 752000
1695309730442 67108864.0 756000
1695309765002 67108864.0 760000
1695309797491 67108864.0 764000
1695309829847 67108864.0 768000
1695309863415 67108864.0 772000
1695309897321 67108864.0 776000
1695309932686 67108864.0 780000
1695309969949 67108864.0 784000
1695310015838 67108864.0 788000
1695310052576 67108864.0 792000
1695310087748 67108864.0 796000
1695310125652 67108864.0 800000
1695310160760 67108864.0 804000
1695310197751 67108864.0 808000
1695310240341 67108864.0 812000
1695310277568 67108864.0 816000
1695310312676 67108864.0 820000
1695310348315 67108864.0 824000
1695310386642 67108864.0 828000
1695310421506 67108864.0 832000
1695310455170 67108864.0 836000
1695310494005 67108864.0 840000
1695310538709 67108864.0 844000
1695310575938 67108864.0 848000
1695310616860 67108864.0 852000
1695310655459 67108864.0 856000
1695310690323 67108864.0 860000
1695310724039 67108864.0 864000
1695310758926 67108864.0 868000
