1695303109699 0.0 4000
1695303138386 0.0 8000
1695303167521 0.0 12000
1695303196292 0.0 16000
1695303230355 0.0 20000
1695303262685 0.0 24000
1695303295831 0.0 28000
1695303328663 0.0 32000
1695303360552 0.0 36000
1695303392682 0.0 40000
1695303425049 0.0 44000
1695303456236 0.0 48000
1695303487961 0.0 52000
1695303518705 0.0 56000
1695303550416 0.0 60000
1695303581606 0.0 64000
1695303615342 0.0 68000
1695303648079 0.0 72000
1695303680749 0.0 76000
1695303712498 0.0 80000
1695303753697 0.0 84000
1695303786209 0.0 88000
1695303816935 0.0 92000
1695303852629 0.0 96000
1695303897778 0.0 100000
1695303939899 0.0 104000
1695303972621 0.0 108000
1695304013151 0.0 112000
1695304058324 0.0 116000
1695304101532 0.0 120000
1695304142294 0.0 124000
1695304192016 0.0 128000
1695304235711 0.0 132000
1695304278822 0.0 136000
1695304323078 0.0 140000
1695304364683 0.0 144000
1695304406555 0.0 148000
1695304450430 0.0 152000
1695304491902 0.0 156000
1695304533258 0.0 160000
1695304577701 0.0 164000
1695304622851 0.0 168000
1695304666336 0.0 172000
1695304711451 0.0 176000
1695304751024 0.0 180000
1695304788729 0.0 184000
1695304832537 0.0 188000
1695304872649 0.0 192000
1695304909371 0.0 196000
1695304945230 0.0 200000
1695304982316 0.0 204000
1695305024992 0.0 208000
1695305061224 0.0 212000
1695305097683 0.0 216000
1695305135854 0.0 220000
1695305173072 0.0 224000
1695305208284 0.0 228000
1695305242132 0.0 232000
1695305272979 0.0 236000
1695305303658 0.0 240000
1695305335013 0.0 244000
1695305365419 0.0 248000
1695305395855 0.0 252000
1695305426363 0.0 256000
1695305457104 0.0 260000
1695305487714 0.0 264000
1695305518379 0.0 268000
1695305548780 0.0 272000
1695305579485 0.0 276000
1695305610943 0.0 280000
1695305641270 0.0 284000
1695305672103 0.0 288000
1695305702344 0.0 292000
1695305733758 0.0 296000
1695305763922 0.0 300000
1695305794942 0.0 304000
1695305825348 0.0 308000
1695305856203 0.0 312000
1695305886466 0.0 316000
1695305917091 0.0 320000
1695305947576 0.0 324000
1695305978502 0.0 328000
1695306008658 0.0 332000
1695306039520 0.0 336000
1695306070888 0.0 340000
1695306101792 0.0 344000
1695306132256 0.0 348000
1695306162882 0.0 352000
1695306193371 0.0 356000
1695306224294 0.0 360000
1695306254709 0.0 364000
1695306287129 0.0 368000
1695306318495 0.0 372000
1695306351065 0.0 376000
1695306382522 0.0 380000
1695306417651 0.0 384000
1695306452202 0.0 388000
1695306486457 0.0 392000
1695306519907 0.0 396000
1695306554079 0.0 400000
1695306586085 0.0 404000
1695306620787 0.0 408000
1695306653683 0.0 412000
1695306687375 0.0 416000
1695306720462 0.0 420000
1695306752936 0.0 424000
1695306786088 0.0 428000
1695306823382 0.0 432000
1695306860210 0.0 436000
1695306893556 0.0 440000
1695306927030 0.0 444000
1695306961107 0.0 448000
1695306995324 0.0 452000
1695307028927 0.0 456000
1695307061165 0.0 460000
1695307093379 0.0 464000
1695307128194 0.0 468000
1695307160911 0.0 472000
1695307193743 0.0 476000
1695307226898 0.0 480000
1695307261309 0.0 484000
1695307295779 0.0 488000
1695307328572 0.0 492000
1695307362201 0.0 496000
1695307398537 0.0 500000
1695307433786 0.0 504000
1695307466821 0.0 508000
1695307502316 0.0 512000
1695307540883 0.0 516000
1695307575774 0.0 520000
1695307615196 0.0 524000
1695307652922 0.0 528000
1695307688985 0.0 532000
1695307724760 0.0 536000
1695307759390 0.0 540000
1695307803620 0.0 544000
1695307846218 0.0 548000
1695307880695 0.0 552000
1695307919624 0.0 556000
1695307956792 0.0 560000
1695307994870 0.0 564000
1695308028024 0.0 568000
1695308062896 0.0 572000
1695308098100 0.0 576000
1695308132113 0.0 580000
1695308167224 0.0 584000
1695308204607 0.0 588000
1695308240228 0.0 592000
1695308275269 0.0 596000
1695308317633 0.0 600000
1695308353407 0.0 604000
1695308394751 0.0 608000
1695308433130 0.0 612000
1695308469752 0.0 616000
1695308516186 0.0 620000
1695308552764 0.0 624000
1695308589944 0.0 628000
1695308629728 0.0 632000
1695308665780 0.0 636000
1695308703965 0.0 640000
1695308741037 0.0 644000
1695308776442 0.0 648000
1695308813119 0.0 652000
1695308854514 0.0 656000
1695308889167 0.0 660000
1695308922263 0.0 664000
1695308955636 0.0 668000
1695308990650 0.0 672000
1695309025583 0.0 676000
1695309064277 0.0 680000
1695309102447 0.0 684000
1695309138060 0.0 688000
1695309173176 0.0 692000
1695309207187 0.0 696000
1695309241608 0.0 700000
1695309278115 0.0 704000
1695309314259 0.0 708000
1695309350728 0.0 712000
1695309387576 0.0 716000
1695309422290 0.0 720000
1695309457134 0.0 724000
1695309489525 0.0 728000
1695309522294 0.0 732000
1695309555470 0.0 736000
1695309590329 0.0 740000
1695309624589 0.0 744000
1695309658561 0.0 748000
1695309692351 0.0 752000
1695309730440 0.0 756000
1695309765000 0.0 760000
1695309797490 0.0 764000
1695309829845 0.0 768000
1695309863414 0.0 772000
1695309897320 0.0 776000
1695309932684 0.0 780000
1695309969948 0.0 784000
1695310015837 0.0 788000
1695310052575 0.0 792000
1695310087747 0.0 796000
1695310125650 0.0 800000
1695310160759 0.0 804000
1695310197749 0.0 808000
1695310240340 0.0 812000
1695310277567 0.0 816000
1695310312674 0.0 820000
1695310348314 0.0 824000
1695310386640 0.0 828000
1695310421505 0.0 832000
1695310455169 0.0 836000
1695310494003 0.0 840000
1695310538708 0.0 844000
1695310575936 0.0 848000
1695310616858 0.0 852000
1695310655458 0.0 856000
1695310690321 0.0 860000
1695310724038 0.0 864000
1695310758925 0.0 868000
