1695303109710 0.0 4000
1695303138397 0.0 8000
1695303167532 0.0 12000
1695303196302 0.0 16000
1695303230367 0.0 20000
1695303262695 0.0 24000
1695303295841 0.0 28000
1695303328673 0.0 32000
1695303360563 0.0 36000
1695303392693 0.0 40000
1695303425059 0.0 44000
1695303456246 0.0 48000
1695303487970 0.0 52000
1695303518714 0.0 56000
1695303550426 0.0 60000
1695303581616 0.0 64000
1695303615353 0.0 68000
1695303648089 0.0 72000
1695303680759 0.0 76000
1695303712508 0.0 80000
1695303753707 0.0 84000
1695303786219 0.0 88000
1695303816945 0.0 92000
1695303852644 0.0 96000
1695303897796 0.0 100000
1695303939909 0.0 104000
1695303972632 0.0 108000
1695304013163 0.0 112000
1695304058337 0.0 116000
1695304101544 0.0 120000
1695304142305 0.0 124000
1695304192033 0.0 128000
1695304235723 0.0 132000
1695304278835 0.0 136000
1695304323091 0.0 140000
1695304364698 0.0 144000
1695304406570 0.0 148000
1695304450443 0.0 152000
1695304491913 0.0 156000
1695304533270 0.0 160000
1695304577713 0.0 164000
1695304622864 0.0 168000
1695304666347 0.0 172000
1695304711461 0.0 176000
1695304751035 0.0 180000
1695304788740 0.0 184000
1695304832549 0.0 188000
1695304872660 0.0 192000
1695304909385 0.0 196000
1695304945241 0.0 200000
1695304982327 0.0 204000
1695305025004 0.0 208000
1695305061235 0.0 212000
1695305097694 0.0 216000
1695305135865 0.0 220000
1695305173083 0.0 224000
1695305208295 0.0 228000
1695305242141 0.0 232000
1695305272989 0.0 236000
1695305303669 0.0 240000
1695305335022 0.0 244000
1695305365429 0.0 248000
1695305395864 0.0 252000
1695305426373 0.0 256000
1695305457113 0.0 260000
1695305487724 0.0 264000
1695305518388 0.0 268000
1695305548790 0.0 272000
1695305579494 0.0 276000
1695305610953 0.0 280000
1695305641280 0.0 284000
1695305672112 0.0 288000
1695305702353 0.0 292000
1695305733767 0.0 296000
1695305763935 0.0 300000
1695305794952 0.0 304000
1695305825357 0.0 308000
1695305856212 0.0 312000
1695305886474 0.0 316000
1695305917100 0.0 320000
1695305947585 0.0 324000
1695305978510 0.0 328000
1695306008667 0.0 332000
1695306039530 0.0 336000
1695306070897 0.0 340000
1695306101802 0.0 344000
1695306132265 0.0 348000
1695306162891 0.0 352000
1695306193381 0.0 356000
1695306224303 0.0 360000
1695306254718 0.0 364000
1695306287138 0.0 368000
1695306318505 0.0 372000
1695306351074 0.0 376000
1695306382530 0.0 380000
1695306417661 0.0 384000
1695306452211 0.0 388000
1695306486467 0.0 392000
1695306519917 0.0 396000
1695306554090 0.0 400000
1695306586094 0.0 404000
1695306620797 0.0 408000
1695306653692 0.0 412000
1695306687385 0.0 416000
1695306720472 0.0 420000
1695306752945 0.0 424000
1695306786097 0.0 428000
1695306823394 0.0 432000
1695306860220 0.0 436000
1695306893566 0.0 440000
1695306927040 0.0 444000
1695306961116 0.0 448000
1695306995334 0.0 452000
1695307028937 0.0 456000
1695307061175 0.0 460000
1695307093389 0.0 464000
1695307128204 0.0 468000
1695307160921 0.0 472000
1695307193753 0.0 476000
1695307226908 0.0 480000
1695307261319 0.0 484000
1695307295789 0.0 488000
1695307328582 0.0 492000
1695307362211 0.0 496000
1695307398548 0.0 500000
1695307433798 0.0 504000
1695307466832 0.0 508000
1695307502327 0.0 512000
1695307540893 0.0 516000
1695307575784 0.0 520000
1695307615207 0.0 524000
1695307652932 0.0 528000
1695307688996 0.0 532000
1695307724770 0.0 536000
1695307759400 0.0 540000
1695307803639 0.0 544000
1695307846227 0.0 548000
1695307880706 0.0 552000
1695307919635 0.0 556000
1695307956804 0.0 560000
1695307994880 0.0 564000
1695308028034 0.0 568000
1695308062906 0.0 572000
1695308098109 0.0 576000
1695308132124 0.0 580000
1695308167234 0.0 584000
1695308204619 0.0 588000
1695308240238 0.0 592000
1695308275281 0.0 596000
1695308317644 0.0 600000
1695308353417 0.0 604000
1695308394764 0.0 608000
1695308433140 0.0 612000
1695308469764 0.0 616000
1695308516197 0.0 620000
1695308552775 0.0 624000
1695308589956 0.0 628000
1695308629739 0.0 632000
1695308665792 0.0 636000
1695308703977 0.0 640000
1695308741047 0.0 644000
1695308776452 0.0 648000
1695308813130 0.0 652000
1695308854523 0.0 656000
1695308889178 0.0 660000
1695308922272 0.0 664000
1695308955646 0.0 668000
1695308990661 0.0 672000
1695309025595 0.0 676000
1695309064293 0.0 680000
1695309102457 0.0 684000
1695309138071 0.0 688000
1695309173186 0.0 692000
1695309207197 0.0 696000
1695309241618 0.0 700000
1695309278126 0.0 704000
1695309314271 0.0 708000
1695309350738 0.0 712000
1695309387587 0.0 716000
1695309422300 0.0 720000
1695309457144 0.0 724000
1695309489534 0.0 728000
1695309522304 0.0 732000
1695309555479 0.0 736000
1695309590339 0.0 740000
1695309624599 0.0 744000
1695309658571 0.0 748000
1695309692360 0.0 752000
1695309730453 0.0 756000
1695309765010 0.0 760000
1695309797499 0.0 764000
1695309829855 0.0 768000
1695309863423 0.0 772000
1695309897330 0.0 776000
1695309932694 0.0 780000
1695309969958 0.0 784000
1695310015847 0.0 788000
1695310052585 0.0 792000
1695310087758 0.0 796000
1695310125660 0.0 800000
1695310160768 0.0 804000
1695310197760 0.0 808000
1695310240351 0.0 812000
1695310277576 0.0 816000
1695310312685 0.0 820000
1695310348325 0.0 824000
1695310386651 0.0 828000
1695310421514 0.0 832000
1695310455179 0.0 836000
1695310494014 0.0 840000
1695310538717 0.0 844000
1695310575947 0.0 848000
1695310616872 0.0 852000
1695310655467 0.0 856000
1695310690331 0.0 860000
1695310724047 0.0 864000
1695310758935 0.0 868000
