1695303109695 0.0 4000
1695303138381 0.0 8000
1695303167517 0.0 12000
1695303196287 0.0 16000
1695303230350 0.0 20000
1695303262680 0.0 24000
1695303295827 0.0 28000
1695303328659 0.0 32000
1695303360548 0.0 36000
1695303392678 0.0 40000
1695303425045 0.0 44000
1695303456232 0.0 48000
1695303487956 0.0 52000
1695303518700 0.0 56000
1695303550412 0.0 60000
1695303581602 0.0 64000
1695303615337 0.0 68000
1695303648075 0.0 72000
1695303680745 0.0 76000
1695303712494 0.0 80000
1695303753693 0.0 84000
1695303786205 0.0 88000
1695303816930 0.0 92000
1695303852623 0.0 96000
1695303897762 0.0 100000
1695303939895 0.0 104000
1695303972616 0.0 108000
1695304013146 0.0 112000
1695304058319 0.0 116000
1695304101528 0.0 120000
1695304142289 0.0 124000
1695304192009 0.0 128000
1695304235706 0.0 132000
1695304278817 0.0 136000
1695304323073 0.0 140000
1695304364676 0.0 144000
1695304406548 0.0 148000
1695304450425 0.0 152000
1695304491897 0.0 156000
1695304533253 0.0 160000
1695304577696 0.0 164000
1695304622845 0.0 168000
1695304666331 0.0 172000
1695304711447 0.0 176000
1695304751019 0.0 180000
1695304788725 0.0 184000
1695304832530 0.0 188000
1695304872644 0.0 192000
1695304909364 0.0 196000
1695304945226 0.0 200000
1695304982311 0.0 204000
1695305024987 0.0 208000
1695305061220 0.0 212000
1695305097678 0.0 216000
1695305135849 0.0 220000
1695305173067 0.0 224000
1695305208280 0.0 228000
1695305242128 0.0 232000
1695305272975 0.0 236000
1695305303654 0.0 240000
1695305335009 0.0 244000
1695305365415 0.0 248000
1695305395851 0.0 252000
1695305426358 0.0 256000
1695305457100 0.0 260000
1695305487710 0.0 264000
1695305518375 0.0 268000
1695305548776 0.0 272000
1695305579481 0.0 276000
1695305610939 0.0 280000
1695305641266 0.0 284000
1695305672100 0.0 288000
1695305702340 0.0 292000
1695305733754 0.0 296000
1695305763918 0.0 300000
1695305794939 0.0 304000
1695305825344 0.0 308000
1695305856199 0.0 312000
1695305886462 0.0 316000
1695305917087 0.0 320000
1695305947572 0.0 324000
1695305978498 0.0 328000
1695306008654 0.0 332000
1695306039516 0.0 336000
1695306070884 0.0 340000
1695306101788 0.0 344000
1695306132252 0.0 348000
1695306162878 0.0 352000
1695306193367 0.0 356000
1695306224290 0.0 360000
1695306254705 0.0 364000
1695306287126 0.0 368000
1695306318491 0.0 372000
1695306351061 0.0 376000
1695306382518 0.0 380000
1695306417647 0.0 384000
1695306452198 0.0 388000
1695306486453 0.0 392000
1695306519903 0.0 396000
1695306554075 0.0 400000
1695306586080 0.0 404000
1695306620782 0.0 408000
1695306653679 0.0 412000
1695306687370 0.0 416000
1695306720458 0.0 420000
1695306752931 0.0 424000
1695306786084 0.0 428000
1695306823377 0.0 432000
1695306860205 0.0 436000
1695306893552 0.0 440000
1695306927025 0.0 444000
1695306961102 0.0 448000
1695306995320 0.0 452000
1695307028923 0.0 456000
1695307061161 0.0 460000
1695307093375 0.0 464000
1695307128190 0.0 468000
1695307160906 0.0 472000
1695307193739 0.0 476000
1695307226894 0.0 480000
1695307261305 0.0 484000
1695307295775 0.0 488000
1695307328568 0.0 492000
1695307362197 0.0 496000
1695307398532 0.0 500000
1695307433782 0.0 504000
1695307466816 0.0 508000
1695307502312 0.0 512000
1695307540878 0.0 516000
1695307575770 0.0 520000
1695307615191 0.0 524000
1695307652918 0.0 528000
1695307688981 0.0 532000
1695307724755 0.0 536000
1695307759386 0.0 540000
1695307803612 0.0 544000
1695307846213 0.0 548000
1695307880690 0.0 552000
1695307919620 0.0 556000
1695307956787 0.0 560000
1695307994865 0.0 564000
1695308028020 0.0 568000
1695308062891 0.0 572000
1695308098095 0.0 576000
1695308132109 0.0 580000
1695308167220 0.0 584000
1695308204602 0.0 588000
1695308240224 0.0 592000
1695308275265 0.0 596000
1695308317629 0.0 600000
1695308353402 0.0 604000
1695308394745 0.0 608000
1695308433126 0.0 612000
1695308469747 0.0 616000
1695308516181 0.0 620000
1695308552759 0.0 624000
1695308589939 0.0 628000
1695308629723 0.0 632000
1695308665776 0.0 636000
1695308703960 0.0 640000
1695308741032 0.0 644000
1695308776437 0.0 648000
1695308813114 0.0 652000
1695308854510 0.0 656000
1695308889163 0.0 660000
1695308922259 0.0 664000
1695308955632 0.0 668000
1695308990645 0.0 672000
1695309025578 0.0 676000
1695309064272 0.0 680000
1695309102442 0.0 684000
1695309138056 0.0 688000
1695309173172 0.0 692000
1695309207182 0.0 696000
1695309241604 0.0 700000
1695309278111 0.0 704000
1695309314254 0.0 708000
1695309350724 0.0 712000
1695309387572 0.0 716000
1695309422286 0.0 720000
1695309457130 0.0 724000
1695309489521 0.0 728000
1695309522290 0.0 732000
1695309555465 0.0 736000
1695309590325 0.0 740000
1695309624584 0.0 744000
1695309658557 0.0 748000
1695309692347 0.0 752000
1695309730435 0.0 756000
1695309764996 0.0 760000
1695309797486 0.0 764000
1695309829841 0.0 768000
1695309863409 0.0 772000
1695309897316 0.0 776000
1695309932680 0.0 780000
1695309969943 0.0 784000
1695310015832 0.0 788000
1695310052570 0.0 792000
1695310087743 0.0 796000
1695310125645 0.0 800000
1695310160755 0.0 804000
1695310197744 0.0 808000
1695310240335 0.0 812000
1695310277562 0.0 816000
1695310312670 0.0 820000
1695310348309 0.0 824000
1695310386635 0.0 828000
1695310421501 0.0 832000
1695310455164 0.0 836000
1695310493998 0.0 840000
1695310538704 0.0 844000
1695310575932 0.0 848000
1695310616852 0.0 852000
1695310655453 0.0 856000
1695310690317 0.0 860000
1695310724033 0.0 864000
1695310758921 0.0 868000
