1695303109711 0.0 4000
1695303138398 0.0 8000
1695303167533 0.0 12000
1695303196303 0.0 16000
1695303230368 0.0 20000
1695303262696 0.0 24000
1695303295842 0.0 28000
1695303328674 0.0 32000
1695303360564 0.0 36000
1695303392694 0.0 40000
1695303425060 0.0 44000
1695303456247 0.0 48000
1695303487972 0.0 52000
1695303518715 0.0 56000
1695303550427 0.0 60000
1695303581617 0.0 64000
1695303615354 0.0 68000
1695303648090 0.0 72000
1695303680760 0.0 76000
1695303712509 0.0 80000
1695303753709 0.0 84000
1695303786220 0.0 88000
1695303816946 0.0 92000
1695303852645 0.0 96000
1695303897797 0.0 100000
1695303939910 0.0 104000
1695303972633 0.0 108000
1695304013164 0.0 112000
1695304058338 0.0 116000
1695304101545 0.0 120000
1695304142307 0.0 124000
1695304192036 0.0 128000
1695304235725 0.0 132000
1695304278836 0.0 136000
1695304323092 0.0 140000
1695304364699 0.0 144000
1695304406572 0.0 148000
1695304450444 0.0 152000
1695304491914 0.0 156000
1695304533272 0.0 160000
1695304577714 0.0 164000
1695304622866 0.0 168000
1695304666348 0.0 172000
1695304711462 0.0 176000
1695304751036 0.0 180000
1695304788742 0.0 184000
1695304832550 0.0 188000
1695304872662 0.0 192000
1695304909386 0.0 196000
1695304945242 0.0 200000
1695304982328 0.0 204000
1695305025005 0.0 208000
1695305061236 0.0 212000
1695305097696 0.0 216000
1695305135866 0.0 220000
1695305173084 0.0 224000
1695305208296 0.0 228000
1695305242142 0.0 232000
1695305272990 0.0 236000
1695305303670 0.0 240000
1695305335023 0.0 244000
1695305365430 0.0 248000
1695305395865 0.0 252000
1695305426374 0.0 256000
1695305457114 0.0 260000
1695305487725 0.0 264000
1695305518389 0.0 268000
1695305548791 0.0 272000
1695305579495 0.0 276000
1695305610954 0.0 280000
1695305641281 0.0 284000
1695305672113 0.0 288000
1695305702354 0.0 292000
1695305733768 0.0 296000
1695305763937 0.0 300000
1695305794953 0.0 304000
1695305825358 0.0 308000
1695305856213 0.0 312000
1695305886475 0.0 316000
1695305917101 0.0 320000
1695305947587 0.0 324000
1695305978511 0.0 328000
1695306008668 0.0 332000
1695306039531 0.0 336000
1695306070898 0.0 340000
1695306101803 0.0 344000
1695306132266 0.0 348000
1695306162892 0.0 352000
1695306193382 0.0 356000
1695306224304 0.0 360000
1695306254719 0.0 364000
1695306287139 0.0 368000
1695306318506 0.0 372000
1695306351075 0.0 376000
1695306382532 0.0 380000
1695306417662 0.0 384000
1695306452212 0.0 388000
1695306486468 0.0 392000
1695306519918 0.0 396000
1695306554091 0.0 400000
1695306586096 0.0 404000
1695306620798 0.0 408000
1695306653694 0.0 412000
1695306687387 0.0 416000
1695306720473 0.0 420000
1695306752946 0.0 424000
1695306786098 0.0 428000
1695306823395 0.0 432000
1695306860221 0.0 436000
1695306893567 0.0 440000
1695306927042 0.0 444000
1695306961117 0.0 448000
1695306995335 0.0 452000
1695307028938 0.0 456000
1695307061176 0.0 460000
1695307093390 0.0 464000
1695307128205 0.0 468000
1695307160923 0.0 472000
1695307193754 0.0 476000
1695307226909 0.0 480000
1695307261321 0.0 484000
1695307295790 0.0 488000
1695307328583 0.0 492000
1695307362212 0.0 496000
1695307398549 0.0 500000
1695307433800 0.0 504000
1695307466833 0.0 508000
1695307502328 0.0 512000
1695307540895 0.0 516000
1695307575785 0.0 520000
1695307615208 0.0 524000
1695307652933 0.0 528000
1695307688997 0.0 532000
1695307724771 0.0 536000
1695307759401 0.0 540000
1695307803640 0.0 544000
1695307846229 0.0 548000
1695307880707 0.0 552000
1695307919636 0.0 556000
1695307956805 0.0 560000
1695307994881 0.0 564000
1695308028035 0.0 568000
1695308062907 0.0 572000
1695308098110 0.0 576000
1695308132125 0.0 580000
1695308167235 0.0 584000
1695308204620 0.0 588000
1695308240239 0.0 592000
1695308275282 0.0 596000
1695308317646 0.0 600000
1695308353418 0.0 604000
1695308394765 0.0 608000
1695308433141 0.0 612000
1695308469765 0.0 616000
1695308516198 0.0 620000
1695308552776 0.0 624000
1695308589957 0.0 628000
1695308629741 0.0 632000
1695308665793 0.0 636000
1695308703978 0.0 640000
1695308741048 0.0 644000
1695308776453 0.0 648000
1695308813132 0.0 652000
1695308854524 0.0 656000
1695308889179 0.0 660000
1695308922273 0.0 664000
1695308955647 0.0 668000
1695308990662 0.0 672000
1695309025596 0.0 676000
1695309064295 0.0 680000
1695309102459 0.0 684000
1695309138072 0.0 688000
1695309173187 0.0 692000
1695309207199 0.0 696000
1695309241619 0.0 700000
1695309278127 0.0 704000
1695309314272 0.0 708000
1695309350739 0.0 712000
1695309387588 0.0 716000
1695309422301 0.0 720000
1695309457145 0.0 724000
1695309489536 0.0 728000
1695309522305 0.0 732000
1695309555481 0.0 736000
1695309590340 0.0 740000
1695309624600 0.0 744000
1695309658572 0.0 748000
1695309692361 0.0 752000
1695309730454 0.0 756000
1695309765011 0.0 760000
1695309797500 0.0 764000
1695309829857 0.0 768000
1695309863424 0.0 772000
1695309897331 0.0 776000
1695309932696 0.0 780000
1695309969959 0.0 784000
1695310015848 0.0 788000
1695310052586 0.0 792000
1695310087759 0.0 796000
1695310125661 0.0 800000
1695310160769 0.0 804000
1695310197761 0.0 808000
1695310240352 0.0 812000
1695310277578 0.0 816000
1695310312686 0.0 820000
1695310348326 0.0 824000
1695310386652 0.0 828000
1695310421516 0.0 832000
1695310455181 0.0 836000
1695310494015 0.0 840000
1695310538718 0.0 844000
1695310575948 0.0 848000
1695310616874 0.0 852000
1695310655468 0.0 856000
1695310690332 0.0 860000
1695310724049 0.0 864000
1695310758936 0.0 868000
