1695303109693 0.0 4000
1695303138380 0.0 8000
1695303167516 0.0 12000
1695303196286 0.0 16000
1695303230349 0.0 20000
1695303262679 0.0 24000
1695303295826 0.0 28000
1695303328658 0.0 32000
1695303360547 0.0 36000
1695303392677 0.0 40000
1695303425043 0.0 44000
1695303456231 0.0 48000
1695303487955 0.0 52000
1695303518699 0.0 56000
1695303550411 0.0 60000
1695303581601 0.0 64000
1695303615336 0.0 68000
1695303648074 0.0 72000
1695303680744 0.0 76000
1695303712493 0.0 80000
1695303753691 0.0 84000
1695303786204 0.0 88000
1695303816929 0.0 92000
1695303852622 0.0 96000
1695303897759 0.0 100000
1695303939894 0.0 104000
1695303972615 0.0 108000
1695304013145 0.0 112000
1695304058317 0.0 116000
1695304101526 0.0 120000
1695304142288 0.0 124000
1695304192008 0.0 128000
1695304235704 0.0 132000
1695304278816 0.0 136000
1695304323071 0.0 140000
1695304364674 0.0 144000
1695304406546 0.0 148000
1695304450423 0.0 152000
1695304491896 0.0 156000
1695304533251 0.0 160000
1695304577695 0.0 164000
1695304622844 0.0 168000
1695304666330 0.0 172000
1695304711446 0.0 176000
1695304751018 0.0 180000
1695304788723 0.0 184000
1695304832528 0.0 188000
1695304872643 0.0 192000
1695304909362 0.0 196000
1695304945224 0.0 200000
1695304982310 0.0 204000
1695305024986 0.0 208000
1695305061218 0.0 212000
1695305097677 0.0 216000
1695305135848 0.0 220000
1695305173066 0.0 224000
1695305208279 0.0 228000
1695305242127 0.0 232000
1695305272974 0.0 236000
1695305303652 0.0 240000
1695305335008 0.0 244000
1695305365413 0.0 248000
1695305395850 0.0 252000
1695305426357 0.0 256000
1695305457099 0.0 260000
1695305487709 0.0 264000
1695305518374 0.0 268000
1695305548775 0.0 272000
1695305579480 0.0 276000
1695305610938 0.0 280000
1695305641265 0.0 284000
1695305672099 0.0 288000
1695305702339 0.0 292000
1695305733753 0.0 296000
1695305763917 0.0 300000
1695305794938 0.0 304000
1695305825343 0.0 308000
1695305856198 0.0 312000
1695305886461 0.0 316000
1695305917086 0.0 320000
1695305947571 0.0 324000
1695305978497 0.0 328000
1695306008653 0.0 332000
1695306039514 0.0 336000
1695306070883 0.0 340000
1695306101787 0.0 344000
1695306132251 0.0 348000
1695306162877 0.0 352000
1695306193366 0.0 356000
1695306224289 0.0 360000
1695306254704 0.0 364000
1695306287124 0.0 368000
1695306318490 0.0 372000
1695306351060 0.0 376000
1695306382517 0.0 380000
1695306417646 0.0 384000
1695306452197 0.0 388000
1695306486452 0.0 392000
1695306519902 0.0 396000
1695306554074 0.0 400000
1695306586079 0.0 404000
1695306620781 0.0 408000
1695306653678 0.0 412000
1695306687369 0.0 416000
1695306720457 0.0 420000
1695306752930 0.0 424000
1695306786083 0.0 428000
1695306823376 0.0 432000
1695306860204 0.0 436000
1695306893551 0.0 440000
1695306927024 0.0 444000
1695306961101 0.0 448000
1695306995319 0.0 452000
1695307028922 0.0 456000
1695307061160 0.0 460000
1695307093374 0.0 464000
1695307128189 0.0 468000
1695307160905 0.0 472000
1695307193738 0.0 476000
1695307226893 0.0 480000
1695307261304 0.0 484000
1695307295774 0.0 488000
1695307328566 0.0 492000
1695307362195 0.0 496000
1695307398531 0.0 500000
1695307433781 0.0 504000
1695307466815 0.0 508000
1695307502311 0.0 512000
1695307540877 0.0 516000
1695307575769 0.0 520000
1695307615190 0.0 524000
1695307652917 0.0 528000
1695307688979 0.0 532000
1695307724754 0.0 536000
1695307759385 0.0 540000
1695307803610 0.0 544000
1695307846212 0.0 548000
1695307880689 0.0 552000
1695307919619 0.0 556000
1695307956786 0.0 560000
1695307994864 0.0 564000
1695308028018 0.0 568000
1695308062890 0.0 572000
1695308098094 0.0 576000
1695308132107 0.0 580000
1695308167219 0.0 584000
1695308204600 0.0 588000
1695308240223 0.0 592000
1695308275263 0.0 596000
1695308317627 0.0 600000
1695308353401 0.0 604000
1695308394744 0.0 608000
1695308433125 0.0 612000
1695308469746 0.0 616000
1695308516180 0.0 620000
1695308552757 0.0 624000
1695308589938 0.0 628000
1695308629722 0.0 632000
1695308665774 0.0 636000
1695308703959 0.0 640000
1695308741031 0.0 644000
1695308776436 0.0 648000
1695308813112 0.0 652000
1695308854508 0.0 656000
1695308889162 0.0 660000
1695308922257 0.0 664000
1695308955630 0.0 668000
1695308990644 0.0 672000
1695309025576 0.0 676000
1695309064271 0.0 680000
1695309102441 0.0 684000
1695309138055 0.0 688000
1695309173171 0.0 692000
1695309207181 0.0 696000
1695309241603 0.0 700000
1695309278110 0.0 704000
1695309314253 0.0 708000
1695309350723 0.0 712000
1695309387571 0.0 716000
1695309422285 0.0 720000
1695309457129 0.0 724000
1695309489520 0.0 728000
1695309522289 0.0 732000
1695309555464 0.0 736000
1695309590323 0.0 740000
1695309624583 0.0 744000
1695309658555 0.0 748000
1695309692346 0.0 752000
1695309730433 0.0 756000
1695309764995 0.0 760000
1695309797485 0.0 764000
1695309829840 0.0 768000
1695309863408 0.0 772000
1695309897314 0.0 776000
1695309932678 0.0 780000
1695309969942 0.0 784000
1695310015831 0.0 788000
1695310052569 0.0 792000
1695310087741 0.0 796000
1695310125644 0.0 800000
1695310160754 0.0 804000
1695310197743 0.0 808000
1695310240334 0.0 812000
1695310277561 0.0 816000
1695310312668 0.0 820000
1695310348308 0.0 824000
1695310386634 0.0 828000
1695310421500 0.0 832000
1695310455163 0.0 836000
1695310493997 0.0 840000
1695310538702 0.0 844000
1695310575930 0.0 848000
1695310616850 0.0 852000
1695310655452 0.0 856000
1695310690316 0.0 860000
1695310724032 0.0 864000
1695310758920 0.0 868000
