1695303109709 0.0 4000
1695303138396 0.0 8000
1695303167531 0.0 12000
1695303196301 0.0 16000
1695303230366 0.0 20000
1695303262694 0.0 24000
1695303295840 0.0 28000
1695303328672 0.0 32000
1695303360562 0.0 36000
1695303392692 0.0 40000
1695303425058 0.0 44000
1695303456245 0.0 48000
1695303487970 0.0 52000
1695303518714 0.0 56000
1695303550425 0.0 60000
1695303581615 0.0 64000
1695303615352 0.0 68000
1695303648088 0.0 72000
1695303680758 0.0 76000
1695303712507 0.0 80000
1695303753707 0.0 84000
1695303786218 0.0 88000
1695303816944 0.0 92000
1695303852643 0.0 96000
1695303897794 0.0 100000
1695303939908 0.0 104000
1695303972631 0.0 108000
1695304013162 0.0 112000
1695304058336 0.0 116000
1695304101543 0.0 120000
1695304142304 0.0 124000
1695304192032 0.0 128000
1695304235722 0.0 132000
1695304278834 0.0 136000
1695304323090 0.0 140000
1695304364697 0.0 144000
1695304406569 0.0 148000
1695304450442 0.0 152000
1695304491912 0.0 156000
1695304533269 0.0 160000
1695304577712 0.0 164000
1695304622863 0.0 168000
1695304666346 0.0 172000
1695304711460 0.0 176000
1695304751034 0.0 180000
1695304788740 0.0 184000
1695304832548 0.0 188000
1695304872659 0.0 192000
1695304909384 0.0 196000
1695304945240 0.0 200000
1695304982326 0.0 204000
1695305025003 0.0 208000
1695305061234 0.0 212000
1695305097693 0.0 216000
1695305135864 0.0 220000
1695305173082 0.0 224000
1695305208294 0.0 228000
1695305242140 0.0 232000
1695305272988 0.0 236000
1695305303668 0.0 240000
1695305335021 0.0 244000
1695305365428 0.0 248000
1695305395864 0.0 252000
1695305426372 0.0 256000
1695305457112 0.0 260000
1695305487723 0.0 264000
1695305518388 0.0 268000
1695305548789 0.0 272000
1695305579493 0.0 276000
1695305610952 0.0 280000
1695305641279 0.0 284000
1695305672111 0.0 288000
1695305702352 0.0 292000
1695305733767 0.0 296000
1695305763934 0.0 300000
1695305794951 0.0 304000
1695305825356 0.0 308000
1695305856212 0.0 312000
1695305886474 0.0 316000
1695305917099 0.0 320000
1695305947585 0.0 324000
1695305978510 0.0 328000
1695306008667 0.0 332000
1695306039529 0.0 336000
1695306070896 0.0 340000
1695306101801 0.0 344000
1695306132264 0.0 348000
1695306162890 0.0 352000
1695306193380 0.0 356000
1695306224302 0.0 360000
1695306254718 0.0 364000
1695306287138 0.0 368000
1695306318504 0.0 372000
1695306351074 0.0 376000
1695306382530 0.0 380000
1695306417660 0.0 384000
1695306452211 0.0 388000
1695306486466 0.0 392000
1695306519916 0.0 396000
1695306554089 0.0 400000
1695306586094 0.0 404000
1695306620796 0.0 408000
1695306653692 0.0 412000
1695306687385 0.0 416000
1695306720472 0.0 420000
1695306752944 0.0 424000
1695306786096 0.0 428000
1695306823393 0.0 432000
1695306860219 0.0 436000
1695306893565 0.0 440000
1695306927040 0.0 444000
1695306961115 0.0 448000
1695306995333 0.0 452000
1695307028936 0.0 456000
1695307061174 0.0 460000
1695307093388 0.0 464000
1695307128203 0.0 468000
1695307160921 0.0 472000
1695307193752 0.0 476000
1695307226907 0.0 480000
1695307261319 0.0 484000
1695307295788 0.0 488000
1695307328581 0.0 492000
1695307362211 0.0 496000
1695307398547 0.0 500000
1695307433797 0.0 504000
1695307466831 0.0 508000
1695307502326 0.0 512000
1695307540893 0.0 516000
1695307575783 0.0 520000
1695307615206 0.0 524000
1695307652931 0.0 528000
1695307688995 0.0 532000
1695307724769 0.0 536000
1695307759399 0.0 540000
1695307803638 0.0 544000
1695307846227 0.0 548000
1695307880705 0.0 552000
1695307919634 0.0 556000
1695307956803 0.0 560000
1695307994879 0.0 564000
1695308028033 0.0 568000
1695308062905 0.0 572000
1695308098108 0.0 576000
1695308132123 0.0 580000
1695308167233 0.0 584000
1695308204618 0.0 588000
1695308240237 0.0 592000
1695308275280 0.0 596000
1695308317644 0.0 600000
1695308353416 0.0 604000
1695308394763 0.0 608000
1695308433139 0.0 612000
1695308469763 0.0 616000
1695308516196 0.0 620000
1695308552774 0.0 624000
1695308589955 0.0 628000
1695308629738 0.0 632000
1695308665791 0.0 636000
1695308703976 0.0 640000
1695308741046 0.0 644000
1695308776451 0.0 648000
1695308813129 0.0 652000
1695308854522 0.0 656000
1695308889177 0.0 660000
1695308922271 0.0 664000
1695308955645 0.0 668000
1695308990660 0.0 672000
1695309025594 0.0 676000
1695309064292 0.0 680000
1695309102457 0.0 684000
1695309138070 0.0 688000
1695309173185 0.0 692000
1695309207197 0.0 696000
1695309241617 0.0 700000
1695309278125 0.0 704000
1695309314270 0.0 708000
1695309350737 0.0 712000
1695309387586 0.0 716000
1695309422299 0.0 720000
1695309457143 0.0 724000
1695309489534 0.0 728000
1695309522304 0.0 732000
1695309555479 0.0 736000
1695309590338 0.0 740000
1695309624598 0.0 744000
1695309658570 0.0 748000
1695309692359 0.0 752000
1695309730452 0.0 756000
1695309765009 0.0 760000
1695309797498 0.0 764000
1695309829855 0.0 768000
1695309863423 0.0 772000
1695309897329 0.0 776000
1695309932694 0.0 780000
1695309969957 0.0 784000
1695310015846 0.0 788000
1695310052584 0.0 792000
1695310087757 0.0 796000
1695310125659 0.0 800000
1695310160768 0.0 804000
1695310197759 0.0 808000
1695310240350 0.0 812000
1695310277576 0.0 816000
1695310312684 0.0 820000
1695310348324 0.0 824000
1695310386650 0.0 828000
1695310421514 0.0 832000
1695310455178 0.0 836000
1695310494013 0.0 840000
1695310538717 0.0 844000
1695310575946 0.0 848000
1695310616871 0.0 852000
1695310655467 0.0 856000
1695310690331 0.0 860000
1695310724046 0.0 864000
1695310758934 0.0 868000
