1695303109717 128.0 4000
1695303138405 128.0 8000
1695303167539 128.0 12000
1695303196310 128.0 16000
1695303230376 128.0 20000
1695303262703 128.0 24000
1695303295848 128.0 28000
1695303328681 128.0 32000
1695303360571 128.0 36000
1695303392701 128.0 40000
1695303425066 128.0 44000
1695303456254 128.0 48000
1695303487978 128.0 52000
1695303518722 128.0 56000
1695303550433 128.0 60000
1695303581623 128.0 64000
1695303615360 128.0 68000
1695303648096 128.0 72000
1695303680766 128.0 76000
1695303712515 128.0 80000
1695303753715 128.0 84000
1695303786226 128.0 88000
1695303816953 128.0 92000
1695303852653 128.0 96000
1695303897809 128.0 100000
1695303939916 128.0 104000
1695303972640 128.0 108000
1695304013173 128.0 112000
1695304058347 128.0 116000
1695304101552 128.0 120000
1695304142314 128.0 124000
1695304192046 128.0 128000
1695304235733 128.0 132000
1695304278844 128.0 136000
1695304323100 128.0 140000
1695304364707 128.0 144000
1695304406581 128.0 148000
1695304450453 128.0 152000
1695304491922 128.0 156000
1695304533279 128.0 160000
1695304577722 128.0 164000
1695304622874 128.0 168000
1695304666356 128.0 172000
1695304711468 128.0 176000
1695304751043 128.0 180000
1695304788749 128.0 184000
1695304832557 128.0 188000
1695304872669 128.0 192000
1695304909393 128.0 196000
1695304945249 128.0 200000
1695304982335 128.0 204000
1695305025013 128.0 208000
1695305061243 128.0 212000
1695305097703 128.0 216000
1695305135873 128.0 220000
1695305173091 128.0 224000
1695305208303 128.0 228000
1695305242148 128.0 232000
1695305272996 128.0 236000
1695305303678 128.0 240000
1695305335029 128.0 244000
1695305365436 128.0 248000
1695305395871 128.0 252000
1695305426381 128.0 256000
1695305457120 128.0 260000
1695305487732 128.0 264000
1695305518395 128.0 268000
1695305548797 128.0 272000
1695305579501 128.0 276000
1695305610960 128.0 280000
1695305641287 128.0 284000
1695305672119 128.0 288000
1695305702360 128.0 292000
1695305733774 128.0 296000
1695305763946 128.0 300000
1695305794959 128.0 304000
1695305825364 128.0 308000
1695305856219 128.0 312000
1695305886481 128.0 316000
1695305917107 128.0 320000
1695305947593 128.0 324000
1695305978517 128.0 328000
1695306008675 128.0 332000
1695306039537 128.0 336000
1695306070904 128.0 340000
1695306101809 128.0 344000
1695306132272 128.0 348000
1695306162898 128.0 352000
1695306193388 128.0 356000
1695306224310 128.0 360000
1695306254726 128.0 364000
1695306287146 128.0 368000
1695306318512 128.0 372000
1695306351082 128.0 376000
1695306382537 128.0 380000
1695306417669 128.0 384000
1695306452219 128.0 388000
1695306486475 128.0 392000
1695306519924 128.0 396000
1695306554097 128.0 400000
1695306586102 128.0 404000
1695306620805 128.0 408000
1695306653699 128.0 412000
1695306687394 128.0 416000
1695306720480 128.0 420000
1695306752952 128.0 424000
1695306786104 128.0 428000
1695306823408 128.0 432000
1695306860227 128.0 436000
1695306893573 128.0 440000
1695306927049 128.0 444000
1695306961123 128.0 448000
1695306995342 128.0 452000
1695307028944 128.0 456000
1695307061183 128.0 460000
1695307093397 128.0 464000
1695307128211 128.0 468000
1695307160930 128.0 472000
1695307193761 128.0 476000
1695307226916 128.0 480000
1695307261327 128.0 484000
1695307295796 128.0 488000
1695307328590 128.0 492000
1695307362219 128.0 496000
1695307398556 128.0 500000
1695307433807 128.0 504000
1695307466840 128.0 508000
1695307502335 128.0 512000
1695307540902 128.0 516000
1695307575792 128.0 520000
1695307615216 128.0 524000
1695307652939 128.0 528000
1695307689003 128.0 532000
1695307724778 128.0 536000
1695307759407 128.0 540000
1695307803650 128.0 544000
1695307846235 128.0 548000
1695307880715 128.0 552000
1695307919643 128.0 556000
1695307956813 128.0 560000
1695307994888 128.0 564000
1695308028041 128.0 568000
1695308062914 128.0 572000
1695308098117 128.0 576000
1695308132132 128.0 580000
1695308167242 128.0 584000
1695308204628 128.0 588000
1695308240245 128.0 592000
1695308275290 128.0 596000
1695308317653 128.0 600000
1695308353424 128.0 604000
1695308394774 128.0 608000
1695308433147 128.0 612000
1695308469773 128.0 616000
1695308516206 128.0 620000
1695308552783 128.0 624000
1695308589965 128.0 628000
1695308629748 128.0 632000
1695308665805 128.0 636000
1695308703985 128.0 640000
1695308741054 128.0 644000
1695308776461 128.0 648000
1695308813139 128.0 652000
1695308854530 128.0 656000
1695308889185 128.0 660000
1695308922280 128.0 664000
1695308955654 128.0 668000
1695308990669 128.0 672000
1695309025604 128.0 676000
1695309064302 128.0 680000
1695309102466 128.0 684000
1695309138080 128.0 688000
1695309173194 128.0 692000
1695309207206 128.0 696000
1695309241626 128.0 700000
1695309278134 128.0 704000
1695309314280 128.0 708000
1695309350745 128.0 712000
1695309387595 128.0 716000
1695309422307 128.0 720000
1695309457152 128.0 724000
1695309489542 128.0 728000
1695309522312 128.0 732000
1695309555487 128.0 736000
1695309590346 128.0 740000
1695309624606 128.0 744000
1695309658578 128.0 748000
1695309692368 128.0 752000
1695309730462 128.0 756000
1695309765017 128.0 760000
1695309797506 128.0 764000
1695309829863 128.0 768000
1695309863431 128.0 772000
1695309897338 128.0 776000
1695309932702 128.0 780000
1695309969966 128.0 784000
1695310015855 128.0 788000
1695310052593 128.0 792000
1695310087766 128.0 796000
1695310125669 128.0 800000
1695310160775 128.0 804000
1695310197768 128.0 808000
1695310240359 128.0 812000
1695310277584 128.0 816000
1695310312693 128.0 820000
1695310348333 128.0 824000
1695310386661 128.0 828000
1695310421522 128.0 832000
1695310455187 128.0 836000
1695310494022 128.0 840000
1695310538725 128.0 844000
1695310575955 128.0 848000
1695310616883 128.0 852000
1695310655475 128.0 856000
1695310690339 128.0 860000
1695310724055 128.0 864000
1695310758942 128.0 868000
