1695303109718 1.0 4000
1695303138406 1.0 8000
1695303167540 1.0 12000
1695303196311 1.0 16000
1695303230377 1.0 20000
1695303262703 1.0 24000
1695303295849 1.0 28000
1695303328682 1.0 32000
1695303360572 1.0 36000
1695303392701 1.0 40000
1695303425067 1.0 44000
1695303456255 1.0 48000
1695303487979 1.0 52000
1695303518722 1.0 56000
1695303550434 1.0 60000
1695303581624 1.0 64000
1695303615361 1.0 68000
1695303648097 1.0 72000
1695303680767 1.0 76000
1695303712516 1.0 80000
1695303753716 1.0 84000
1695303786227 1.0 88000
1695303816954 1.0 92000
1695303852654 1.0 96000
1695303897810 1.0 100000
1695303939917 1.0 104000
1695303972641 1.0 108000
1695304013174 1.0 112000
1695304058348 1.0 116000
1695304101553 1.0 120000
1695304142315 1.0 124000
1695304192047 1.0 128000
1695304235734 1.0 132000
1695304278845 1.0 136000
1695304323101 1.0 140000
1695304364708 1.0 144000
1695304406582 1.0 148000
1695304450454 1.0 152000
1695304491923 1.0 156000
1695304533280 1.0 160000
1695304577723 1.0 164000
1695304622875 1.0 168000
1695304666357 1.0 172000
1695304711469 1.0 176000
1695304751044 1.0 180000
1695304788750 1.0 184000
1695304832557 1.0 188000
1695304872670 1.0 192000
1695304909394 1.0 196000
1695304945250 1.0 200000
1695304982336 1.0 204000
1695305025014 1.0 208000
1695305061244 1.0 212000
1695305097704 1.0 216000
1695305135874 1.0 220000
1695305173092 1.0 224000
1695305208304 1.0 228000
1695305242149 1.0 232000
1695305272997 1.0 236000
1695305303679 1.0 240000
1695305335030 1.0 244000
1695305365437 1.0 248000
1695305395872 1.0 252000
1695305426381 1.0 256000
1695305457121 1.0 260000
1695305487733 1.0 264000
1695305518396 1.0 268000
1695305548798 1.0 272000
1695305579501 1.0 276000
1695305610961 1.0 280000
1695305641287 1.0 284000
1695305672119 1.0 288000
1695305702361 1.0 292000
1695305733775 1.0 296000
1695305763947 1.0 300000
1695305794959 1.0 304000
1695305825365 1.0 308000
1695305856220 1.0 312000
1695305886482 1.0 316000
1695305917108 1.0 320000
1695305947594 1.0 324000
1695305978518 1.0 328000
1695306008675 1.0 332000
1695306039538 1.0 336000
1695306070905 1.0 340000
1695306101810 1.0 344000
1695306132272 1.0 348000
1695306162899 1.0 352000
1695306193389 1.0 356000
1695306224311 1.0 360000
1695306254726 1.0 364000
1695306287146 1.0 368000
1695306318513 1.0 372000
1695306351082 1.0 376000
1695306382538 1.0 380000
1695306417669 1.0 384000
1695306452220 1.0 388000
1695306486476 1.0 392000
1695306519925 1.0 396000
1695306554098 1.0 400000
1695306586102 1.0 404000
1695306620806 1.0 408000
1695306653700 1.0 412000
1695306687395 1.0 416000
1695306720481 1.0 420000
1695306752953 1.0 424000
1695306786105 1.0 428000
1695306823409 1.0 432000
1695306860228 1.0 436000
1695306893574 1.0 440000
1695306927049 1.0 444000
1695306961124 1.0 448000
1695306995342 1.0 452000
1695307028945 1.0 456000
1695307061184 1.0 460000
1695307093397 1.0 464000
1695307128212 1.0 468000
1695307160930 1.0 472000
1695307193762 1.0 476000
1695307226917 1.0 480000
1695307261328 1.0 484000
1695307295797 1.0 488000
1695307328590 1.0 492000
1695307362220 1.0 496000
1695307398557 1.0 500000
1695307433808 1.0 504000
1695307466841 1.0 508000
1695307502336 1.0 512000
1695307540903 1.0 516000
1695307575792 1.0 520000
1695307615216 1.0 524000
1695307652940 1.0 528000
1695307689004 1.0 532000
1695307724779 1.0 536000
1695307759408 1.0 540000
1695307803651 1.0 544000
1695307846236 1.0 548000
1695307880715 1.0 552000
1695307919644 1.0 556000
1695307956813 1.0 560000
1695307994888 1.0 564000
1695308028042 1.0 568000
1695308062914 1.0 572000
1695308098118 1.0 576000
1695308132132 1.0 580000
1695308167242 1.0 584000
1695308204629 1.0 588000
1695308240246 1.0 592000
1695308275290 1.0 596000
1695308317654 1.0 600000
1695308353425 1.0 604000
1695308394775 1.0 608000
1695308433148 1.0 612000
1695308469773 1.0 616000
1695308516206 1.0 620000
1695308552784 1.0 624000
1695308589966 1.0 628000
1695308629749 1.0 632000
1695308665806 1.0 636000
1695308703986 1.0 640000
1695308741055 1.0 644000
1695308776462 1.0 648000
1695308813140 1.0 652000
1695308854531 1.0 656000
1695308889186 1.0 660000
1695308922281 1.0 664000
1695308955655 1.0 668000
1695308990670 1.0 672000
1695309025605 1.0 676000
1695309064303 1.0 680000
1695309102466 1.0 684000
1695309138080 1.0 688000
1695309173195 1.0 692000
1695309207206 1.0 696000
1695309241626 1.0 700000
1695309278135 1.0 704000
1695309314281 1.0 708000
1695309350746 1.0 712000
1695309387596 1.0 716000
1695309422308 1.0 720000
1695309457152 1.0 724000
1695309489542 1.0 728000
1695309522312 1.0 732000
1695309555488 1.0 736000
1695309590347 1.0 740000
1695309624607 1.0 744000
1695309658579 1.0 748000
1695309692369 1.0 752000
1695309730463 1.0 756000
1695309765018 1.0 760000
1695309797507 1.0 764000
1695309829864 1.0 768000
1695309863432 1.0 772000
1695309897338 1.0 776000
1695309932703 1.0 780000
1695309969967 1.0 784000
1695310015856 1.0 788000
1695310052594 1.0 792000
1695310087767 1.0 796000
1695310125669 1.0 800000
1695310160776 1.0 804000
1695310197769 1.0 808000
1695310240360 1.0 812000
1695310277585 1.0 816000
1695310312693 1.0 820000
1695310348334 1.0 824000
1695310386662 1.0 828000
1695310421522 1.0 832000
1695310455188 1.0 836000
1695310494023 1.0 840000
1695310538725 1.0 844000
1695310575956 1.0 848000
1695310616884 1.0 852000
1695310655476 1.0 856000
1695310690339 1.0 860000
1695310724056 1.0 864000
1695310758943 1.0 868000
