1695303109715 1.0 4000
1695303138402 1.0 8000
1695303167537 1.0 12000
1695303196307 1.0 16000
1695303230373 1.0 20000
1695303262700 1.0 24000
1695303295846 1.0 28000
1695303328678 1.0 32000
1695303360568 1.0 36000
1695303392698 1.0 40000
1695303425064 1.0 44000
1695303456251 1.0 48000
1695303487976 1.0 52000
1695303518719 1.0 56000
1695303550431 1.0 60000
1695303581621 1.0 64000
1695303615358 1.0 68000
1695303648093 1.0 72000
1695303680764 1.0 76000
1695303712513 1.0 80000
1695303753713 1.0 84000
1695303786224 1.0 88000
1695303816950 1.0 92000
1695303852650 1.0 96000
1695303897804 1.0 100000
1695303939913 1.0 104000
1695303972637 1.0 108000
1695304013169 1.0 112000
1695304058343 1.0 116000
1695304101549 1.0 120000
1695304142311 1.0 124000
1695304192042 1.0 128000
1695304235729 1.0 132000
1695304278841 1.0 136000
1695304323097 1.0 140000
1695304364704 1.0 144000
1695304406577 1.0 148000
1695304450449 1.0 152000
1695304491919 1.0 156000
1695304533276 1.0 160000
1695304577719 1.0 164000
1695304622870 1.0 168000
1695304666353 1.0 172000
1695304711465 1.0 176000
1695304751040 1.0 180000
1695304788746 1.0 184000
1695304832554 1.0 188000
1695304872666 1.0 192000
1695304909390 1.0 196000
1695304945247 1.0 200000
1695304982332 1.0 204000
1695305025010 1.0 208000
1695305061240 1.0 212000
1695305097700 1.0 216000
1695305135870 1.0 220000
1695305173088 1.0 224000
1695305208300 1.0 228000
1695305242145 1.0 232000
1695305272993 1.0 236000
1695305303675 1.0 240000
1695305335026 1.0 244000
1695305365434 1.0 248000
1695305395869 1.0 252000
1695305426378 1.0 256000
1695305457118 1.0 260000
1695305487729 1.0 264000
1695305518393 1.0 268000
1695305548795 1.0 272000
1695305579498 1.0 276000
1695305610958 1.0 280000
1695305641284 1.0 284000
1695305672116 1.0 288000
1695305702358 1.0 292000
1695305733772 1.0 296000
1695305763942 1.0 300000
1695305794956 1.0 304000
1695305825362 1.0 308000
1695305856217 1.0 312000
1695305886479 1.0 316000
1695305917105 1.0 320000
1695305947590 1.0 324000
1695305978515 1.0 328000
1695306008672 1.0 332000
1695306039534 1.0 336000
1695306070902 1.0 340000
1695306101807 1.0 344000
1695306132269 1.0 348000
1695306162895 1.0 352000
1695306193386 1.0 356000
1695306224308 1.0 360000
1695306254723 1.0 364000
1695306287143 1.0 368000
1695306318509 1.0 372000
1695306351079 1.0 376000
1695306382535 1.0 380000
1695306417666 1.0 384000
1695306452216 1.0 388000
1695306486472 1.0 392000
1695306519921 1.0 396000
1695306554095 1.0 400000
1695306586099 1.0 404000
1695306620802 1.0 408000
1695306653697 1.0 412000
1695306687391 1.0 416000
1695306720477 1.0 420000
1695306752950 1.0 424000
1695306786102 1.0 428000
1695306823403 1.0 432000
1695306860224 1.0 436000
1695306893571 1.0 440000
1695306927046 1.0 444000
1695306961121 1.0 448000
1695306995339 1.0 452000
1695307028942 1.0 456000
1695307061180 1.0 460000
1695307093394 1.0 464000
1695307128208 1.0 468000
1695307160927 1.0 472000
1695307193758 1.0 476000
1695307226913 1.0 480000
1695307261324 1.0 484000
1695307295793 1.0 488000
1695307328587 1.0 492000
1695307362216 1.0 496000
1695307398553 1.0 500000
1695307433804 1.0 504000
1695307466837 1.0 508000
1695307502332 1.0 512000
1695307540899 1.0 516000
1695307575789 1.0 520000
1695307615212 1.0 524000
1695307652937 1.0 528000
1695307689001 1.0 532000
1695307724775 1.0 536000
1695307759405 1.0 540000
1695307803647 1.0 544000
1695307846232 1.0 548000
1695307880712 1.0 552000
1695307919640 1.0 556000
1695307956809 1.0 560000
1695307994885 1.0 564000
1695308028038 1.0 568000
1695308062911 1.0 572000
1695308098114 1.0 576000
1695308132129 1.0 580000
1695308167239 1.0 584000
1695308204625 1.0 588000
1695308240242 1.0 592000
1695308275286 1.0 596000
1695308317650 1.0 600000
1695308353422 1.0 604000
1695308394770 1.0 608000
1695308433145 1.0 612000
1695308469769 1.0 616000
1695308516203 1.0 620000
1695308552780 1.0 624000
1695308589961 1.0 628000
1695308629745 1.0 632000
1695308665801 1.0 636000
1695308703982 1.0 640000
1695308741051 1.0 644000
1695308776457 1.0 648000
1695308813136 1.0 652000
1695308854528 1.0 656000
1695308889183 1.0 660000
1695308922277 1.0 664000
1695308955651 1.0 668000
1695308990666 1.0 672000
1695309025601 1.0 676000
1695309064299 1.0 680000
1695309102463 1.0 684000
1695309138077 1.0 688000
1695309173191 1.0 692000
1695309207203 1.0 696000
1695309241623 1.0 700000
1695309278131 1.0 704000
1695309314277 1.0 708000
1695309350742 1.0 712000
1695309387592 1.0 716000
1695309422305 1.0 720000
1695309457149 1.0 724000
1695309489539 1.0 728000
1695309522309 1.0 732000
1695309555484 1.0 736000
1695309590344 1.0 740000
1695309624604 1.0 744000
1695309658575 1.0 748000
1695309692365 1.0 752000
1695309730459 1.0 756000
1695309765015 1.0 760000
1695309797504 1.0 764000
1695309829860 1.0 768000
1695309863428 1.0 772000
1695309897335 1.0 776000
1695309932699 1.0 780000
1695309969964 1.0 784000
1695310015852 1.0 788000
1695310052590 1.0 792000
1695310087763 1.0 796000
1695310125666 1.0 800000
1695310160773 1.0 804000
1695310197765 1.0 808000
1695310240356 1.0 812000
1695310277582 1.0 816000
1695310312690 1.0 820000
1695310348330 1.0 824000
1695310386657 1.0 828000
1695310421519 1.0 832000
1695310455184 1.0 836000
1695310494019 1.0 840000
1695310538722 1.0 844000
1695310575953 1.0 848000
1695310616879 1.0 852000
1695310655472 1.0 856000
1695310690336 1.0 860000
1695310724052 1.0 864000
1695310758939 1.0 868000
