1695303109715 -1.0 4000
1695303138403 -1.0 8000
1695303167537 -1.0 12000
1695303196308 -1.0 16000
1695303230374 -1.0 20000
1695303262701 -1.0 24000
1695303295846 -1.0 28000
1695303328679 -1.0 32000
1695303360569 -1.0 36000
1695303392699 -1.0 40000
1695303425065 -1.0 44000
1695303456252 -1.0 48000
1695303487976 -1.0 52000
1695303518720 -1.0 56000
1695303550431 -1.0 60000
1695303581622 -1.0 64000
1695303615358 -1.0 68000
1695303648094 -1.0 72000
1695303680764 -1.0 76000
1695303712513 -1.0 80000
1695303753713 -1.0 84000
1695303786225 -1.0 88000
1695303816951 -1.0 92000
1695303852651 -1.0 96000
1695303897805 -1.0 100000
1695303939914 -1.0 104000
1695303972638 -1.0 108000
1695304013170 -1.0 112000
1695304058344 -1.0 116000
1695304101550 -1.0 120000
1695304142312 -1.0 124000
1695304192043 -1.0 128000
1695304235730 -1.0 132000
1695304278842 -1.0 136000
1695304323098 -1.0 140000
1695304364705 -1.0 144000
1695304406578 -1.0 148000
1695304450450 -1.0 152000
1695304491920 -1.0 156000
1695304533277 -1.0 160000
1695304577720 -1.0 164000
1695304622871 -1.0 168000
1695304666354 -1.0 172000
1695304711466 -1.0 176000
1695304751041 -1.0 180000
1695304788747 -1.0 184000
1695304832555 -1.0 188000
1695304872667 -1.0 192000
1695304909391 -1.0 196000
1695304945247 -1.0 200000
1695304982333 -1.0 204000
1695305025011 -1.0 208000
1695305061241 -1.0 212000
1695305097701 -1.0 216000
1695305135871 -1.0 220000
1695305173089 -1.0 224000
1695305208301 -1.0 228000
1695305242146 -1.0 232000
1695305272994 -1.0 236000
1695305303676 -1.0 240000
1695305335027 -1.0 244000
1695305365434 -1.0 248000
1695305395870 -1.0 252000
1695305426379 -1.0 256000
1695305457118 -1.0 260000
1695305487730 -1.0 264000
1695305518394 -1.0 268000
1695305548795 -1.0 272000
1695305579499 -1.0 276000
1695305610958 -1.0 280000
1695305641285 -1.0 284000
1695305672117 -1.0 288000
1695305702358 -1.0 292000
1695305733773 -1.0 296000
1695305763943 -1.0 300000
1695305794957 -1.0 304000
1695305825362 -1.0 308000
1695305856218 -1.0 312000
1695305886479 -1.0 316000
1695305917105 -1.0 320000
1695305947591 -1.0 324000
1695305978515 -1.0 328000
1695306008673 -1.0 332000
1695306039535 -1.0 336000
1695306070902 -1.0 340000
1695306101807 -1.0 344000
1695306132270 -1.0 348000
1695306162896 -1.0 352000
1695306193386 -1.0 356000
1695306224308 -1.0 360000
1695306254724 -1.0 364000
1695306287144 -1.0 368000
1695306318510 -1.0 372000
1695306351080 -1.0 376000
1695306382536 -1.0 380000
1695306417667 -1.0 384000
1695306452217 -1.0 388000
1695306486473 -1.0 392000
1695306519922 -1.0 396000
1695306554095 -1.0 400000
1695306586100 -1.0 404000
1695306620803 -1.0 408000
1695306653698 -1.0 412000
1695306687392 -1.0 416000
1695306720478 -1.0 420000
1695306752951 -1.0 424000
1695306786102 -1.0 428000
1695306823404 -1.0 432000
1695306860225 -1.0 436000
1695306893571 -1.0 440000
1695306927047 -1.0 444000
1695306961122 -1.0 448000
1695306995340 -1.0 452000
1695307028943 -1.0 456000
1695307061181 -1.0 460000
1695307093395 -1.0 464000
1695307128209 -1.0 468000
1695307160928 -1.0 472000
1695307193759 -1.0 476000
1695307226914 -1.0 480000
1695307261325 -1.0 484000
1695307295794 -1.0 488000
1695307328588 -1.0 492000
1695307362217 -1.0 496000
1695307398554 -1.0 500000
1695307433805 -1.0 504000
1695307466838 -1.0 508000
1695307502333 -1.0 512000
1695307540900 -1.0 516000
1695307575790 -1.0 520000
1695307615213 -1.0 524000
1695307652938 -1.0 528000
1695307689001 -1.0 532000
1695307724776 -1.0 536000
1695307759405 -1.0 540000
1695307803648 -1.0 544000
1695307846233 -1.0 548000
1695307880713 -1.0 552000
1695307919641 -1.0 556000
1695307956810 -1.0 560000
1695307994886 -1.0 564000
1695308028039 -1.0 568000
1695308062912 -1.0 572000
1695308098115 -1.0 576000
1695308132130 -1.0 580000
1695308167240 -1.0 584000
1695308204625 -1.0 588000
1695308240243 -1.0 592000
1695308275287 -1.0 596000
1695308317651 -1.0 600000
1695308353423 -1.0 604000
1695308394771 -1.0 608000
1695308433146 -1.0 612000
1695308469770 -1.0 616000
1695308516203 -1.0 620000
1695308552781 -1.0 624000
1695308589962 -1.0 628000
1695308629746 -1.0 632000
1695308665802 -1.0 636000
1695308703983 -1.0 640000
1695308741052 -1.0 644000
1695308776458 -1.0 648000
1695308813137 -1.0 652000
1695308854529 -1.0 656000
1695308889183 -1.0 660000
1695308922278 -1.0 664000
1695308955652 -1.0 668000
1695308990667 -1.0 672000
1695309025602 -1.0 676000
1695309064300 -1.0 680000
1695309102464 -1.0 684000
1695309138077 -1.0 688000
1695309173192 -1.0 692000
1695309207203 -1.0 696000
1695309241624 -1.0 700000
1695309278132 -1.0 704000
1695309314278 -1.0 708000
1695309350743 -1.0 712000
1695309387593 -1.0 716000
1695309422305 -1.0 720000
1695309457150 -1.0 724000
1695309489540 -1.0 728000
1695309522310 -1.0 732000
1695309555485 -1.0 736000
1695309590345 -1.0 740000
1695309624604 -1.0 744000
1695309658576 -1.0 748000
1695309692365 -1.0 752000
1695309730460 -1.0 756000
1695309765015 -1.0 760000
1695309797505 -1.0 764000
1695309829861 -1.0 768000
1695309863429 -1.0 772000
1695309897336 -1.0 776000
1695309932700 -1.0 780000
1695309969964 -1.0 784000
1695310015853 -1.0 788000
1695310052591 -1.0 792000
1695310087764 -1.0 796000
1695310125667 -1.0 800000
1695310160774 -1.0 804000
1695310197766 -1.0 808000
1695310240357 -1.0 812000
1695310277582 -1.0 816000
1695310312691 -1.0 820000
1695310348331 -1.0 824000
1695310386658 -1.0 828000
1695310421520 -1.0 832000
1695310455185 -1.0 836000
1695310494020 -1.0 840000
1695310538723 -1.0 844000
1695310575953 -1.0 848000
1695310616880 -1.0 852000
1695310655473 -1.0 856000
1695310690337 -1.0 860000
1695310724053 -1.0 864000
1695310758940 -1.0 868000
