1695303109695 1.0 4000
1695303138382 1.0 8000
1695303167518 1.0 12000
1695303196288 1.0 16000
1695303230351 1.0 20000
1695303262681 1.0 24000
1695303295828 1.0 28000
1695303328660 1.0 32000
1695303360548 1.0 36000
1695303392679 1.0 40000
1695303425045 1.0 44000
1695303456233 1.0 48000
1695303487957 1.0 52000
1695303518701 1.0 56000
1695303550413 1.0 60000
1695303581603 1.0 64000
1695303615338 1.0 68000
1695303648076 1.0 72000
1695303680745 1.0 76000
1695303712495 1.0 80000
1695303753693 1.0 84000
1695303786206 1.0 88000
1695303816931 1.0 92000
1695303852624 1.0 96000
1695303897765 1.0 100000
1695303939896 1.0 104000
1695303972617 1.0 108000
1695304013147 1.0 112000
1695304058320 1.0 116000
1695304101528 1.0 120000
1695304142290 1.0 124000
1695304192011 1.0 128000
1695304235707 1.0 132000
1695304278818 1.0 136000
1695304323074 1.0 140000
1695304364677 1.0 144000
1695304406549 1.0 148000
1695304450426 1.0 152000
1695304491898 1.0 156000
1695304533254 1.0 160000
1695304577697 1.0 164000
1695304622846 1.0 168000
1695304666332 1.0 172000
1695304711448 1.0 176000
1695304751020 1.0 180000
1695304788726 1.0 184000
1695304832531 1.0 188000
1695304872645 1.0 192000
1695304909366 1.0 196000
1695304945226 1.0 200000
1695304982312 1.0 204000
1695305024988 1.0 208000
1695305061220 1.0 212000
1695305097679 1.0 216000
1695305135850 1.0 220000
1695305173068 1.0 224000
1695305208281 1.0 228000
1695305242129 1.0 232000
1695305272976 1.0 236000
1695305303655 1.0 240000
1695305335009 1.0 244000
1695305365415 1.0 248000
1695305395852 1.0 252000
1695305426359 1.0 256000
1695305457101 1.0 260000
1695305487711 1.0 264000
1695305518376 1.0 268000
1695305548777 1.0 272000
1695305579482 1.0 276000
1695305610940 1.0 280000
1695305641267 1.0 284000
1695305672100 1.0 288000
1695305702340 1.0 292000
1695305733755 1.0 296000
1695305763919 1.0 300000
1695305794939 1.0 304000
1695305825345 1.0 308000
1695305856200 1.0 312000
1695305886462 1.0 316000
1695305917088 1.0 320000
1695305947573 1.0 324000
1695305978499 1.0 328000
1695306008655 1.0 332000
1695306039516 1.0 336000
1695306070885 1.0 340000
1695306101789 1.0 344000
1695306132252 1.0 348000
1695306162879 1.0 352000
1695306193368 1.0 356000
1695306224290 1.0 360000
1695306254706 1.0 364000
1695306287126 1.0 368000
1695306318492 1.0 372000
1695306351061 1.0 376000
1695306382519 1.0 380000
1695306417648 1.0 384000
1695306452198 1.0 388000
1695306486453 1.0 392000
1695306519904 1.0 396000
1695306554076 1.0 400000
1695306586081 1.0 404000
1695306620783 1.0 408000
1695306653680 1.0 412000
1695306687371 1.0 416000
1695306720459 1.0 420000
1695306752932 1.0 424000
1695306786085 1.0 428000
1695306823378 1.0 432000
1695306860206 1.0 436000
1695306893553 1.0 440000
1695306927026 1.0 444000
1695306961103 1.0 448000
1695306995321 1.0 452000
1695307028924 1.0 456000
1695307061162 1.0 460000
1695307093376 1.0 464000
1695307128190 1.0 468000
1695307160907 1.0 472000
1695307193740 1.0 476000
1695307226895 1.0 480000
1695307261306 1.0 484000
1695307295776 1.0 488000
1695307328568 1.0 492000
1695307362197 1.0 496000
1695307398533 1.0 500000
1695307433783 1.0 504000
1695307466817 1.0 508000
1695307502313 1.0 512000
1695307540879 1.0 516000
1695307575771 1.0 520000
1695307615192 1.0 524000
1695307652919 1.0 528000
1695307688981 1.0 532000
1695307724756 1.0 536000
1695307759387 1.0 540000
1695307803614 1.0 544000
1695307846214 1.0 548000
1695307880691 1.0 552000
1695307919621 1.0 556000
1695307956788 1.0 560000
1695307994866 1.0 564000
1695308028021 1.0 568000
1695308062892 1.0 572000
1695308098096 1.0 576000
1695308132109 1.0 580000
1695308167221 1.0 584000
1695308204603 1.0 588000
1695308240225 1.0 592000
1695308275266 1.0 596000
1695308317630 1.0 600000
1695308353403 1.0 604000
1695308394746 1.0 608000
1695308433127 1.0 612000
1695308469748 1.0 616000
1695308516182 1.0 620000
1695308552760 1.0 624000
1695308589940 1.0 628000
1695308629724 1.0 632000
1695308665776 1.0 636000
1695308703961 1.0 640000
1695308741033 1.0 644000
1695308776438 1.0 648000
1695308813114 1.0 652000
1695308854510 1.0 656000
1695308889164 1.0 660000
1695308922259 1.0 664000
1695308955632 1.0 668000
1695308990646 1.0 672000
1695309025578 1.0 676000
1695309064273 1.0 680000
1695309102443 1.0 684000
1695309138057 1.0 688000
1695309173172 1.0 692000
1695309207183 1.0 696000
1695309241605 1.0 700000
1695309278112 1.0 704000
1695309314255 1.0 708000
1695309350724 1.0 712000
1695309387573 1.0 716000
1695309422287 1.0 720000
1695309457131 1.0 724000
1695309489522 1.0 728000
1695309522291 1.0 732000
1695309555466 1.0 736000
1695309590325 1.0 740000
1695309624585 1.0 744000
1695309658557 1.0 748000
1695309692348 1.0 752000
1695309730436 1.0 756000
1695309764997 1.0 760000
1695309797486 1.0 764000
1695309829842 1.0 768000
1695309863410 1.0 772000
1695309897316 1.0 776000
1695309932680 1.0 780000
1695309969944 1.0 784000
1695310015833 1.0 788000
1695310052571 1.0 792000
1695310087743 1.0 796000
1695310125646 1.0 800000
1695310160756 1.0 804000
1695310197745 1.0 808000
1695310240336 1.0 812000
1695310277563 1.0 816000
1695310312671 1.0 820000
1695310348310 1.0 824000
1695310386636 1.0 828000
1695310421502 1.0 832000
1695310455165 1.0 836000
1695310493999 1.0 840000
1695310538704 1.0 844000
1695310575932 1.0 848000
1695310616854 1.0 852000
1695310655454 1.0 856000
1695310690318 1.0 860000
1695310724034 1.0 864000
1695310758921 1.0 868000
