1695303109698 4000.0 4000
1695303138384 4000.0 8000
1695303167520 4000.0 12000
1695303196290 4000.0 16000
1695303230353 4000.0 20000
1695303262683 4000.0 24000
1695303295829 4000.0 28000
1695303328662 4000.0 32000
1695303360550 4000.0 36000
1695303392680 4000.0 40000
1695303425047 4000.0 44000
1695303456235 4000.0 48000
1695303487959 4000.0 52000
1695303518703 4000.0 56000
1695303550415 4000.0 60000
1695303581605 4000.0 64000
1695303615340 4000.0 68000
1695303648078 4000.0 72000
1695303680747 4000.0 76000
1695303712497 4000.0 80000
1695303753695 4000.0 84000
1695303786208 4000.0 88000
1695303816933 4000.0 92000
1695303852626 4000.0 96000
1695303897775 4000.0 100000
1695303939898 4000.0 104000
1695303972619 4000.0 108000
1695304013149 4000.0 112000
1695304058322 4000.0 116000
1695304101531 4000.0 120000
1695304142292 4000.0 124000
1695304192014 4000.0 128000
1695304235709 4000.0 132000
1695304278820 4000.0 136000
1695304323076 4000.0 140000
1695304364681 4000.0 144000
1695304406552 4000.0 148000
1695304450428 4000.0 152000
1695304491900 4000.0 156000
1695304533256 4000.0 160000
1695304577699 4000.0 164000
1695304622849 4000.0 168000
1695304666334 4000.0 172000
1695304711450 4000.0 176000
1695304751022 4000.0 180000
1695304788728 4000.0 184000
1695304832534 4000.0 188000
1695304872647 4000.0 192000
1695304909369 4000.0 196000
1695304945229 4000.0 200000
1695304982314 4000.0 204000
1695305024990 4000.0 208000
1695305061222 4000.0 212000
1695305097682 4000.0 216000
1695305135852 4000.0 220000
1695305173070 4000.0 224000
1695305208283 4000.0 228000
1695305242130 4000.0 232000
1695305272978 4000.0 236000
1695305303657 4000.0 240000
1695305335011 4000.0 244000
1695305365417 4000.0 248000
1695305395854 4000.0 252000
1695305426361 4000.0 256000
1695305457103 4000.0 260000
1695305487713 4000.0 264000
1695305518378 4000.0 268000
1695305548779 4000.0 272000
1695305579484 4000.0 276000
1695305610942 4000.0 280000
1695305641268 4000.0 284000
1695305672102 4000.0 288000
1695305702342 4000.0 292000
1695305733757 4000.0 296000
1695305763921 4000.0 300000
1695305794941 4000.0 304000
1695305825346 4000.0 308000
1695305856202 4000.0 312000
1695305886464 4000.0 316000
1695305917090 4000.0 320000
1695305947575 4000.0 324000
1695305978500 4000.0 328000
1695306008657 4000.0 332000
1695306039518 4000.0 336000
1695306070886 4000.0 340000
1695306101791 4000.0 344000
1695306132254 4000.0 348000
1695306162880 4000.0 352000
1695306193370 4000.0 356000
1695306224292 4000.0 360000
1695306254708 4000.0 364000
1695306287128 4000.0 368000
1695306318494 4000.0 372000
1695306351063 4000.0 376000
1695306382521 4000.0 380000
1695306417649 4000.0 384000
1695306452200 4000.0 388000
1695306486455 4000.0 392000
1695306519906 4000.0 396000
1695306554078 4000.0 400000
1695306586083 4000.0 404000
1695306620785 4000.0 408000
1695306653681 4000.0 412000
1695306687373 4000.0 416000
1695306720461 4000.0 420000
1695306752934 4000.0 424000
1695306786087 4000.0 428000
1695306823380 4000.0 432000
1695306860208 4000.0 436000
1695306893554 4000.0 440000
1695306927028 4000.0 444000
1695306961105 4000.0 448000
1695306995323 4000.0 452000
1695307028925 4000.0 456000
1695307061164 4000.0 460000
1695307093378 4000.0 464000
1695307128192 4000.0 468000
1695307160909 4000.0 472000
1695307193742 4000.0 476000
1695307226896 4000.0 480000
1695307261308 4000.0 484000
1695307295778 4000.0 488000
1695307328570 4000.0 492000
1695307362199 4000.0 496000
1695307398535 4000.0 500000
1695307433785 4000.0 504000
1695307466819 4000.0 508000
1695307502315 4000.0 512000
1695307540881 4000.0 516000
1695307575773 4000.0 520000
1695307615194 4000.0 524000
1695307652921 4000.0 528000
1695307688983 4000.0 532000
1695307724758 4000.0 536000
1695307759389 4000.0 540000
1695307803617 4000.0 544000
1695307846216 4000.0 548000
1695307880693 4000.0 552000
1695307919623 4000.0 556000
1695307956790 4000.0 560000
1695307994868 4000.0 564000
1695308028022 4000.0 568000
1695308062894 4000.0 572000
1695308098098 4000.0 576000
1695308132111 4000.0 580000
1695308167222 4000.0 584000
1695308204605 4000.0 588000
1695308240227 4000.0 592000
1695308275268 4000.0 596000
1695308317632 4000.0 600000
1695308353405 4000.0 604000
1695308394749 4000.0 608000
1695308433129 4000.0 612000
1695308469751 4000.0 616000
1695308516184 4000.0 620000
1695308552762 4000.0 624000
1695308589942 4000.0 628000
1695308629726 4000.0 632000
1695308665779 4000.0 636000
1695308703963 4000.0 640000
1695308741035 4000.0 644000
1695308776440 4000.0 648000
1695308813117 4000.0 652000
1695308854512 4000.0 656000
1695308889166 4000.0 660000
1695308922261 4000.0 664000
1695308955634 4000.0 668000
1695308990648 4000.0 672000
1695309025581 4000.0 676000
1695309064275 4000.0 680000
1695309102445 4000.0 684000
1695309138059 4000.0 688000
1695309173174 4000.0 692000
1695309207185 4000.0 696000
1695309241607 4000.0 700000
1695309278114 4000.0 704000
1695309314258 4000.0 708000
1695309350726 4000.0 712000
1695309387575 4000.0 716000
1695309422288 4000.0 720000
1695309457133 4000.0 724000
1695309489524 4000.0 728000
1695309522293 4000.0 732000
1695309555468 4000.0 736000
1695309590327 4000.0 740000
1695309624587 4000.0 744000
1695309658559 4000.0 748000
1695309692349 4000.0 752000
1695309730438 4000.0 756000
1695309764999 4000.0 760000
1695309797488 4000.0 764000
1695309829844 4000.0 768000
1695309863412 4000.0 772000
1695309897318 4000.0 776000
1695309932682 4000.0 780000
1695309969946 4000.0 784000
1695310015835 4000.0 788000
1695310052573 4000.0 792000
1695310087745 4000.0 796000
1695310125648 4000.0 800000
1695310160757 4000.0 804000
1695310197747 4000.0 808000
1695310240338 4000.0 812000
1695310277565 4000.0 816000
1695310312673 4000.0 820000
1695310348312 4000.0 824000
1695310386638 4000.0 828000
1695310421504 4000.0 832000
1695310455167 4000.0 836000
1695310494001 4000.0 840000
1695310538706 4000.0 844000
1695310575935 4000.0 848000
1695310616856 4000.0 852000
1695310655456 4000.0 856000
1695310690320 4000.0 860000
1695310724036 4000.0 864000
1695310758923 4000.0 868000
