1695303109716 1.0 4000
1695303138404 1.0 8000
1695303167539 1.0 12000
1695303196309 1.0 16000
1695303230375 1.0 20000
1695303262702 1.0 24000
1695303295848 1.0 28000
1695303328680 1.0 32000
1695303360570 1.0 36000
1695303392700 1.0 40000
1695303425066 1.0 44000
1695303456253 1.0 48000
1695303487977 1.0 52000
1695303518721 1.0 56000
1695303550433 1.0 60000
1695303581623 1.0 64000
1695303615360 1.0 68000
1695303648095 1.0 72000
1695303680765 1.0 76000
1695303712515 1.0 80000
1695303753715 1.0 84000
1695303786226 1.0 88000
1695303816952 1.0 92000
1695303852652 1.0 96000
1695303897807 1.0 100000
1695303939915 1.0 104000
1695303972639 1.0 108000
1695304013172 1.0 112000
1695304058346 1.0 116000
1695304101551 1.0 120000
1695304142314 1.0 124000
1695304192045 1.0 128000
1695304235732 1.0 132000
1695304278843 1.0 136000
1695304323099 1.0 140000
1695304364706 1.0 144000
1695304406580 1.0 148000
1695304450452 1.0 152000
1695304491921 1.0 156000
1695304533278 1.0 160000
1695304577721 1.0 164000
1695304622873 1.0 168000
1695304666355 1.0 172000
1695304711467 1.0 176000
1695304751042 1.0 180000
1695304788748 1.0 184000
1695304832556 1.0 188000
1695304872668 1.0 192000
1695304909392 1.0 196000
1695304945249 1.0 200000
1695304982334 1.0 204000
1695305025012 1.0 208000
1695305061242 1.0 212000
1695305097702 1.0 216000
1695305135873 1.0 220000
1695305173090 1.0 224000
1695305208302 1.0 228000
1695305242147 1.0 232000
1695305272995 1.0 236000
1695305303677 1.0 240000
1695305335028 1.0 244000
1695305365436 1.0 248000
1695305395871 1.0 252000
1695305426380 1.0 256000
1695305457119 1.0 260000
1695305487731 1.0 264000
1695305518395 1.0 268000
1695305548797 1.0 272000
1695305579500 1.0 276000
1695305610959 1.0 280000
1695305641286 1.0 284000
1695305672118 1.0 288000
1695305702359 1.0 292000
1695305733774 1.0 296000
1695305763945 1.0 300000
1695305794958 1.0 304000
1695305825364 1.0 308000
1695305856219 1.0 312000
1695305886480 1.0 316000
1695305917107 1.0 320000
1695305947593 1.0 324000
1695305978516 1.0 328000
1695306008674 1.0 332000
1695306039536 1.0 336000
1695306070904 1.0 340000
1695306101808 1.0 344000
1695306132271 1.0 348000
1695306162897 1.0 352000
1695306193387 1.0 356000
1695306224309 1.0 360000
1695306254725 1.0 364000
1695306287145 1.0 368000
1695306318511 1.0 372000
1695306351081 1.0 376000
1695306382537 1.0 380000
1695306417668 1.0 384000
1695306452218 1.0 388000
1695306486474 1.0 392000
1695306519923 1.0 396000
1695306554097 1.0 400000
1695306586101 1.0 404000
1695306620804 1.0 408000
1695306653699 1.0 412000
1695306687393 1.0 416000
1695306720479 1.0 420000
1695306752952 1.0 424000
1695306786103 1.0 428000
1695306823406 1.0 432000
1695306860226 1.0 436000
1695306893572 1.0 440000
1695306927048 1.0 444000
1695306961123 1.0 448000
1695306995341 1.0 452000
1695307028944 1.0 456000
1695307061182 1.0 460000
1695307093396 1.0 464000
1695307128210 1.0 468000
1695307160929 1.0 472000
1695307193760 1.0 476000
1695307226915 1.0 480000
1695307261326 1.0 484000
1695307295795 1.0 488000
1695307328589 1.0 492000
1695307362218 1.0 496000
1695307398555 1.0 500000
1695307433806 1.0 504000
1695307466839 1.0 508000
1695307502335 1.0 512000
1695307540901 1.0 516000
1695307575791 1.0 520000
1695307615215 1.0 524000
1695307652939 1.0 528000
1695307689003 1.0 532000
1695307724777 1.0 536000
1695307759406 1.0 540000
1695307803649 1.0 544000
1695307846234 1.0 548000
1695307880714 1.0 552000
1695307919642 1.0 556000
1695307956812 1.0 560000
1695307994887 1.0 564000
1695308028040 1.0 568000
1695308062913 1.0 572000
1695308098116 1.0 576000
1695308132131 1.0 580000
1695308167241 1.0 584000
1695308204627 1.0 588000
1695308240244 1.0 592000
1695308275289 1.0 596000
1695308317652 1.0 600000
1695308353424 1.0 604000
1695308394773 1.0 608000
1695308433147 1.0 612000
1695308469772 1.0 616000
1695308516205 1.0 620000
1695308552782 1.0 624000
1695308589964 1.0 628000
1695308629747 1.0 632000
1695308665804 1.0 636000
1695308703984 1.0 640000
1695308741053 1.0 644000
1695308776460 1.0 648000
1695308813139 1.0 652000
1695308854530 1.0 656000
1695308889184 1.0 660000
1695308922279 1.0 664000
1695308955653 1.0 668000
1695308990668 1.0 672000
1695309025603 1.0 676000
1695309064301 1.0 680000
1695309102465 1.0 684000
1695309138079 1.0 688000
1695309173193 1.0 692000
1695309207205 1.0 696000
1695309241625 1.0 700000
1695309278133 1.0 704000
1695309314279 1.0 708000
1695309350744 1.0 712000
1695309387594 1.0 716000
1695309422307 1.0 720000
1695309457151 1.0 724000
1695309489541 1.0 728000
1695309522311 1.0 732000
1695309555486 1.0 736000
1695309590346 1.0 740000
1695309624606 1.0 744000
1695309658577 1.0 748000
1695309692367 1.0 752000
1695309730461 1.0 756000
1695309765017 1.0 760000
1695309797506 1.0 764000
1695309829862 1.0 768000
1695309863430 1.0 772000
1695309897337 1.0 776000
1695309932701 1.0 780000
1695309969966 1.0 784000
1695310015854 1.0 788000
1695310052592 1.0 792000
1695310087765 1.0 796000
1695310125668 1.0 800000
1695310160775 1.0 804000
1695310197768 1.0 808000
1695310240359 1.0 812000
1695310277584 1.0 816000
1695310312692 1.0 820000
1695310348333 1.0 824000
1695310386659 1.0 828000
1695310421521 1.0 832000
1695310455186 1.0 836000
1695310494022 1.0 840000
1695310538724 1.0 844000
1695310575955 1.0 848000
1695310616882 1.0 852000
1695310655474 1.0 856000
1695310690338 1.0 860000
1695310724054 1.0 864000
1695310758941 1.0 868000
