1695303109719 10.0 4000
1695303138407 10.0 8000
1695303167542 10.0 12000
1695303196312 10.0 16000
1695303230379 10.0 20000
1695303262705 10.0 24000
1695303295851 10.0 28000
1695303328683 10.0 32000
1695303360573 10.0 36000
1695303392703 10.0 40000
1695303425069 10.0 44000
1695303456256 10.0 48000
1695303487980 10.0 52000
1695303518724 10.0 56000
1695303550435 10.0 60000
1695303581626 10.0 64000
1695303615363 10.0 68000
1695303648098 10.0 72000
1695303680768 10.0 76000
1695303712517 10.0 80000
1695303753718 10.0 84000
1695303786228 10.0 88000
1695303816955 10.0 92000
1695303852656 10.0 96000
1695303897815 10.0 100000
1695303939918 10.0 104000
1695303972642 10.0 108000
1695304013176 10.0 112000
1695304058350 10.0 116000
1695304101555 10.0 120000
1695304142317 10.0 124000
1695304192049 10.0 128000
1695304235736 10.0 132000
1695304278847 10.0 136000
1695304323103 10.0 140000
1695304364710 10.0 144000
1695304406584 10.0 148000
1695304450456 10.0 152000
1695304491924 10.0 156000
1695304533282 10.0 160000
1695304577725 10.0 164000
1695304622877 10.0 168000
1695304666359 10.0 172000
1695304711470 10.0 176000
1695304751045 10.0 180000
1695304788751 10.0 184000
1695304832559 10.0 188000
1695304872672 10.0 192000
1695304909395 10.0 196000
1695304945252 10.0 200000
1695304982338 10.0 204000
1695305025016 10.0 208000
1695305061246 10.0 212000
1695305097705 10.0 216000
1695305135876 10.0 220000
1695305173094 10.0 224000
1695305208305 10.0 228000
1695305242150 10.0 232000
1695305272998 10.0 236000
1695305303680 10.0 240000
1695305335031 10.0 244000
1695305365439 10.0 248000
1695305395874 10.0 252000
1695305426383 10.0 256000
1695305457122 10.0 260000
1695305487734 10.0 264000
1695305518398 10.0 268000
1695305548800 10.0 272000
1695305579503 10.0 276000
1695305610962 10.0 280000
1695305641289 10.0 284000
1695305672121 10.0 288000
1695305702362 10.0 292000
1695305733776 10.0 296000
1695305763950 10.0 300000
1695305794961 10.0 304000
1695305825366 10.0 308000
1695305856221 10.0 312000
1695305886483 10.0 316000
1695305917109 10.0 320000
1695305947595 10.0 324000
1695305978519 10.0 328000
1695306008677 10.0 332000
1695306039539 10.0 336000
1695306070906 10.0 340000
1695306101811 10.0 344000
1695306132274 10.0 348000
1695306162900 10.0 352000
1695306193390 10.0 356000
1695306224312 10.0 360000
1695306254728 10.0 364000
1695306287148 10.0 368000
1695306318514 10.0 372000
1695306351084 10.0 376000
1695306382539 10.0 380000
1695306417671 10.0 384000
1695306452223 10.0 388000
1695306486477 10.0 392000
1695306519926 10.0 396000
1695306554100 10.0 400000
1695306586104 10.0 404000
1695306620807 10.0 408000
1695306653702 10.0 412000
1695306687396 10.0 416000
1695306720482 10.0 420000
1695306752955 10.0 424000
1695306786107 10.0 428000
1695306823412 10.0 432000
1695306860229 10.0 436000
1695306893575 10.0 440000
1695306927051 10.0 444000
1695306961126 10.0 448000
1695306995344 10.0 452000
1695307028947 10.0 456000
1695307061185 10.0 460000
1695307093399 10.0 464000
1695307128213 10.0 468000
1695307160932 10.0 472000
1695307193763 10.0 476000
1695307226918 10.0 480000
1695307261330 10.0 484000
1695307295798 10.0 488000
1695307328592 10.0 492000
1695307362222 10.0 496000
1695307398559 10.0 500000
1695307433809 10.0 504000
1695307466843 10.0 508000
1695307502338 10.0 512000
1695307540904 10.0 516000
1695307575794 10.0 520000
1695307615218 10.0 524000
1695307652942 10.0 528000
1695307689006 10.0 532000
1695307724780 10.0 536000
1695307759409 10.0 540000
1695307803653 10.0 544000
1695307846237 10.0 548000
1695307880717 10.0 552000
1695307919645 10.0 556000
1695307956815 10.0 560000
1695307994890 10.0 564000
1695308028043 10.0 568000
1695308062916 10.0 572000
1695308098119 10.0 576000
1695308132134 10.0 580000
1695308167244 10.0 584000
1695308204631 10.0 588000
1695308240247 10.0 592000
1695308275292 10.0 596000
1695308317656 10.0 600000
1695308353427 10.0 604000
1695308394777 10.0 608000
1695308433150 10.0 612000
1695308469775 10.0 616000
1695308516208 10.0 620000
1695308552786 10.0 624000
1695308589967 10.0 628000
1695308629751 10.0 632000
1695308665808 10.0 636000
1695308703988 10.0 640000
1695308741056 10.0 644000
1695308776465 10.0 648000
1695308813142 10.0 652000
1695308854533 10.0 656000
1695308889187 10.0 660000
1695308922282 10.0 664000
1695308955656 10.0 668000
1695308990672 10.0 672000
1695309025607 10.0 676000
1695309064305 10.0 680000
1695309102468 10.0 684000
1695309138082 10.0 688000
1695309173196 10.0 692000
1695309207208 10.0 696000
1695309241628 10.0 700000
1695309278136 10.0 704000
1695309314283 10.0 708000
1695309350747 10.0 712000
1695309387597 10.0 716000
1695309422310 10.0 720000
1695309457154 10.0 724000
1695309489544 10.0 728000
1695309522314 10.0 732000
1695309555489 10.0 736000
1695309590349 10.0 740000
1695309624609 10.0 744000
1695309658580 10.0 748000
1695309692371 10.0 752000
1695309730465 10.0 756000
1695309765020 10.0 760000
1695309797509 10.0 764000
1695309829866 10.0 768000
1695309863433 10.0 772000
1695309897340 10.0 776000
1695309932705 10.0 780000
1695309969969 10.0 784000
1695310015857 10.0 788000
1695310052596 10.0 792000
1695310087768 10.0 796000
1695310125671 10.0 800000
1695310160778 10.0 804000
1695310197771 10.0 808000
1695310240362 10.0 812000
1695310277587 10.0 816000
1695310312695 10.0 820000
1695310348336 10.0 824000
1695310386665 10.0 828000
1695310421524 10.0 832000
1695310455189 10.0 836000
1695310494025 10.0 840000
1695310538727 10.0 844000
1695310575958 10.0 848000
1695310616886 10.0 852000
1695310655477 10.0 856000
1695310690341 10.0 860000
1695310724057 10.0 864000
1695310758944 10.0 868000
