1695303109718 0.5 4000
1695303138406 0.5 8000
1695303167541 0.5 12000
1695303196311 0.5 16000
1695303230377 0.5 20000
1695303262704 0.5 24000
1695303295849 0.5 28000
1695303328682 0.5 32000
1695303360572 0.5 36000
1695303392702 0.5 40000
1695303425068 0.5 44000
1695303456255 0.5 48000
1695303487979 0.5 52000
1695303518723 0.5 56000
1695303550434 0.5 60000
1695303581625 0.5 64000
1695303615362 0.5 68000
1695303648097 0.5 72000
1695303680767 0.5 76000
1695303712516 0.5 80000
1695303753717 0.5 84000
1695303786227 0.5 88000
1695303816954 0.5 92000
1695303852654 0.5 96000
1695303897812 0.5 100000
1695303939917 0.5 104000
1695303972641 0.5 108000
1695304013174 0.5 112000
1695304058348 0.5 116000
1695304101553 0.5 120000
1695304142316 0.5 124000
1695304192047 0.5 128000
1695304235734 0.5 132000
1695304278846 0.5 136000
1695304323102 0.5 140000
1695304364709 0.5 144000
1695304406583 0.5 148000
1695304450455 0.5 152000
1695304491923 0.5 156000
1695304533281 0.5 160000
1695304577723 0.5 164000
1695304622875 0.5 168000
1695304666357 0.5 172000
1695304711469 0.5 176000
1695304751044 0.5 180000
1695304788750 0.5 184000
1695304832558 0.5 188000
1695304872670 0.5 192000
1695304909394 0.5 196000
1695304945251 0.5 200000
1695304982336 0.5 204000
1695305025014 0.5 208000
1695305061244 0.5 212000
1695305097704 0.5 216000
1695305135875 0.5 220000
1695305173092 0.5 224000
1695305208304 0.5 228000
1695305242149 0.5 232000
1695305272997 0.5 236000
1695305303679 0.5 240000
1695305335030 0.5 244000
1695305365437 0.5 248000
1695305395872 0.5 252000
1695305426382 0.5 256000
1695305457121 0.5 260000
1695305487733 0.5 264000
1695305518396 0.5 268000
1695305548798 0.5 272000
1695305579502 0.5 276000
1695305610961 0.5 280000
1695305641288 0.5 284000
1695305672120 0.5 288000
1695305702361 0.5 292000
1695305733775 0.5 296000
1695305763948 0.5 300000
1695305794960 0.5 304000
1695305825365 0.5 308000
1695305856220 0.5 312000
1695305886482 0.5 316000
1695305917108 0.5 320000
1695305947594 0.5 324000
1695305978518 0.5 328000
1695306008676 0.5 332000
1695306039538 0.5 336000
1695306070905 0.5 340000
1695306101810 0.5 344000
1695306132273 0.5 348000
1695306162899 0.5 352000
1695306193389 0.5 356000
1695306224311 0.5 360000
1695306254727 0.5 364000
1695306287147 0.5 368000
1695306318513 0.5 372000
1695306351083 0.5 376000
1695306382538 0.5 380000
1695306417670 0.5 384000
1695306452221 0.5 388000
1695306486476 0.5 392000
1695306519925 0.5 396000
1695306554098 0.5 400000
1695306586103 0.5 404000
1695306620806 0.5 408000
1695306653701 0.5 412000
1695306687395 0.5 416000
1695306720481 0.5 420000
1695306752954 0.5 424000
1695306786105 0.5 428000
1695306823410 0.5 432000
1695306860228 0.5 436000
1695306893574 0.5 440000
1695306927050 0.5 444000
1695306961125 0.5 448000
1695306995343 0.5 452000
1695307028945 0.5 456000
1695307061184 0.5 460000
1695307093398 0.5 464000
1695307128212 0.5 468000
1695307160931 0.5 472000
1695307193762 0.5 476000
1695307226917 0.5 480000
1695307261328 0.5 484000
1695307295797 0.5 488000
1695307328591 0.5 492000
1695307362220 0.5 496000
1695307398558 0.5 500000
1695307433808 0.5 504000
1695307466841 0.5 508000
1695307502337 0.5 512000
1695307540903 0.5 516000
1695307575793 0.5 520000
1695307615217 0.5 524000
1695307652941 0.5 528000
1695307689005 0.5 532000
1695307724779 0.5 536000
1695307759408 0.5 540000
1695307803652 0.5 544000
1695307846236 0.5 548000
1695307880716 0.5 552000
1695307919644 0.5 556000
1695307956814 0.5 560000
1695307994889 0.5 564000
1695308028042 0.5 568000
1695308062915 0.5 572000
1695308098118 0.5 576000
1695308132133 0.5 580000
1695308167243 0.5 584000
1695308204629 0.5 588000
1695308240246 0.5 592000
1695308275291 0.5 596000
1695308317654 0.5 600000
1695308353426 0.5 604000
1695308394775 0.5 608000
1695308433149 0.5 612000
1695308469774 0.5 616000
1695308516207 0.5 620000
1695308552784 0.5 624000
1695308589966 0.5 628000
1695308629749 0.5 632000
1695308665806 0.5 636000
1695308703987 0.5 640000
1695308741055 0.5 644000
1695308776463 0.5 648000
1695308813141 0.5 652000
1695308854531 0.5 656000
1695308889186 0.5 660000
1695308922281 0.5 664000
1695308955655 0.5 668000
1695308990671 0.5 672000
1695309025605 0.5 676000
1695309064304 0.5 680000
1695309102467 0.5 684000
1695309138081 0.5 688000
1695309173195 0.5 692000
1695309207207 0.5 696000
1695309241627 0.5 700000
1695309278135 0.5 704000
1695309314281 0.5 708000
1695309350746 0.5 712000
1695309387596 0.5 716000
1695309422308 0.5 720000
1695309457153 0.5 724000
1695309489543 0.5 728000
1695309522313 0.5 732000
1695309555488 0.5 736000
1695309590348 0.5 740000
1695309624608 0.5 744000
1695309658579 0.5 748000
1695309692370 0.5 752000
1695309730463 0.5 756000
1695309765019 0.5 760000
1695309797507 0.5 764000
1695309829864 0.5 768000
1695309863432 0.5 772000
1695309897339 0.5 776000
1695309932703 0.5 780000
1695309969968 0.5 784000
1695310015856 0.5 788000
1695310052594 0.5 792000
1695310087767 0.5 796000
1695310125670 0.5 800000
1695310160777 0.5 804000
1695310197770 0.5 808000
1695310240361 0.5 812000
1695310277585 0.5 816000
1695310312694 0.5 820000
1695310348335 0.5 824000
1695310386663 0.5 828000
1695310421523 0.5 832000
1695310455188 0.5 836000
1695310494024 0.5 840000
1695310538726 0.5 844000
1695310575957 0.5 848000
1695310616884 0.5 852000
1695310655476 0.5 856000
1695310690340 0.5 860000
1695310724056 0.5 864000
1695310758943 0.5 868000
