1695303109712 1800.0 4000
1695303138399 1800.0 8000
1695303167534 1800.0 12000
1695303196304 1800.0 16000
1695303230370 1800.0 20000
1695303262697 1800.0 24000
1695303295843 1800.0 28000
1695303328675 1800.0 32000
1695303360565 1800.0 36000
1695303392695 1800.0 40000
1695303425061 1800.0 44000
1695303456248 1800.0 48000
1695303487973 1800.0 52000
1695303518717 1800.0 56000
1695303550428 1800.0 60000
1695303581618 1800.0 64000
1695303615355 1800.0 68000
1695303648091 1800.0 72000
1695303680761 1800.0 76000
1695303712510 1800.0 80000
1695303753710 1800.0 84000
1695303786221 1800.0 88000
1695303816947 1800.0 92000
1695303852647 1800.0 96000
1695303897799 1800.0 100000
1695303939911 1800.0 104000
1695303972634 1800.0 108000
1695304013165 1800.0 112000
1695304058340 1800.0 116000
1695304101546 1800.0 120000
1695304142308 1800.0 124000
1695304192038 1800.0 128000
1695304235726 1800.0 132000
1695304278838 1800.0 136000
1695304323094 1800.0 140000
1695304364701 1800.0 144000
1695304406573 1800.0 148000
1695304450446 1800.0 152000
1695304491916 1800.0 156000
1695304533273 1800.0 160000
1695304577716 1800.0 164000
1695304622867 1800.0 168000
1695304666350 1800.0 172000
1695304711463 1800.0 176000
1695304751037 1800.0 180000
1695304788743 1800.0 184000
1695304832551 1800.0 188000
1695304872663 1800.0 192000
1695304909387 1800.0 196000
1695304945244 1800.0 200000
1695304982329 1800.0 204000
1695305025007 1800.0 208000
1695305061237 1800.0 212000
1695305097697 1800.0 216000
1695305135868 1800.0 220000
1695305173085 1800.0 224000
1695305208297 1800.0 228000
1695305242143 1800.0 232000
1695305272991 1800.0 236000
1695305303672 1800.0 240000
1695305335024 1800.0 244000
1695305365431 1800.0 248000
1695305395867 1800.0 252000
1695305426375 1800.0 256000
1695305457115 1800.0 260000
1695305487727 1800.0 264000
1695305518390 1800.0 268000
1695305548792 1800.0 272000
1695305579496 1800.0 276000
1695305610955 1800.0 280000
1695305641282 1800.0 284000
1695305672114 1800.0 288000
1695305702355 1800.0 292000
1695305733769 1800.0 296000
1695305763938 1800.0 300000
1695305794954 1800.0 304000
1695305825359 1800.0 308000
1695305856214 1800.0 312000
1695305886476 1800.0 316000
1695305917102 1800.0 320000
1695305947588 1800.0 324000
1695305978512 1800.0 328000
1695306008670 1800.0 332000
1695306039532 1800.0 336000
1695306070899 1800.0 340000
1695306101804 1800.0 344000
1695306132267 1800.0 348000
1695306162893 1800.0 352000
1695306193383 1800.0 356000
1695306224305 1800.0 360000
1695306254721 1800.0 364000
1695306287141 1800.0 368000
1695306318507 1800.0 372000
1695306351076 1800.0 376000
1695306382533 1800.0 380000
1695306417663 1800.0 384000
1695306452213 1800.0 388000
1695306486469 1800.0 392000
1695306519919 1800.0 396000
1695306554092 1800.0 400000
1695306586097 1800.0 404000
1695306620799 1800.0 408000
1695306653695 1800.0 412000
1695306687388 1800.0 416000
1695306720475 1800.0 420000
1695306752947 1800.0 424000
1695306786099 1800.0 428000
1695306823398 1800.0 432000
1695306860222 1800.0 436000
1695306893568 1800.0 440000
1695306927043 1800.0 444000
1695306961118 1800.0 448000
1695306995336 1800.0 452000
1695307028939 1800.0 456000
1695307061177 1800.0 460000
1695307093391 1800.0 464000
1695307128206 1800.0 468000
1695307160924 1800.0 472000
1695307193756 1800.0 476000
1695307226911 1800.0 480000
1695307261322 1800.0 484000
1695307295791 1800.0 488000
1695307328584 1800.0 492000
1695307362214 1800.0 496000
1695307398550 1800.0 500000
1695307433801 1800.0 504000
1695307466834 1800.0 508000
1695307502329 1800.0 512000
1695307540896 1800.0 516000
1695307575786 1800.0 520000
1695307615210 1800.0 524000
1695307652934 1800.0 528000
1695307688998 1800.0 532000
1695307724772 1800.0 536000
1695307759402 1800.0 540000
1695307803642 1800.0 544000
1695307846230 1800.0 548000
1695307880709 1800.0 552000
1695307919637 1800.0 556000
1695307956806 1800.0 560000
1695307994882 1800.0 564000
1695308028036 1800.0 568000
1695308062908 1800.0 572000
1695308098111 1800.0 576000
1695308132126 1800.0 580000
1695308167236 1800.0 584000
1695308204622 1800.0 588000
1695308240240 1800.0 592000
1695308275283 1800.0 596000
1695308317647 1800.0 600000
1695308353419 1800.0 604000
1695308394767 1800.0 608000
1695308433142 1800.0 612000
1695308469766 1800.0 616000
1695308516200 1800.0 620000
1695308552777 1800.0 624000
1695308589958 1800.0 628000
1695308629742 1800.0 632000
1695308665795 1800.0 636000
1695308703979 1800.0 640000
1695308741049 1800.0 644000
1695308776454 1800.0 648000
1695308813133 1800.0 652000
1695308854525 1800.0 656000
1695308889180 1800.0 660000
1695308922275 1800.0 664000
1695308955648 1800.0 668000
1695308990663 1800.0 672000
1695309025597 1800.0 676000
1695309064296 1800.0 680000
1695309102460 1800.0 684000
1695309138074 1800.0 688000
1695309173188 1800.0 692000
1695309207200 1800.0 696000
1695309241620 1800.0 700000
1695309278128 1800.0 704000
1695309314274 1800.0 708000
1695309350740 1800.0 712000
1695309387589 1800.0 716000
1695309422302 1800.0 720000
1695309457146 1800.0 724000
1695309489537 1800.0 728000
1695309522307 1800.0 732000
1695309555482 1800.0 736000
1695309590341 1800.0 740000
1695309624601 1800.0 744000
1695309658573 1800.0 748000
1695309692362 1800.0 752000
1695309730455 1800.0 756000
1695309765012 1800.0 760000
1695309797501 1800.0 764000
1695309829858 1800.0 768000
1695309863426 1800.0 772000
1695309897332 1800.0 776000
1695309932697 1800.0 780000
1695309969961 1800.0 784000
1695310015849 1800.0 788000
1695310052588 1800.0 792000
1695310087760 1800.0 796000
1695310125663 1800.0 800000
1695310160770 1800.0 804000
1695310197763 1800.0 808000
1695310240353 1800.0 812000
1695310277579 1800.0 816000
1695310312687 1800.0 820000
1695310348327 1800.0 824000
1695310386654 1800.0 828000
1695310421517 1800.0 832000
1695310455182 1800.0 836000
1695310494017 1800.0 840000
1695310538719 1800.0 844000
1695310575950 1800.0 848000
1695310616875 1800.0 852000
1695310655470 1800.0 856000
1695310690334 1800.0 860000
1695310724050 1800.0 864000
1695310758937 1800.0 868000
