1695303109712 60.0 4000
1695303138399 60.0 8000
1695303167534 60.0 12000
1695303196304 60.0 16000
1695303230369 60.0 20000
1695303262697 60.0 24000
1695303295843 60.0 28000
1695303328675 60.0 32000
1695303360565 60.0 36000
1695303392695 60.0 40000
1695303425061 60.0 44000
1695303456248 60.0 48000
1695303487972 60.0 52000
1695303518716 60.0 56000
1695303550428 60.0 60000
1695303581618 60.0 64000
1695303615355 60.0 68000
1695303648090 60.0 72000
1695303680761 60.0 76000
1695303712510 60.0 80000
1695303753710 60.0 84000
1695303786221 60.0 88000
1695303816947 60.0 92000
1695303852646 60.0 96000
1695303897799 60.0 100000
1695303939910 60.0 104000
1695303972634 60.0 108000
1695304013165 60.0 112000
1695304058339 60.0 116000
1695304101546 60.0 120000
1695304142308 60.0 124000
1695304192037 60.0 128000
1695304235725 60.0 132000
1695304278837 60.0 136000
1695304323093 60.0 140000
1695304364700 60.0 144000
1695304406573 60.0 148000
1695304450445 60.0 152000
1695304491915 60.0 156000
1695304533273 60.0 160000
1695304577715 60.0 164000
1695304622866 60.0 168000
1695304666349 60.0 172000
1695304711463 60.0 176000
1695304751037 60.0 180000
1695304788743 60.0 184000
1695304832551 60.0 188000
1695304872662 60.0 192000
1695304909387 60.0 196000
1695304945243 60.0 200000
1695304982329 60.0 204000
1695305025006 60.0 208000
1695305061237 60.0 212000
1695305097696 60.0 216000
1695305135867 60.0 220000
1695305173085 60.0 224000
1695305208297 60.0 228000
1695305242143 60.0 232000
1695305272991 60.0 236000
1695305303671 60.0 240000
1695305335024 60.0 244000
1695305365430 60.0 248000
1695305395866 60.0 252000
1695305426375 60.0 256000
1695305457114 60.0 260000
1695305487726 60.0 264000
1695305518390 60.0 268000
1695305548792 60.0 272000
1695305579496 60.0 276000
1695305610955 60.0 280000
1695305641281 60.0 284000
1695305672114 60.0 288000
1695305702355 60.0 292000
1695305733769 60.0 296000
1695305763938 60.0 300000
1695305794953 60.0 304000
1695305825359 60.0 308000
1695305856214 60.0 312000
1695305886476 60.0 316000
1695305917102 60.0 320000
1695305947587 60.0 324000
1695305978512 60.0 328000
1695306008669 60.0 332000
1695306039531 60.0 336000
1695306070899 60.0 340000
1695306101804 60.0 344000
1695306132267 60.0 348000
1695306162892 60.0 352000
1695306193383 60.0 356000
1695306224305 60.0 360000
1695306254720 60.0 364000
1695306287140 60.0 368000
1695306318506 60.0 372000
1695306351076 60.0 376000
1695306382532 60.0 380000
1695306417663 60.0 384000
1695306452213 60.0 388000
1695306486469 60.0 392000
1695306519918 60.0 396000
1695306554092 60.0 400000
1695306586096 60.0 404000
1695306620799 60.0 408000
1695306653694 60.0 412000
1695306687388 60.0 416000
1695306720474 60.0 420000
1695306752947 60.0 424000
1695306786099 60.0 428000
1695306823397 60.0 432000
1695306860221 60.0 436000
1695306893568 60.0 440000
1695306927043 60.0 444000
1695306961118 60.0 448000
1695306995336 60.0 452000
1695307028939 60.0 456000
1695307061177 60.0 460000
1695307093391 60.0 464000
1695307128205 60.0 468000
1695307160923 60.0 472000
1695307193755 60.0 476000
1695307226910 60.0 480000
1695307261321 60.0 484000
1695307295791 60.0 488000
1695307328584 60.0 492000
1695307362213 60.0 496000
1695307398550 60.0 500000
1695307433801 60.0 504000
1695307466834 60.0 508000
1695307502329 60.0 512000
1695307540896 60.0 516000
1695307575786 60.0 520000
1695307615209 60.0 524000
1695307652934 60.0 528000
1695307688998 60.0 532000
1695307724772 60.0 536000
1695307759402 60.0 540000
1695307803641 60.0 544000
1695307846229 60.0 548000
1695307880708 60.0 552000
1695307919637 60.0 556000
1695307956806 60.0 560000
1695307994882 60.0 564000
1695308028035 60.0 568000
1695308062908 60.0 572000
1695308098111 60.0 576000
1695308132126 60.0 580000
1695308167236 60.0 584000
1695308204621 60.0 588000
1695308240239 60.0 592000
1695308275283 60.0 596000
1695308317646 60.0 600000
1695308353419 60.0 604000
1695308394766 60.0 608000
1695308433142 60.0 612000
1695308469766 60.0 616000
1695308516199 60.0 620000
1695308552777 60.0 624000
1695308589958 60.0 628000
1695308629742 60.0 632000
1695308665795 60.0 636000
1695308703979 60.0 640000
1695308741048 60.0 644000
1695308776454 60.0 648000
1695308813132 60.0 652000
1695308854525 60.0 656000
1695308889179 60.0 660000
1695308922274 60.0 664000
1695308955648 60.0 668000
1695308990663 60.0 672000
1695309025597 60.0 676000
1695309064296 60.0 680000
1695309102460 60.0 684000
1695309138073 60.0 688000
1695309173188 60.0 692000
1695309207199 60.0 696000
1695309241620 60.0 700000
1695309278128 60.0 704000
1695309314273 60.0 708000
1695309350739 60.0 712000
1695309387589 60.0 716000
1695309422302 60.0 720000
1695309457146 60.0 724000
1695309489536 60.0 728000
1695309522306 60.0 732000
1695309555481 60.0 736000
1695309590341 60.0 740000
1695309624601 60.0 744000
1695309658573 60.0 748000
1695309692362 60.0 752000
1695309730455 60.0 756000
1695309765012 60.0 760000
1695309797501 60.0 764000
1695309829857 60.0 768000
1695309863425 60.0 772000
1695309897332 60.0 776000
1695309932696 60.0 780000
1695309969960 60.0 784000
1695310015849 60.0 788000
1695310052587 60.0 792000
1695310087760 60.0 796000
1695310125662 60.0 800000
1695310160770 60.0 804000
1695310197762 60.0 808000
1695310240353 60.0 812000
1695310277578 60.0 816000
1695310312687 60.0 820000
1695310348327 60.0 824000
1695310386653 60.0 828000
1695310421516 60.0 832000
1695310455181 60.0 836000
1695310494016 60.0 840000
1695310538719 60.0 844000
1695310575949 60.0 848000
1695310616875 60.0 852000
1695310655469 60.0 856000
1695310690333 60.0 860000
1695310724049 60.0 864000
1695310758936 60.0 868000
