1695303109739 8.0 4000
1695303138426 8.0 8000
1695303167561 8.0 12000
1695303196333 8.0 16000
1695303230401 8.0 20000
1695303262725 8.0 24000
1695303295870 8.0 28000
1695303328702 8.0 32000
1695303360596 8.0 36000
1695303392723 8.0 40000
1695303425088 8.0 44000
1695303456276 8.0 48000
1695303488000 8.0 52000
1695303518743 8.0 56000
1695303550455 8.0 60000
1695303581645 8.0 64000
1695303615384 8.0 68000
1695303648117 8.0 72000
1695303680788 8.0 76000
1695303712537 8.0 80000
1695303753739 8.0 84000
1695303786247 8.0 88000
1695303816976 8.0 92000
1695303852681 8.0 96000
1695303897860 8.0 100000
1695303939939 8.0 104000
1695303972664 8.0 108000
1695304013200 8.0 112000
1695304058375 8.0 116000
1695304101577 8.0 120000
1695304142340 8.0 124000
1695304192079 8.0 128000
1695304235761 8.0 132000
1695304278874 8.0 136000
1695304323129 8.0 140000
1695304364734 8.0 144000
1695304406611 8.0 148000
1695304450482 8.0 152000
1695304491947 8.0 156000
1695304533306 8.0 160000
1695304577749 8.0 164000
1695304622903 8.0 168000
1695304666382 8.0 172000
1695304711489 8.0 176000
1695304751068 8.0 180000
1695304788777 8.0 184000
1695304832578 8.0 188000
1695304872696 8.0 192000
1695304909418 8.0 196000
1695304945273 8.0 200000
1695304982359 8.0 204000
1695305025039 8.0 208000
1695305061267 8.0 212000
1695305097728 8.0 216000
1695305135898 8.0 220000
1695305173116 8.0 224000
1695305208326 8.0 228000
1695305242169 8.0 232000
1695305273016 8.0 236000
1695305303702 8.0 240000
1695305335049 8.0 244000
1695305365458 8.0 248000
1695305395892 8.0 252000
1695305426403 8.0 256000
1695305457140 8.0 260000
1695305487754 8.0 264000
1695305518415 8.0 268000
1695305548819 8.0 272000
1695305579520 8.0 276000
1695305610981 8.0 280000
1695305641307 8.0 284000
1695305672138 8.0 288000
1695305702381 8.0 292000
1695305733795 8.0 296000
1695305763971 8.0 300000
1695305794979 8.0 304000
1695305825385 8.0 308000
1695305856240 8.0 312000
1695305886500 8.0 316000
1695305917127 8.0 320000
1695305947614 8.0 324000
1695305978536 8.0 328000
1695306008695 8.0 332000
1695306039558 8.0 336000
1695306070925 8.0 340000
1695306101830 8.0 344000
1695306132292 8.0 348000
1695306162919 8.0 352000
1695306193408 8.0 356000
1695306224330 8.0 360000
1695306254746 8.0 364000
1695306287166 8.0 368000
1695306318533 8.0 372000
1695306351110 8.0 376000
1695306382557 8.0 380000
1695306417692 8.0 384000
1695306452254 8.0 388000
1695306486498 8.0 392000
1695306519944 8.0 396000
1695306554120 8.0 400000
1695306586123 8.0 404000
1695306620828 8.0 408000
1695306653720 8.0 412000
1695306687417 8.0 416000
1695306720501 8.0 420000
1695306752974 8.0 424000
1695306786125 8.0 428000
1695306823445 8.0 432000
1695306860249 8.0 436000
1695306893594 8.0 440000
1695306927072 8.0 444000
1695306961145 8.0 448000
1695306995363 8.0 452000
1695307028966 8.0 456000
1695307061205 8.0 460000
1695307093420 8.0 464000
1695307128233 8.0 468000
1695307160953 8.0 472000
1695307193783 8.0 476000
1695307226939 8.0 480000
1695307261350 8.0 484000
1695307295817 8.0 488000
1695307328611 8.0 492000
1695307362241 8.0 496000
1695307398581 8.0 500000
1695307433828 8.0 504000
1695307466864 8.0 508000
1695307502360 8.0 512000
1695307540926 8.0 516000
1695307575814 8.0 520000
1695307615240 8.0 524000
1695307652961 8.0 528000
1695307689026 8.0 532000
1695307724801 8.0 536000
1695307759429 8.0 540000
1695307803682 8.0 544000
1695307846257 8.0 548000
1695307880739 8.0 552000
1695307919666 8.0 556000
1695307956838 8.0 560000
1695307994910 8.0 564000
1695308028063 8.0 568000
1695308062936 8.0 572000
1695308098138 8.0 576000
1695308132155 8.0 580000
1695308167263 8.0 584000
1695308204653 8.0 588000
1695308240267 8.0 592000
1695308275314 8.0 596000
1695308317678 8.0 600000
1695308353449 8.0 604000
1695308394803 8.0 608000
1695308433169 8.0 612000
1695308469798 8.0 616000
1695308516230 8.0 620000
1695308552807 8.0 624000
1695308589991 8.0 628000
1695308629773 8.0 632000
1695308665836 8.0 636000
1695308704011 8.0 640000
1695308741076 8.0 644000
1695308776488 8.0 648000
1695308813166 8.0 652000
1695308854552 8.0 656000
1695308889207 8.0 660000
1695308922302 8.0 664000
1695308955677 8.0 668000
1695308990694 8.0 672000
1695309025631 8.0 676000
1695309064328 8.0 680000
1695309102490 8.0 684000
1695309138104 8.0 688000
1695309173217 8.0 692000
1695309207229 8.0 696000
1695309241648 8.0 700000
1695309278158 8.0 704000
1695309314306 8.0 708000
1695309350767 8.0 712000
1695309387618 8.0 716000
1695309422329 8.0 720000
1695309457173 8.0 724000
1695309489562 8.0 728000
1695309522333 8.0 732000
1695309555509 8.0 736000
1695309590370 8.0 740000
1695309624629 8.0 744000
1695309658599 8.0 748000
1695309692390 8.0 752000
1695309730488 8.0 756000
1695309765039 8.0 760000
1695309797527 8.0 764000
1695309829885 8.0 768000
1695309863453 8.0 772000
1695309897360 8.0 776000
1695309932725 8.0 780000
1695309969991 8.0 784000
1695310015878 8.0 788000
1695310052617 8.0 792000
1695310087790 8.0 796000
1695310125692 8.0 800000
1695310160797 8.0 804000
1695310197793 8.0 808000
1695310240384 8.0 812000
1695310277607 8.0 816000
1695310312716 8.0 820000
1695310348358 8.0 824000
1695310386699 8.0 828000
1695310421542 8.0 832000
1695310455210 8.0 836000
1695310494047 8.0 840000
1695310538746 8.0 844000
1695310575979 8.0 848000
1695310616917 8.0 852000
1695310655497 8.0 856000
1695310690361 8.0 860000
1695310724076 8.0 864000
1695310758964 8.0 868000
