1695136485572 0.3817333333333333 4000
1695136522456 0.1982 8000
1695136560398 0.18792857142857142 12000
1695136594637 0.14061038961038957 16000
1695136626274 0.16659183673469388 20000
1695136659401 0.12994999999999998 24000
1695136692887 0.17484000000000002 28000
1695136726793 0.29009999999999997 32000
1695136760547 0.3012699999999999 36000
1695136795170 0.37670000000000003 40000
1695136829801 0.49378999999999995 44000
1695136863846 0.52352 48000
1695136896272 0.5383699999999999 52000
1695136932723 0.61164 56000
1695136966832 0.6931700000000001 60000
1695136999727 0.73107 64000
1695137033421 0.78019 68000
1695137066478 0.82137 72000
1695137103751 0.78 76000
1695137142136 0.7797900000000001 80000
1695137179711 0.8351899999999999 84000
1695137217134 0.9231199999999999 88000
1695137252632 0.8548700000000002 92000
1695137286511 0.8355899999999999 96000
1695137322136 0.7978700000000001 100000
1695137356672 0.9076700000000001 104000
1695137389711 0.9328 108000
1695137421455 0.91672 112000
1695137453423 0.87185 116000
1695137486523 0.97179 120000
1695137518768 0.97316 124000
1695137552940 0.9426810344827585 128000
1695137587467 0.8967599999999999 132000
1695137620362 0.8657299999999999 136000
1695137652361 0.8735299999999999 140000
1695137685693 0.9420299999999999 144000
1695137720402 1.0214375 148000
1695137753107 1.0198484848484848 152000
1695137785920 1.0521691176470591 156000
1695137819387 1.117314960629921 160000
