1695303109671 4000.0 4000
1695303138360 8000.0 8000
1695303167496 12000.0 12000
1695303196266 16000.0 16000
1695303230325 20000.0 20000
1695303262659 24000.0 24000
1695303295806 28000.0 28000
1695303328638 32000.0 32000
1695303360527 36000.0 36000
1695303392658 40000.0 40000
1695303425024 44000.0 44000
1695303456210 48000.0 48000
1695303487936 52000.0 52000
1695303518679 56000.0 56000
1695303550392 60000.0 60000
1695303581582 64000.0 64000
1695303615316 68000.0 68000
1695303648056 72000.0 72000
1695303680724 76000.0 76000
1695303712475 80000.0 80000
1695303753671 84000.0 84000
1695303786186 88000.0 88000
1695303816910 92000.0 92000
1695303852599 96000.0 96000
1695303897721 100000.0 100000
1695303939876 104000.0 104000
1695303972595 108000.0 108000
1695304013121 112000.0 112000
1695304058291 116000.0 116000
1695304101504 120000.0 120000
1695304142266 124000.0 124000
1695304191977 128000.0 128000
1695304235678 132000.0 132000
1695304278791 136000.0 136000
1695304323047 140000.0 140000
1695304364648 144000.0 144000
1695304406512 148000.0 148000
1695304450398 152000.0 152000
1695304491875 156000.0 156000
1695304533225 160000.0 160000
1695304577671 164000.0 164000
1695304622818 168000.0 168000
1695304666307 172000.0 172000
1695304711428 176000.0 176000
1695304750996 180000.0 180000
1695304788702 184000.0 184000
1695304832507 188000.0 188000
1695304872621 192000.0 192000
1695304909338 196000.0 196000
1695304945204 200000.0 200000
1695304982289 204000.0 204000
1695305024962 208000.0 208000
1695305061197 212000.0 212000
1695305097656 216000.0 216000
1695305135826 220000.0 220000
1695305173045 224000.0 224000
1695305208258 228000.0 228000
1695305242109 232000.0 232000
1695305272956 236000.0 236000
1695305303631 240000.0 240000
1695305334989 244000.0 244000
1695305365395 248000.0 248000
1695305395832 252000.0 252000
1695305426338 256000.0 256000
1695305457082 260000.0 260000
1695305487689 264000.0 264000
1695305518357 268000.0 268000
1695305548755 272000.0 272000
1695305579463 276000.0 276000
1695305610920 280000.0 280000
1695305641247 284000.0 284000
1695305672082 288000.0 288000
1695305702320 292000.0 292000
1695305733736 296000.0 296000
1695305763897 300000.0 300000
1695305794919 304000.0 304000
1695305825325 308000.0 308000
1695305856181 312000.0 312000
1695305886444 316000.0 316000
1695305917068 320000.0 320000
1695305947553 324000.0 324000
1695305978480 328000.0 328000
1695306008635 332000.0 332000
1695306039496 336000.0 336000
1695306070865 340000.0 340000
1695306101768 344000.0 344000
1695306132234 348000.0 348000
1695306162859 352000.0 352000
1695306193347 356000.0 356000
1695306224271 360000.0 360000
1695306254686 364000.0 364000
1695306287106 368000.0 368000
1695306318472 372000.0 372000
1695306351041 376000.0 376000
1695306382500 380000.0 380000
1695306417627 384000.0 384000
1695306452178 388000.0 388000
1695306486432 392000.0 392000
1695306519884 396000.0 396000
1695306554055 400000.0 400000
1695306586060 404000.0 404000
1695306620760 408000.0 408000
1695306653660 412000.0 412000
1695306687348 416000.0 416000
1695306720438 420000.0 420000
1695306752912 424000.0 424000
1695306786065 428000.0 428000
1695306823354 432000.0 432000
1695306860185 436000.0 436000
1695306893532 440000.0 440000
1695306927001 444000.0 444000
1695306961082 448000.0 448000
1695306995300 452000.0 452000
1695307028903 456000.0 456000
1695307061140 460000.0 460000
1695307093355 464000.0 464000
1695307128170 468000.0 468000
1695307160884 472000.0 472000
1695307193719 476000.0 476000
1695307226873 480000.0 480000
1695307261285 484000.0 484000
1695307295756 488000.0 488000
1695307328547 492000.0 492000
1695307362176 496000.0 496000
1695307398510 500000.0 500000
1695307433763 504000.0 504000
1695307466794 508000.0 508000
1695307502290 512000.0 512000
1695307540850 516000.0 516000
1695307575750 520000.0 520000
1695307615169 524000.0 524000
1695307652898 528000.0 528000
1695307688958 532000.0 532000
1695307724734 536000.0 536000
1695307759366 540000.0 540000
1695307803579 544000.0 544000
1695307846193 548000.0 548000
1695307880668 552000.0 552000
1695307919598 556000.0 556000
1695307956763 560000.0 560000
1695307994845 564000.0 564000
1695308027999 568000.0 568000
1695308062870 572000.0 572000
1695308098076 576000.0 576000
1695308132087 580000.0 580000
1695308167199 584000.0 584000
1695308204577 588000.0 588000
1695308240204 592000.0 592000
1695308275241 596000.0 596000
1695308317606 600000.0 600000
1695308353380 604000.0 604000
1695308394716 608000.0 608000
1695308433106 612000.0 612000
1695308469724 616000.0 616000
1695308516158 620000.0 620000
1695308552737 624000.0 624000
1695308589915 628000.0 628000
1695308629699 632000.0 632000
1695308665752 636000.0 636000
1695308703937 640000.0 640000
1695308741013 644000.0 644000
1695308776417 648000.0 648000
1695308813090 652000.0 652000
1695308854489 656000.0 656000
1695308889143 660000.0 660000
1695308922238 664000.0 664000
1695308955611 668000.0 668000
1695308990623 672000.0 672000
1695309025554 676000.0 676000
1695309064247 680000.0 680000
1695309102418 684000.0 684000
1695309138034 688000.0 688000
1695309173151 692000.0 692000
1695309207161 696000.0 696000
1695309241584 700000.0 700000
1695309278089 704000.0 704000
1695309314231 708000.0 708000
1695309350704 712000.0 712000
1695309387550 716000.0 716000
1695309422266 720000.0 720000
1695309457110 724000.0 724000
1695309489503 728000.0 728000
1695309522270 732000.0 732000
1695309555445 736000.0 736000
1695309590304 740000.0 740000
1695309624564 744000.0 744000
1695309658536 748000.0 748000
1695309692328 752000.0 752000
1695309730404 756000.0 756000
1695309764976 760000.0 760000
1695309797467 764000.0 764000
1695309829821 768000.0 768000
1695309863389 772000.0 772000
1695309897295 776000.0 776000
1695309932659 780000.0 780000
1695309969920 784000.0 784000
1695310015811 788000.0 788000
1695310052548 792000.0 792000
1695310087720 796000.0 796000
1695310125625 800000.0 800000
1695310160736 804000.0 804000
1695310197721 808000.0 808000
1695310240312 812000.0 812000
1695310277542 816000.0 816000
1695310312648 820000.0 820000
1695310348286 824000.0 824000
1695310386610 828000.0 828000
1695310421482 832000.0 832000
1695310455143 836000.0 836000
1695310493977 840000.0 840000
1695310538683 844000.0 844000
1695310575910 848000.0 848000
1695310616824 852000.0 852000
1695310655434 856000.0 856000
1695310690297 860000.0 860000
1695310724014 864000.0 864000
1695310758901 868000.0 868000
