1695303109723 -1.02 4000
1695303138411 -1.036 8000
1695303167546 -1.036 12000
1695303196316 -1.036 16000
1695303230383 -1.039 20000
1695303262709 -1.042 24000
1695303295854 -1.042 28000
1695303328687 -1.044 32000
1695303360579 -1.044 36000
1695303392707 -1.044 40000
1695303425072 -1.044 44000
1695303456260 -1.035 48000
1695303487984 -1.035 52000
1695303518728 -1.043 56000
1695303550439 -1.043 60000
1695303581629 -1.041 64000
1695303615367 -1.0359999999999998 68000
1695303648102 -1.0359999999999998 72000
1695303680772 -1.046 76000
1695303712521 -1.04 80000
1695303753722 -1.025 84000
1695303786232 -1.021 88000
1695303816959 -1.029 92000
1695303852661 -1.024 96000
1695303897824 -1.036 100000
1695303939922 -1.019 104000
1695303972646 -1.019 108000
1695304013181 -1.018 112000
1695304058355 -1.017 116000
1695304101559 -1.0139999999999998 120000
1695304142321 -1.0119999999999998 124000
1695304192055 -1.025 128000
1695304235741 -1.01 132000
1695304278852 -1.01 136000
1695304323108 -1.036 140000
1695304364715 -1.011 144000
1695304406589 -1.0139999999999998 148000
1695304450461 -1.019 152000
1695304491928 -1.011 156000
1695304533287 -1.007 160000
1695304577729 -1.0099999999999998 164000
1695304622882 -1.009 168000
1695304666363 -1.011 172000
1695304711474 -1.007 176000
1695304751050 -1.033 180000
1695304788758 -1.008 184000
1695304832563 -1.011 188000
1695304872677 -1.0059999999999998 192000
1695304909400 -1.013 196000
1695304945256 -1.016 200000
1695304982342 -1.008 204000
1695305025020 -1.007 208000
1695305061250 -1.0079999999999998 212000
1695305097710 -1.006 216000
1695305135880 -1.007 220000
1695305173098 -1.012 224000
1695305208309 -1.011 228000
1695305242154 -1.0259999999999998 232000
1695305273002 -1.012 236000
1695305303684 -1.006 240000
1695305335034 -1.007 244000
1695305365442 -1.0119999999999998 248000
1695305395877 -1.007 252000
1695305426387 -1.006 256000
1695305457125 -1.009 260000
1695305487738 -1.029 264000
1695305518401 -1.014 268000
1695305548803 -1.008 272000
1695305579506 -1.016 276000
1695305610966 -1.0079999999999998 280000
1695305641292 -1.019 284000
1695305672124 -1.01 288000
1695305702366 -1.034 292000
1695305733780 -1.0079999999999998 296000
1695305763954 -1.006 300000
1695305794964 -1.007 304000
1695305825370 -1.027 308000
1695305856225 -1.007 312000
1695305886486 -1.0059999999999998 316000
1695305917113 -1.015 320000
1695305947599 -1.02 324000
1695305978522 -1.006 328000
1695306008680 -1.008 332000
1695306039543 -1.012 336000
1695306070910 -1.006 340000
1695306101815 -1.006 344000
1695306132278 -1.016 348000
1695306162903 -1.0079999999999998 352000
1695306193394 -1.007 356000
1695306224316 -1.007 360000
1695306254731 -1.005 364000
1695306287151 -1.023 368000
1695306318518 -1.0079999999999998 372000
1695306351089 -1.007 376000
1695306382543 -1.005 380000
1695306417675 -1.009 384000
1695306452228 -1.007 388000
1695306486481 -1.007 392000
1695306519930 -1.007 396000
1695306554104 -1.0059999999999998 400000
1695306586108 -1.037 404000
1695306620811 -1.016 408000
1695306653705 -1.013 412000
1695306687400 -1.006 416000
1695306720486 -1.007 420000
1695306752958 -1.006 424000
1695306786110 -1.008 428000
1695306823420 -1.008 432000
1695306860233 -1.005 436000
1695306893579 -1.0059999999999998 440000
1695306927055 -1.006 444000
1695306961130 -1.008 448000
1695306995348 -1.007 452000
1695307028950 -1.007 456000
1695307061189 -1.006 460000
1695307093403 -1.007 464000
1695307128217 -1.006 468000
1695307160936 -1.0059999999999998 472000
1695307193767 -1.008 476000
1695307226922 -1.007 480000
1695307261333 -1.0079999999999998 484000
1695307295802 -1.008 488000
1695307328596 -1.006 492000
1695307362225 -1.006 496000
1695307398563 -1.006 500000
1695307433813 -1.006 504000
1695307466847 -1.006 508000
1695307502342 -1.006 512000
1695307540909 -1.009 516000
1695307575798 -1.005 520000
1695307615222 -1.008 524000
1695307652945 -1.01 528000
1695307689010 -1.009 532000
1695307724784 -1.007 536000
1695307759413 -1.007 540000
1695307803658 -1.006 544000
1695307846241 -1.007 548000
1695307880721 -1.007 552000
1695307919649 -1.007 556000
1695307956820 -1.006 560000
1695307994894 -1.007 564000
1695308028047 -1.006 568000
1695308062920 -1.0059999999999998 572000
1695308098123 -1.0059999999999998 576000
1695308132138 -1.006 580000
1695308167247 -1.006 584000
1695308204635 -1.007 588000
1695308240251 -1.005 592000
1695308275296 -1.006 596000
1695308317661 -1.007 600000
1695308353431 -1.0059999999999998 604000
1695308394783 -1.0059999999999998 608000
1695308433153 -1.005 612000
1695308469779 -1.007 616000
1695308516212 -1.007 620000
1695308552790 -1.008 624000
1695308589972 -1.009 628000
1695308629755 -1.007 632000
1695308665813 -1.019 636000
1695308703992 -1.007 640000
1695308741060 -1.006 644000
1695308776471 -1.007 648000
1695308813146 -1.006 652000
1695308854536 -1.0059999999999998 656000
1695308889191 -1.006 660000
1695308922286 -1.007 664000
1695308955660 -1.007 668000
1695308990676 -1.007 672000
1695309025611 -1.005 676000
1695309064310 -1.006 680000
1695309102472 -1.041 684000
1695309138086 -1.014 688000
1695309173200 -1.007 692000
1695309207212 -1.0079999999999998 696000
1695309241632 -1.0059999999999998 700000
1695309278140 -1.005 704000
1695309314287 -1.013 708000
1695309350751 -1.006 712000
1695309387601 -1.007 716000
1695309422313 -1.005 720000
1695309457157 -1.0059999999999998 724000
1695309489547 -1.007 728000
1695309522318 -1.0059999999999998 732000
1695309555494 -1.007 736000
1695309590353 -1.011 740000
1695309624612 -1.021 744000
1695309658584 -1.005 748000
1695309692374 -1.0059999999999998 752000
1695309730469 -1.008 756000
1695309765024 -1.006 760000
1695309797512 -1.007 764000
1695309829869 -1.031 768000
1695309863437 -1.007 772000
1695309897344 -1.0059999999999998 776000
1695309932708 -1.006 780000
1695309969973 -1.016 784000
1695310015861 -1.0059999999999998 788000
1695310052599 -1.006 792000
1695310087772 -1.006 796000
1695310125675 -1.021 800000
1695310160781 -1.008 804000
1695310197775 -1.0059999999999998 808000
1695310240366 -1.007 812000
1695310277590 -1.006 816000
1695310312699 -1.0059999999999998 820000
1695310348340 -1.005 824000
1695310386674 -1.005 828000
1695310421527 -1.005 832000
1695310455193 -1.007 836000
1695310494029 -1.006 840000
1695310538731 -1.005 844000
1695310575962 -1.006 848000
1695310616893 -1.006 852000
1695310655481 -1.009 856000
1695310690345 -1.01 860000
1695310724061 -1.005 864000
1695310758948 -1.007 868000
