1695303109723 -1.031 4000
1695303138411 -1.031 8000
1695303167545 -1.047 12000
1695303196316 -1.047 16000
1695303230382 -1.047 20000
1695303262709 -1.047 24000
1695303295854 -1.047 28000
1695303328686 -1.0559999999999998 32000
1695303360578 -1.0559999999999998 36000
1695303392706 -1.0559999999999998 40000
1695303425072 -1.029 44000
1695303456260 -1.009 48000
1695303487984 -1.009 52000
1695303518727 -1.009 56000
1695303550439 -1.009 60000
1695303581629 -1.01 64000
1695303615366 -1.027 68000
1695303648101 -1.052 72000
1695303680772 -1.01 76000
1695303712521 -1.02 80000
1695303753721 -1.036 84000
1695303786232 -1.007 88000
1695303816959 -1.001 92000
1695303852660 -1.005 96000
1695303897823 -1.038 100000
1695303939922 -1.001 104000
1695303972646 -1.001 108000
1695304013180 -1.031 112000
1695304058354 -1.001 116000
1695304101559 -1.0019999999999998 120000
1695304142321 -1.026 124000
1695304192054 -1.003 128000
1695304235740 -1.015 132000
1695304278852 -1.003 136000
1695304323108 -1.002 140000
1695304364714 -1.007 144000
1695304406589 -1.005 148000
1695304450460 -1.013 152000
1695304491928 -1.002 156000
1695304533286 -1.001 160000
1695304577729 -1.001 164000
1695304622881 -1.002 168000
1695304666363 -1.005 172000
1695304711473 -1.003 176000
1695304751049 -1.0 180000
1695304788757 -1.001 184000
1695304832562 -1.001 188000
1695304872676 -1.001 192000
1695304909400 -1.0 196000
1695304945255 -1.002 200000
1695304982341 -1.0 204000
1695305025020 -1.0 208000
1695305061249 -1.0 212000
1695305097709 -1.001 216000
1695305135880 -1.0 220000
1695305173098 -1.0 224000
1695305208309 -1.0 228000
1695305242153 -1.0 232000
1695305273001 -0.5 236000
1695305303684 -0.518 240000
1695305335034 -1.0 244000
1695305365442 -1.001 248000
1695305395877 -0.501 252000
1695305426386 -1.0 256000
1695305457125 -1.001 260000
1695305487738 -1.0 264000
1695305518401 -1.0 268000
1695305548803 -1.0 272000
1695305579506 -1.001 276000
1695305610965 -1.0 280000
1695305641292 -1.0 284000
1695305672124 -1.0 288000
1695305702365 -1.002 292000
1695305733779 -0.501 296000
1695305763954 -0.501 300000
1695305794964 -1.0 304000
1695305825369 -1.0 308000
1695305856225 -0.501 312000
1695305886486 -1.0 316000
1695305917112 -1.0 320000
1695305947598 -1.0 324000
1695305978522 -1.0 328000
1695306008680 -0.5 332000
1695306039543 -1.0 336000
1695306070910 -0.501 340000
1695306101814 -0.501 344000
1695306132277 -1.003 348000
1695306162903 -0.501 352000
1695306193393 -0.509 356000
1695306224315 -1.005 360000
1695306254731 -0.5 364000
1695306287151 -1.001 368000
1695306318517 -0.5 372000
1695306351088 -0.5 376000
1695306382542 -1.001 380000
1695306417675 -1.0 384000
1695306452228 -1.0 388000
1695306486481 -1.0 392000
1695306519929 -1.001 396000
1695306554103 -0.5 400000
1695306586107 -1.0039999999999998 404000
1695306620811 -0.5 408000
1695306653705 -0.5 412000
1695306687400 -1.003 416000
1695306720485 -1.0 420000
1695306752958 -0.5 424000
1695306786110 -1.0 428000
1695306823419 -0.501 432000
1695306860233 -1.0 436000
1695306893578 -1.0 440000
1695306927055 -0.5 444000
1695306961129 -1.0 448000
1695306995347 -0.501 452000
1695307028950 -0.501 456000
1695307061189 -0.501 460000
1695307093403 -0.5 464000
1695307128217 -0.501 468000
1695307160936 -0.501 472000
1695307193766 -1.0 476000
1695307226922 -0.5 480000
1695307261333 -1.0 484000
1695307295802 -0.501 488000
1695307328595 -0.501 492000
1695307362225 -0.5 496000
1695307398563 -0.501 500000
1695307433813 -1.0 504000
1695307466846 -0.501 508000
1695307502342 -1.0 512000
1695307540908 -0.501 516000
1695307575797 -1.0 520000
1695307615222 -0.5 524000
1695307652945 -0.501 528000
1695307689009 -1.0 532000
1695307724784 -1.0 536000
1695307759413 -0.5 540000
1695307803658 -0.501 544000
1695307846241 -1.0 548000
1695307880721 -0.501 552000
1695307919649 -1.0 556000
1695307956819 -0.5 560000
1695307994893 -1.0 564000
1695308028047 -0.5 568000
1695308062920 -1.0 572000
1695308098122 -0.501 576000
1695308132138 -0.501 580000
1695308167247 -1.0 584000
1695308204634 -1.0 588000
1695308240251 -1.0 592000
1695308275296 -0.501 596000
1695308317660 -0.5 600000
1695308353431 -0.5 604000
1695308394782 -0.501 608000
1695308433153 -1.0 612000
1695308469779 -1.0 616000
1695308516212 -1.0 620000
1695308552789 -0.501 624000
1695308589972 -0.5 628000
1695308629754 -0.5 632000
1695308665813 -1.0 636000
1695308703992 -1.0 640000
1695308741060 -1.0 644000
1695308776470 -0.5 648000
1695308813146 -0.501 652000
1695308854536 -0.5 656000
1695308889191 -1.0 660000
1695308922285 -1.0 664000
1695308955660 -0.501 668000
1695308990676 -0.5 672000
1695309025611 -0.5 676000
1695309064309 -0.5 680000
1695309102472 -1.0 684000
1695309138086 -1.0 688000
1695309173200 -0.5 692000
1695309207212 -1.0 696000
1695309241631 -0.5 700000
1695309278140 -0.5 704000
1695309314287 -1.0 708000
1695309350751 -0.5 712000
1695309387601 -1.001 716000
1695309422313 -1.0 720000
1695309457157 -1.001 724000
1695309489547 -0.501 728000
1695309522317 -0.5 732000
1695309555493 -1.0 736000
1695309590352 -0.5 740000
1695309624612 -0.5 744000
1695309658583 -1.0 748000
1695309692374 -0.502 752000
1695309730469 -0.5 756000
1695309765023 -1.0 760000
1695309797512 -1.0 764000
1695309829869 -0.5 768000
1695309863437 -0.502 772000
1695309897343 -1.0 776000
1695309932708 -1.0 780000
1695309969972 -1.0 784000
1695310015861 -1.0 788000
1695310052599 -1.0 792000
1695310087772 -1.0 796000
1695310125675 -0.5 800000
1695310160781 -1.0 804000
1695310197775 -1.0 808000
1695310240366 -0.5 812000
1695310277590 -1.0 816000
1695310312698 -1.0 820000
1695310348340 -1.0 824000
1695310386673 -1.0 828000
1695310421527 -0.5 832000
1695310455193 -0.5 836000
1695310494029 -1.0 840000
1695310538730 -1.0 844000
1695310575961 -0.501 848000
1695310616892 -1.0 852000
1695310655481 -0.501 856000
1695310690344 -1.0 860000
1695310724060 -0.5 864000
1695310758948 -1.0 868000
