1695136485567 4000.0 4000
1695136522450 8000.0 8000
1695136560392 12000.0 12000
1695136594632 16000.0 16000
1695136626268 20000.0 20000
1695136659396 24000.0 24000
1695136692881 28000.0 28000
1695136726787 32000.0 32000
1695136760541 36000.0 36000
1695136795164 40000.0 40000
1695136829795 44000.0 44000
1695136863841 48000.0 48000
1695136896266 52000.0 52000
1695136932718 56000.0 56000
1695136966827 60000.0 60000
1695136999722 64000.0 64000
1695137033415 68000.0 68000
1695137066473 72000.0 72000
1695137103745 76000.0 76000
1695137142130 80000.0 80000
1695137179706 84000.0 84000
1695137217128 88000.0 88000
1695137252626 92000.0 92000
1695137286505 96000.0 96000
1695137322131 100000.0 100000
1695137356666 104000.0 104000
1695137389705 108000.0 108000
1695137421450 112000.0 112000
1695137453418 116000.0 116000
1695137486518 120000.0 120000
1695137518762 124000.0 124000
1695137552935 128000.0 128000
1695137587462 132000.0 132000
1695137620357 136000.0 136000
1695137652356 140000.0 140000
1695137685687 144000.0 144000
1695137720396 148000.0 148000
1695137753101 152000.0 152000
1695137785915 156000.0 156000
1695137819381 160000.0 160000
