1695303109756 0.0 4000
1695303138444 0.0 8000
1695303167579 0.0 12000
1695303196351 0.0 16000
1695303230421 0.0 20000
1695303262742 0.0 24000
1695303295887 0.0 28000
1695303328719 0.0 32000
1695303360614 0.0 36000
1695303392740 0.0 40000
1695303425104 0.0 44000
1695303456294 0.0 48000
1695303488017 0.0 52000
1695303518760 0.0 56000
1695303550472 0.0 60000
1695303581662 0.0 64000
1695303615402 0.0 68000
1695303648134 0.0 72000
1695303680805 0.0 76000
1695303712553 0.0 80000
1695303753757 0.0 84000
1695303786265 0.0 88000
1695303816994 0.0 92000
1695303852702 0.0 96000
1695303897895 0.0 100000
1695303939955 0.0 104000
1695303972690 0.0 108000
1695304013221 0.0 112000
1695304058399 0.0 116000
1695304101600 0.0 120000
1695304142363 0.0 124000
1695304192105 0.0 128000
1695304235783 0.0 132000
1695304278897 0.0 136000
1695304323152 0.0 140000
1695304364756 0.0 144000
1695304406638 0.0 148000
1695304450504 0.0 152000
1695304491966 0.0 156000
1695304533327 0.0 160000
1695304577770 0.0 164000
1695304622925 0.0 168000
1695304666402 0.0 172000
1695304711506 0.0 176000
1695304751087 0.0 180000
1695304788796 0.0 184000
1695304832595 0.0 188000
1695304872715 0.0 192000
1695304909437 0.0 196000
1695304945292 0.0 200000
1695304982378 0.0 204000
1695305025060 0.0 208000
1695305061285 0.0 212000
1695305097748 0.0 216000
1695305135917 0.0 220000
1695305173135 0.0 224000
1695305208344 0.0 228000
1695305242185 0.0 232000
1695305273032 0.0 236000
1695305303720 0.0 240000
1695305335066 0.0 244000
1695305365475 0.0 248000
1695305395907 0.0 252000
1695305426420 0.0 256000
1695305457156 0.0 260000
1695305487771 0.0 264000
1695305518431 0.0 268000
1695305548836 0.0 272000
1695305579535 0.0 276000
1695305610997 0.0 280000
1695305641323 0.0 284000
1695305672154 0.0 288000
1695305702397 0.0 292000
1695305733811 0.0 296000
1695305763989 0.0 300000
1695305794995 0.0 304000
1695305825401 0.0 308000
1695305856256 0.0 312000
1695305886515 0.0 316000
1695305917143 0.0 320000
1695305947630 0.0 324000
1695305978552 0.0 328000
1695306008711 0.0 332000
1695306039574 0.0 336000
1695306070942 0.0 340000
1695306101846 0.0 344000
1695306132308 0.0 348000
1695306162935 0.0 352000
1695306193424 0.0 356000
1695306224346 0.0 360000
1695306254762 0.0 364000
1695306287181 0.0 368000
1695306318548 0.0 372000
1695306351128 0.0 376000
1695306382572 0.0 380000
1695306417710 0.0 384000
1695306452273 0.0 388000
1695306486515 0.0 392000
1695306519961 0.0 396000
1695306554138 0.0 400000
1695306586140 0.0 404000
1695306620846 0.0 408000
1695306653736 0.0 412000
1695306687436 0.0 416000
1695306720518 0.0 420000
1695306752990 0.0 424000
1695306786143 0.0 428000
1695306823464 0.0 432000
1695306860267 0.0 436000
1695306893612 0.0 440000
1695306927090 0.0 444000
1695306961162 0.0 448000
1695306995380 0.0 452000
1695307028982 0.0 456000
1695307061222 0.0 460000
1695307093437 0.0 464000
1695307128250 0.0 468000
1695307160971 0.0 472000
1695307193800 0.0 476000
1695307226958 0.0 480000
1695307261367 0.0 484000
1695307295834 0.0 488000
1695307328628 0.0 492000
1695307362259 0.0 496000
1695307398601 0.0 500000
1695307433844 0.0 504000
1695307466883 0.0 508000
1695307502383 0.0 512000
1695307540945 0.0 516000
1695307575831 0.0 520000
1695307615266 0.0 524000
1695307652978 0.0 528000
1695307689050 0.0 532000
1695307724818 0.0 536000
1695307759446 0.0 540000
1695307803705 0.0 544000
1695307846274 0.0 548000
1695307880759 0.0 552000
1695307919683 0.0 556000
1695307956858 0.0 560000
1695307994928 0.0 564000
1695308028080 0.0 568000
1695308062954 0.0 572000
1695308098155 0.0 576000
1695308132173 0.0 580000
1695308167280 0.0 584000
1695308204673 0.0 588000
1695308240284 0.0 592000
1695308275334 0.0 596000
1695308317699 0.0 600000
1695308353468 0.0 604000
1695308394828 0.0 608000
1695308433186 0.0 612000
1695308469818 0.0 616000
1695308516249 0.0 620000
1695308552826 0.0 624000
1695308590012 0.0 628000
1695308629793 0.0 632000
1695308665861 0.0 636000
1695308704031 0.0 640000
1695308741094 0.0 644000
1695308776506 0.0 648000
1695308813187 0.0 652000
1695308854569 0.0 656000
1695308889224 0.0 660000
1695308922319 0.0 664000
1695308955694 0.0 668000
1695308990713 0.0 672000
1695309025652 0.0 676000
1695309064349 0.0 680000
1695309102508 0.0 684000
1695309138123 0.0 688000
1695309173234 0.0 692000
1695309207248 0.0 696000
1695309241665 0.0 700000
1695309278176 0.0 704000
1695309314327 0.0 708000
1695309350783 0.0 712000
1695309387636 0.0 716000
1695309422345 0.0 720000
1695309457190 0.0 724000
1695309489578 0.0 728000
1695309522349 0.0 732000
1695309555527 0.0 736000
1695309590388 0.0 740000
1695309624646 0.0 744000
1695309658617 0.0 748000
1695309692407 0.0 752000
1695309730516 0.0 756000
1695309765056 0.0 760000
1695309797544 0.0 764000
1695309829902 0.0 768000
1695309863469 0.0 772000
1695309897379 0.0 776000
1695309932742 0.0 780000
1695309970009 0.0 784000
1695310015895 0.0 788000
1695310052635 0.0 792000
1695310087809 0.0 796000
1695310125714 0.0 800000
1695310160813 0.0 804000
1695310197813 0.0 808000
1695310240404 0.0 812000
1695310277624 0.0 816000
1695310312734 0.0 820000
1695310348377 0.0 824000
1695310386722 0.0 828000
1695310421559 0.0 832000
1695310455228 0.0 836000
1695310494067 0.0 840000
1695310538763 0.0 844000
1695310575997 0.0 848000
1695310616945 0.0 852000
1695310655514 0.0 856000
1695310690378 0.0 860000
1695310724093 0.0 864000
1695310758981 0.0 868000
