1695303109758 5.0000000000000016e-05 4000
1695303138445 5.0000000000000016e-05 8000
1695303167580 5.0000000000000016e-05 12000
1695303196352 5.0000000000000016e-05 16000
1695303230422 5.0000000000000016e-05 20000
1695303262743 5.0000000000000016e-05 24000
1695303295888 5.0000000000000016e-05 28000
1695303328720 5.0000000000000016e-05 32000
1695303360615 5.0000000000000016e-05 36000
1695303392741 5.0000000000000016e-05 40000
1695303425105 5.0000000000000016e-05 44000
1695303456295 5.0000000000000016e-05 48000
1695303488018 5.0000000000000016e-05 52000
1695303518761 5.0000000000000016e-05 56000
1695303550473 5.0000000000000016e-05 60000
1695303581663 5.0000000000000016e-05 64000
1695303615403 5.0000000000000016e-05 68000
1695303648135 5.0000000000000016e-05 72000
1695303680806 5.0000000000000016e-05 76000
1695303712554 5.0000000000000016e-05 80000
1695303753758 5.0000000000000016e-05 84000
1695303786266 5.0000000000000016e-05 88000
1695303816995 5.0000000000000016e-05 92000
1695303852704 5.0000000000000016e-05 96000
1695303897897 5.0000000000000016e-05 100000
1695303939956 5.0000000000000016e-05 104000
1695303972692 5.0000000000000016e-05 108000
1695304013222 5.0000000000000016e-05 112000
1695304058400 5.0000000000000016e-05 116000
1695304101602 5.0000000000000016e-05 120000
1695304142365 5.0000000000000016e-05 124000
1695304192107 5.0000000000000016e-05 128000
1695304235784 5.0000000000000016e-05 132000
1695304278898 5.0000000000000016e-05 136000
1695304323154 5.0000000000000016e-05 140000
1695304364757 5.0000000000000016e-05 144000
1695304406639 5.0000000000000016e-05 148000
1695304450506 5.0000000000000016e-05 152000
1695304491967 5.0000000000000016e-05 156000
1695304533329 5.0000000000000016e-05 160000
1695304577771 5.0000000000000016e-05 164000
1695304622927 5.0000000000000016e-05 168000
1695304666403 5.0000000000000016e-05 172000
1695304711507 5.0000000000000016e-05 176000
1695304751088 5.0000000000000016e-05 180000
1695304788797 5.0000000000000016e-05 184000
1695304832596 5.0000000000000016e-05 188000
1695304872717 5.0000000000000016e-05 192000
1695304909438 5.0000000000000016e-05 196000
1695304945293 5.0000000000000016e-05 200000
1695304982380 5.0000000000000016e-05 204000
1695305025061 5.0000000000000016e-05 208000
1695305061287 5.0000000000000016e-05 212000
1695305097749 5.0000000000000016e-05 216000
1695305135918 5.0000000000000016e-05 220000
1695305173137 5.0000000000000016e-05 224000
1695305208345 5.0000000000000016e-05 228000
1695305242186 5.0000000000000016e-05 232000
1695305273033 5.0000000000000016e-05 236000
1695305303721 5.0000000000000016e-05 240000
1695305335067 5.0000000000000016e-05 244000
1695305365476 5.0000000000000016e-05 248000
1695305395908 5.0000000000000016e-05 252000
1695305426421 5.0000000000000016e-05 256000
1695305457157 5.0000000000000016e-05 260000
1695305487772 5.0000000000000016e-05 264000
1695305518432 5.0000000000000016e-05 268000
1695305548837 5.0000000000000016e-05 272000
1695305579536 5.0000000000000016e-05 276000
1695305610998 5.0000000000000016e-05 280000
1695305641324 5.0000000000000016e-05 284000
1695305672155 5.0000000000000016e-05 288000
1695305702398 5.0000000000000016e-05 292000
1695305733812 5.0000000000000016e-05 296000
1695305763990 5.0000000000000016e-05 300000
1695305794996 5.0000000000000016e-05 304000
1695305825402 5.0000000000000016e-05 308000
1695305856257 5.0000000000000016e-05 312000
1695305886516 5.0000000000000016e-05 316000
1695305917144 5.0000000000000016e-05 320000
1695305947631 5.0000000000000016e-05 324000
1695305978552 5.0000000000000016e-05 328000
1695306008712 5.0000000000000016e-05 332000
1695306039575 5.0000000000000016e-05 336000
1695306070943 5.0000000000000016e-05 340000
1695306101848 5.0000000000000016e-05 344000
1695306132309 5.0000000000000016e-05 348000
1695306162936 5.0000000000000016e-05 352000
1695306193425 5.0000000000000016e-05 356000
1695306224347 5.0000000000000016e-05 360000
1695306254763 5.0000000000000016e-05 364000
1695306287182 5.0000000000000016e-05 368000
1695306318549 5.0000000000000016e-05 372000
1695306351129 5.0000000000000016e-05 376000
1695306382573 5.0000000000000016e-05 380000
1695306417711 5.0000000000000016e-05 384000
1695306452274 5.0000000000000016e-05 388000
1695306486517 5.0000000000000016e-05 392000
1695306519962 5.0000000000000016e-05 396000
1695306554140 5.0000000000000016e-05 400000
1695306586141 5.0000000000000016e-05 404000
1695306620847 5.0000000000000016e-05 408000
1695306653737 5.0000000000000016e-05 412000
1695306687437 5.0000000000000016e-05 416000
1695306720519 5.0000000000000016e-05 420000
1695306752991 5.0000000000000016e-05 424000
1695306786143 5.0000000000000016e-05 428000
1695306823465 5.0000000000000016e-05 432000
1695306860268 5.0000000000000016e-05 436000
1695306893613 5.0000000000000016e-05 440000
1695306927092 5.0000000000000016e-05 444000
1695306961164 5.0000000000000016e-05 448000
1695306995381 5.0000000000000016e-05 452000
1695307028983 5.0000000000000016e-05 456000
1695307061223 5.0000000000000016e-05 460000
1695307093439 5.0000000000000016e-05 464000
1695307128251 5.0000000000000016e-05 468000
1695307160973 5.0000000000000016e-05 472000
1695307193801 5.0000000000000016e-05 476000
1695307226959 5.0000000000000016e-05 480000
1695307261368 5.0000000000000016e-05 484000
1695307295835 5.0000000000000016e-05 488000
1695307328629 5.0000000000000016e-05 492000
1695307362260 5.0000000000000016e-05 496000
1695307398603 5.0000000000000016e-05 500000
1695307433845 5.0000000000000016e-05 504000
1695307466884 5.0000000000000016e-05 508000
1695307502385 5.0000000000000016e-05 512000
1695307540946 5.0000000000000016e-05 516000
1695307575832 5.0000000000000016e-05 520000
1695307615267 5.0000000000000016e-05 524000
1695307652979 5.0000000000000016e-05 528000
1695307689052 5.0000000000000016e-05 532000
1695307724819 5.0000000000000016e-05 536000
1695307759447 5.0000000000000016e-05 540000
1695307803706 5.0000000000000016e-05 544000
1695307846275 5.0000000000000016e-05 548000
1695307880760 5.0000000000000016e-05 552000
1695307919685 5.0000000000000016e-05 556000
1695307956860 5.0000000000000016e-05 560000
1695307994929 5.0000000000000016e-05 564000
1695308028081 5.0000000000000016e-05 568000
1695308062955 5.0000000000000016e-05 572000
1695308098156 5.0000000000000016e-05 576000
1695308132174 5.0000000000000016e-05 580000
1695308167282 5.0000000000000016e-05 584000
1695308204674 5.0000000000000016e-05 588000
1695308240285 5.0000000000000016e-05 592000
1695308275335 5.0000000000000016e-05 596000
1695308317700 5.0000000000000016e-05 600000
1695308353470 5.0000000000000016e-05 604000
1695308394830 5.0000000000000016e-05 608000
1695308433187 5.0000000000000016e-05 612000
1695308469819 5.0000000000000016e-05 616000
1695308516250 5.0000000000000016e-05 620000
1695308552827 5.0000000000000016e-05 624000
1695308590013 5.0000000000000016e-05 628000
1695308629794 5.0000000000000016e-05 632000
1695308665863 5.0000000000000016e-05 636000
1695308704032 5.0000000000000016e-05 640000
1695308741095 5.0000000000000016e-05 644000
1695308776507 5.0000000000000016e-05 648000
1695308813188 5.0000000000000016e-05 652000
1695308854570 5.0000000000000016e-05 656000
1695308889225 5.0000000000000016e-05 660000
1695308922320 5.0000000000000016e-05 664000
1695308955695 5.0000000000000016e-05 668000
1695308990714 5.0000000000000016e-05 672000
1695309025654 5.0000000000000016e-05 676000
1695309064350 5.0000000000000016e-05 680000
1695309102509 5.0000000000000016e-05 684000
1695309138124 5.0000000000000016e-05 688000
1695309173235 5.0000000000000016e-05 692000
1695309207249 5.0000000000000016e-05 696000
1695309241666 5.0000000000000016e-05 700000
1695309278177 5.0000000000000016e-05 704000
1695309314328 5.0000000000000016e-05 708000
1695309350784 5.0000000000000016e-05 712000
1695309387637 5.0000000000000016e-05 716000
1695309422346 5.0000000000000016e-05 720000
1695309457191 5.0000000000000016e-05 724000
1695309489579 5.0000000000000016e-05 728000
1695309522350 5.0000000000000016e-05 732000
1695309555528 5.0000000000000016e-05 736000
1695309590389 5.0000000000000016e-05 740000
1695309624647 5.0000000000000016e-05 744000
1695309658618 5.0000000000000016e-05 748000
1695309692408 5.0000000000000016e-05 752000
1695309730517 5.0000000000000016e-05 756000
1695309765057 5.0000000000000016e-05 760000
1695309797545 5.0000000000000016e-05 764000
1695309829903 5.0000000000000016e-05 768000
1695309863470 5.0000000000000016e-05 772000
1695309897380 5.0000000000000016e-05 776000
1695309932743 5.0000000000000016e-05 780000
1695309970011 5.0000000000000016e-05 784000
1695310015896 5.0000000000000016e-05 788000
1695310052636 5.0000000000000016e-05 792000
1695310087810 5.0000000000000016e-05 796000
1695310125715 5.0000000000000016e-05 800000
1695310160814 5.0000000000000016e-05 804000
1695310197814 5.0000000000000016e-05 808000
1695310240405 5.0000000000000016e-05 812000
1695310277625 5.0000000000000016e-05 816000
1695310312735 5.0000000000000016e-05 820000
1695310348378 5.0000000000000016e-05 824000
1695310386723 5.0000000000000016e-05 828000
1695310421560 5.0000000000000016e-05 832000
1695310455229 5.0000000000000016e-05 836000
1695310494068 5.0000000000000016e-05 840000
1695310538764 5.0000000000000016e-05 844000
1695310575999 5.0000000000000016e-05 848000
1695310616947 5.0000000000000016e-05 852000
1695310655515 5.0000000000000016e-05 856000
1695310690379 5.0000000000000016e-05 860000
1695310724094 5.0000000000000016e-05 864000
1695310758982 5.0000000000000016e-05 868000
