1695303109757 0.20000000000000004 4000
1695303138444 0.20000000000000004 8000
1695303167580 0.20000000000000004 12000
1695303196352 0.20000000000000004 16000
1695303230422 0.20000000000000004 20000
1695303262743 0.20000000000000004 24000
1695303295888 0.20000000000000004 28000
1695303328720 0.20000000000000004 32000
1695303360614 0.20000000000000004 36000
1695303392741 0.20000000000000004 40000
1695303425105 0.20000000000000004 44000
1695303456294 0.20000000000000004 48000
1695303488017 0.20000000000000004 52000
1695303518761 0.20000000000000004 56000
1695303550473 0.20000000000000004 60000
1695303581662 0.20000000000000004 64000
1695303615403 0.20000000000000004 68000
1695303648134 0.20000000000000004 72000
1695303680805 0.20000000000000004 76000
1695303712554 0.20000000000000004 80000
1695303753757 0.20000000000000004 84000
1695303786265 0.20000000000000004 88000
1695303816995 0.20000000000000004 92000
1695303852703 0.20000000000000004 96000
1695303897896 0.20000000000000004 100000
1695303939956 0.20000000000000004 104000
1695303972691 0.20000000000000004 108000
1695304013222 0.20000000000000004 112000
1695304058400 0.20000000000000004 116000
1695304101601 0.20000000000000004 120000
1695304142364 0.20000000000000004 124000
1695304192107 0.20000000000000004 128000
1695304235784 0.20000000000000004 132000
1695304278897 0.20000000000000004 136000
1695304323153 0.20000000000000004 140000
1695304364757 0.20000000000000004 144000
1695304406639 0.20000000000000004 148000
1695304450506 0.20000000000000004 152000
1695304491967 0.20000000000000004 156000
1695304533328 0.20000000000000004 160000
1695304577771 0.20000000000000004 164000
1695304622926 0.20000000000000004 168000
1695304666403 0.20000000000000004 172000
1695304711506 0.20000000000000004 176000
1695304751088 0.20000000000000004 180000
1695304788796 0.20000000000000004 184000
1695304832596 0.20000000000000004 188000
1695304872716 0.20000000000000004 192000
1695304909438 0.20000000000000004 196000
1695304945293 0.20000000000000004 200000
1695304982379 0.20000000000000004 204000
1695305025061 0.20000000000000004 208000
1695305061286 0.20000000000000004 212000
1695305097749 0.20000000000000004 216000
1695305135918 0.20000000000000004 220000
1695305173136 0.20000000000000004 224000
1695305208345 0.20000000000000004 228000
1695305242186 0.20000000000000004 232000
1695305273033 0.20000000000000004 236000
1695305303721 0.20000000000000004 240000
1695305335067 0.20000000000000004 244000
1695305365476 0.20000000000000004 248000
1695305395908 0.20000000000000004 252000
1695305426421 0.20000000000000004 256000
1695305457157 0.20000000000000004 260000
1695305487771 0.20000000000000004 264000
1695305518432 0.20000000000000004 268000
1695305548837 0.20000000000000004 272000
1695305579536 0.20000000000000004 276000
1695305610998 0.20000000000000004 280000
1695305641324 0.20000000000000004 284000
1695305672154 0.20000000000000004 288000
1695305702397 0.20000000000000004 292000
1695305733812 0.20000000000000004 296000
1695305763990 0.20000000000000004 300000
1695305794995 0.20000000000000004 304000
1695305825401 0.20000000000000004 308000
1695305856257 0.20000000000000004 312000
1695305886516 0.20000000000000004 316000
1695305917144 0.20000000000000004 320000
1695305947630 0.20000000000000004 324000
1695305978552 0.20000000000000004 328000
1695306008712 0.20000000000000004 332000
1695306039575 0.20000000000000004 336000
1695306070942 0.20000000000000004 340000
1695306101847 0.10000000000000002 344000
1695306132309 0.10000000000000002 348000
1695306162935 0.10000000000000002 352000
1695306193425 0.10000000000000002 356000
1695306224347 0.10000000000000002 360000
1695306254763 0.10000000000000002 364000
1695306287182 0.10000000000000002 368000
1695306318549 0.10000000000000002 372000
1695306351129 0.10000000000000002 376000
1695306382573 0.10000000000000002 380000
1695306417711 0.10000000000000002 384000
1695306452273 0.10000000000000002 388000
1695306486516 0.10000000000000002 392000
1695306519961 0.10000000000000002 396000
1695306554139 0.10000000000000002 400000
1695306586141 0.10000000000000002 404000
1695306620847 0.10000000000000002 408000
1695306653737 0.10000000000000002 412000
1695306687437 0.10000000000000002 416000
1695306720519 0.10000000000000002 420000
1695306752991 0.10000000000000002 424000
1695306786143 0.10000000000000002 428000
1695306823465 0.10000000000000002 432000
1695306860268 0.10000000000000002 436000
1695306893612 0.10000000000000002 440000
1695306927091 0.10000000000000002 444000
1695306961163 0.10000000000000002 448000
1695306995380 0.10000000000000002 452000
1695307028983 0.10000000000000002 456000
1695307061223 0.10000000000000002 460000
1695307093438 0.10000000000000002 464000
1695307128251 0.10000000000000002 468000
1695307160972 0.10000000000000002 472000
1695307193801 0.10000000000000002 476000
1695307226958 0.10000000000000002 480000
1695307261368 0.10000000000000002 484000
1695307295834 0.10000000000000002 488000
1695307328629 0.14999999999999997 492000
1695307362260 0.14999999999999997 496000
1695307398602 0.14999999999999997 500000
1695307433845 0.14999999999999997 504000
1695307466884 0.07499999999999998 508000
1695307502385 0.07499999999999998 512000
1695307540946 0.07499999999999998 516000
1695307575832 0.07499999999999998 520000
1695307615267 0.07499999999999998 524000
1695307652979 0.07499999999999998 528000
1695307689051 0.07499999999999998 532000
1695307724819 0.07499999999999998 536000
1695307759447 0.03749999999999999 540000
1695307803706 0.03749999999999999 544000
1695307846275 0.03749999999999999 548000
1695307880760 0.03749999999999999 552000
1695307919684 0.03749999999999999 556000
1695307956859 0.03749999999999999 560000
1695307994928 0.03749999999999999 564000
1695308028081 0.03749999999999999 568000
1695308062955 0.03749999999999999 572000
1695308098156 0.03749999999999999 576000
1695308132174 0.056250000000000015 580000
1695308167281 0.056250000000000015 584000
1695308204674 0.056250000000000015 588000
1695308240285 0.056250000000000015 592000
1695308275335 0.056250000000000015 596000
1695308317700 0.056250000000000015 600000
1695308353469 0.056250000000000015 604000
1695308394829 0.056250000000000015 608000
1695308433186 0.056250000000000015 612000
1695308469819 0.056250000000000015 616000
1695308516250 0.056250000000000015 620000
1695308552827 0.056250000000000015 624000
1695308590013 0.056250000000000015 628000
1695308629794 0.056250000000000015 632000
1695308665863 0.056250000000000015 636000
1695308704032 0.056250000000000015 640000
1695308741095 0.056250000000000015 644000
1695308776506 0.056250000000000015 648000
1695308813188 0.056250000000000015 652000
1695308854569 0.056250000000000015 656000
1695308889225 0.056250000000000015 660000
1695308922320 0.056250000000000015 664000
1695308955695 0.056250000000000015 668000
1695308990714 0.056250000000000015 672000
1695309025653 0.056250000000000015 676000
1695309064350 0.056250000000000015 680000
1695309102509 0.056250000000000015 684000
1695309138124 0.08437500000000002 688000
1695309173235 0.08437500000000002 692000
1695309207248 0.08437500000000002 696000
1695309241665 0.08437500000000002 700000
1695309278177 0.08437500000000002 704000
1695309314328 0.08437500000000002 708000
1695309350784 0.08437500000000002 712000
1695309387637 0.08437500000000002 716000
1695309422346 0.08437500000000002 720000
1695309457191 0.08437500000000002 724000
1695309489579 0.08437500000000002 728000
1695309522350 0.04218750000000001 732000
1695309555527 0.04218750000000001 736000
1695309590389 0.04218750000000001 740000
1695309624647 0.04218750000000001 744000
1695309658617 0.04218750000000001 748000
1695309692407 0.04218750000000001 752000
1695309730516 0.04218750000000001 756000
1695309765057 0.04218750000000001 760000
1695309797545 0.04218750000000001 764000
1695309829903 0.06328124999999998 768000
1695309863470 0.06328124999999998 772000
1695309897380 0.06328124999999998 776000
1695309932742 0.06328124999999998 780000
1695309970010 0.06328124999999998 784000
1695310015896 0.06328124999999998 788000
1695310052636 0.09492187500000003 792000
1695310087810 0.09492187500000003 796000
1695310125714 0.09492187500000003 800000
1695310160814 0.09492187500000003 804000
1695310197814 0.09492187500000003 808000
1695310240405 0.09492187500000003 812000
1695310277625 0.09492187500000003 816000
1695310312735 0.047460937500000015 820000
1695310348378 0.047460937500000015 824000
1695310386722 0.047460937500000015 828000
1695310421559 0.047460937500000015 832000
1695310455229 0.047460937500000015 836000
1695310494067 0.047460937500000015 840000
1695310538764 0.047460937500000015 844000
1695310575998 0.047460937500000015 848000
1695310616946 0.047460937500000015 852000
1695310655515 0.047460937500000015 856000
1695310690379 0.047460937500000015 860000
1695310724094 0.047460937500000015 864000
1695310758982 0.047460937500000015 868000
