1695303109760 0.0010000000000000005 4000
1695303138447 0.0010000000000000005 8000
1695303167583 0.0010000000000000005 12000
1695303196355 0.0010000000000000005 16000
1695303230425 0.0010000000000000005 20000
1695303262746 0.0010000000000000005 24000
1695303295891 0.0010000000000000005 28000
1695303328723 0.0010000000000000005 32000
1695303360617 0.0010000000000000005 36000
1695303392744 0.0010000000000000005 40000
1695303425108 0.0010000000000000005 44000
1695303456297 0.0010000000000000005 48000
1695303488020 0.0010000000000000005 52000
1695303518764 0.0010000000000000005 56000
1695303550475 0.0010000000000000005 60000
1695303581665 0.0010000000000000005 64000
1695303615406 0.0010000000000000005 68000
1695303648137 0.0010000000000000005 72000
1695303680808 0.0010000000000000005 76000
1695303712557 0.0010000000000000005 80000
1695303753760 0.0010000000000000005 84000
1695303786269 0.0010000000000000005 88000
1695303816998 0.0010000000000000005 92000
1695303852707 0.0010000000000000005 96000
1695303897900 0.0010000000000000005 100000
1695303939958 0.0010000000000000005 104000
1695303972694 0.0010000000000000005 108000
1695304013225 0.0010000000000000005 112000
1695304058403 0.0010000000000000005 116000
1695304101605 0.0010000000000000005 120000
1695304142368 0.0010000000000000005 124000
1695304192111 0.0010000000000000005 128000
1695304235788 0.0010000000000000005 132000
1695304278901 0.0010000000000000005 136000
1695304323157 0.0010000000000000005 140000
1695304364761 0.0010000000000000005 144000
1695304406643 0.0010000000000000005 148000
1695304450509 0.0010000000000000005 152000
1695304491970 0.0010000000000000005 156000
1695304533332 0.0010000000000000005 160000
1695304577774 0.0010000000000000005 164000
1695304622930 0.0010000000000000005 168000
1695304666406 0.0010000000000000005 172000
1695304711509 0.0010000000000000005 176000
1695304751091 0.0010000000000000005 180000
1695304788799 0.0010000000000000005 184000
1695304832599 0.0010000000000000005 188000
1695304872719 0.0010000000000000005 192000
1695304909441 0.0010000000000000005 196000
1695304945296 0.0010000000000000005 200000
1695304982382 0.0010000000000000005 204000
1695305025065 0.0010000000000000005 208000
1695305061289 0.0010000000000000005 212000
1695305097752 0.0010000000000000005 216000
1695305135921 0.0010000000000000005 220000
1695305173139 0.0010000000000000005 224000
1695305208348 0.0010000000000000005 228000
1695305242188 0.0010000000000000005 232000
1695305273035 0.0010000000000000005 236000
1695305303724 0.0010000000000000005 240000
1695305335069 0.0010000000000000005 244000
1695305365479 0.0010000000000000005 248000
1695305395911 0.0010000000000000005 252000
1695305426424 0.0010000000000000005 256000
1695305457160 0.0010000000000000005 260000
1695305487774 0.0010000000000000005 264000
1695305518435 0.0010000000000000005 268000
1695305548840 0.0010000000000000005 272000
1695305579538 0.0010000000000000005 276000
1695305611001 0.0010000000000000005 280000
1695305641326 0.0010000000000000005 284000
1695305672157 0.0010000000000000005 288000
1695305702400 0.0010000000000000005 292000
1695305733814 0.0010000000000000005 296000
1695305763993 0.0010000000000000005 300000
1695305794998 0.0010000000000000005 304000
1695305825404 0.0010000000000000005 308000
1695305856259 0.0010000000000000005 312000
1695305886519 0.0010000000000000005 316000
1695305917146 0.0010000000000000005 320000
1695305947633 0.0010000000000000005 324000
1695305978555 0.0010000000000000005 328000
1695306008715 0.0010000000000000005 332000
1695306039577 0.0010000000000000005 336000
1695306070945 0.0010000000000000005 340000
1695306101850 0.0010000000000000005 344000
1695306132311 0.0010000000000000005 348000
1695306162938 0.0010000000000000005 352000
1695306193427 0.0010000000000000005 356000
1695306224350 0.0010000000000000005 360000
1695306254765 0.0010000000000000005 364000
1695306287184 0.0010000000000000005 368000
1695306318552 0.0010000000000000005 372000
1695306351131 0.0010000000000000005 376000
1695306382575 0.0010000000000000005 380000
1695306417714 0.0010000000000000005 384000
1695306452276 0.0010000000000000005 388000
1695306486519 0.0010000000000000005 392000
1695306519964 0.0010000000000000005 396000
1695306554142 0.0010000000000000005 400000
1695306586144 0.0010000000000000005 404000
1695306620850 0.0010000000000000005 408000
1695306653740 0.0010000000000000005 412000
1695306687440 0.0010000000000000005 416000
1695306720522 0.0010000000000000005 420000
1695306752994 0.0010000000000000005 424000
1695306786146 0.0010000000000000005 428000
1695306823467 0.0010000000000000005 432000
1695306860271 0.0010000000000000005 436000
1695306893615 0.0010000000000000005 440000
1695306927094 0.0010000000000000005 444000
1695306961166 0.0010000000000000005 448000
1695306995383 0.0010000000000000005 452000
1695307028986 0.0010000000000000005 456000
1695307061226 0.0010000000000000005 460000
1695307093441 0.0010000000000000005 464000
1695307128253 0.0010000000000000005 468000
1695307160975 0.0010000000000000005 472000
1695307193804 0.0010000000000000005 476000
1695307226962 0.0010000000000000005 480000
1695307261370 0.0010000000000000005 484000
1695307295837 0.0010000000000000005 488000
1695307328632 0.0010000000000000005 492000
1695307362263 0.0010000000000000005 496000
1695307398605 0.0010000000000000005 500000
1695307433847 0.0010000000000000005 504000
1695307466887 0.0010000000000000005 508000
1695307502390 0.0010000000000000005 512000
1695307540949 0.0010000000000000005 516000
1695307575835 0.0010000000000000005 520000
1695307615270 0.0010000000000000005 524000
1695307652981 0.0010000000000000005 528000
1695307689056 0.0010000000000000005 532000
1695307724822 0.0010000000000000005 536000
1695307759450 0.0010000000000000005 540000
1695307803710 0.0010000000000000005 544000
1695307846277 0.0010000000000000005 548000
1695307880763 0.0010000000000000005 552000
1695307919687 0.0010000000000000005 556000
1695307956863 0.0010000000000000005 560000
1695307994931 0.0010000000000000005 564000
1695308028084 0.0010000000000000005 568000
1695308062958 0.0010000000000000005 572000
1695308098158 0.0010000000000000005 576000
1695308132177 0.0010000000000000005 580000
1695308167284 0.0010000000000000005 584000
1695308204677 0.0010000000000000005 588000
1695308240287 0.0010000000000000005 592000
1695308275337 0.0010000000000000005 596000
1695308317703 0.0010000000000000005 600000
1695308353472 0.0010000000000000005 604000
1695308394834 0.0010000000000000005 608000
1695308433189 0.0010000000000000005 612000
1695308469822 0.0010000000000000005 616000
1695308516253 0.0010000000000000005 620000
1695308552830 0.0010000000000000005 624000
1695308590016 0.0010000000000000005 628000
1695308629797 0.0010000000000000005 632000
1695308665866 0.0010000000000000005 636000
1695308704035 0.0010000000000000005 640000
1695308741097 0.0010000000000000005 644000
1695308776509 0.0010000000000000005 648000
1695308813191 0.0010000000000000005 652000
1695308854572 0.0010000000000000005 656000
1695308889228 0.0010000000000000005 660000
1695308922323 0.0010000000000000005 664000
1695308955698 0.0010000000000000005 668000
1695308990717 0.0010000000000000005 672000
1695309025657 0.0010000000000000005 676000
1695309064353 0.0010000000000000005 680000
1695309102512 0.0010000000000000005 684000
1695309138127 0.0010000000000000005 688000
1695309173238 0.0010000000000000005 692000
1695309207251 0.0010000000000000005 696000
1695309241668 0.0010000000000000005 700000
1695309278180 0.0010000000000000005 704000
1695309314331 0.0010000000000000005 708000
1695309350787 0.0010000000000000005 712000
1695309387640 0.0010000000000000005 716000
1695309422349 0.0010000000000000005 720000
1695309457193 0.0010000000000000005 724000
1695309489581 0.0010000000000000005 728000
1695309522353 0.0010000000000000005 732000
1695309555530 0.0010000000000000005 736000
1695309590392 0.0010000000000000005 740000
1695309624650 0.0010000000000000005 744000
1695309658620 0.0010000000000000005 748000
1695309692410 0.0010000000000000005 752000
1695309730520 0.0010000000000000005 756000
1695309765060 0.0010000000000000005 760000
1695309797547 0.0010000000000000005 764000
1695309829906 0.0010000000000000005 768000
1695309863473 0.0010000000000000005 772000
1695309897382 0.0010000000000000005 776000
1695309932745 0.0010000000000000005 780000
1695309970013 0.0010000000000000005 784000
1695310015899 0.0010000000000000005 788000
1695310052639 0.0010000000000000005 792000
1695310087813 0.0010000000000000005 796000
1695310125717 0.0010000000000000005 800000
1695310160816 0.0010000000000000005 804000
1695310197817 0.0010000000000000005 808000
1695310240408 0.0010000000000000005 812000
1695310277628 0.0010000000000000005 816000
1695310312737 0.0010000000000000005 820000
1695310348381 0.0010000000000000005 824000
1695310386726 0.0010000000000000005 828000
1695310421562 0.0010000000000000005 832000
1695310455232 0.0010000000000000005 836000
1695310494071 0.0010000000000000005 840000
1695310538767 0.0010000000000000005 844000
1695310576001 0.0010000000000000005 848000
1695310616954 0.0010000000000000005 852000
1695310655518 0.0010000000000000005 856000
1695310690381 0.0010000000000000005 860000
1695310724096 0.0010000000000000005 864000
1695310758985 0.0010000000000000005 868000
