1695303109760 1.9361064554502567 4000
1695303138447 1.9176201275239388 8000
1695303167582 1.9167097924898069 12000
1695303196355 1.8837835686902205 16000
1695303230424 1.8672486023356518 20000
1695303262746 1.847563361003995 24000
1695303295890 1.83437841621538 28000
1695303328722 1.7994788415729999 32000
1695303360617 1.7635395782689254 36000
1695303392743 1.7035924273232619 40000
1695303425107 1.743567193299532 44000
1695303456297 1.6772160332649946 48000
1695303488020 1.6805716818819443 52000
1695303518763 1.567457856113712 56000
1695303550475 1.5643456144879262 60000
1695303581665 1.5031193496038517 64000
1695303615405 1.4437695285926262 68000
1695303648137 1.353091670696934 72000
1695303680808 1.300691854581237 76000
1695303712556 1.2731800800810258 80000
1695303753760 1.2605215435226758 84000
1695303786268 1.1846575637658436 88000
1695303816997 1.1507976555575927 92000
1695303852706 1.0503224265451232 96000
1695303897900 0.9655701201409101 100000
1695303939958 0.8900000662232439 104000
1695303972694 0.8883048333227634 108000
1695304013225 0.8506174975385269 112000
1695304058403 0.8116612012808522 116000
1695304101605 0.7249772554884354 120000
1695304142367 0.714300619252026 124000
1695304192111 0.6542029412463307 128000
1695304235787 0.6475300025815766 132000
1695304278900 0.6201695295982063 136000
1695304323156 0.6021198785242935 140000
1695304364760 0.5267256063098709 144000
1695304406642 0.5419192138748864 148000
1695304450509 0.545995051941524 152000
1695304491969 0.48027662085369227 156000
1695304533332 0.4904844133804242 160000
1695304577774 0.4725193121470511 164000
1695304622930 0.5170549690102537 168000
1695304666406 0.49765224509562056 172000
1695304711509 0.5182294952993591 176000
1695304751090 0.44870707069834076 180000
1695304788799 0.46659664176404475 184000
1695304832598 0.4334599239441256 188000
1695304872719 0.3864813686348498 192000
1695304909440 0.42907791237036386 196000
1695304945295 0.39398124910270177 200000
1695304982382 0.3991576086729765 204000
1695305025064 0.34848936904842653 208000
1695305061289 0.390218620809416 212000
1695305097752 0.32963060803400973 216000
1695305135921 0.3357771125622094 220000
1695305173139 0.3376014693795393 224000
1695305208348 0.3660476280221095 228000
1695305242188 0.41429609442129733 232000
1695305273035 0.32638513144726555 236000
1695305303724 0.3201927000346283 240000
1695305335069 0.397383466673394 244000
1695305365478 0.34997053832436603 248000
1695305395910 0.32930508089872695 252000
1695305426423 0.2946516623099645 256000
1695305457159 0.32125282456787924 260000
1695305487774 0.3605417072462539 264000
1695305518434 0.31680911236132187 268000
1695305548839 0.3145390701169769 272000
1695305579538 0.29553516100471217 276000
1695305611000 0.2779818225186318 280000
1695305641326 0.2651052615294854 284000
1695305672156 0.2645521490679433 288000
1695305702399 0.3457658034594109 292000
1695305733814 0.2480469566459457 296000
1695305763993 0.25314327628196526 300000
1695305794998 0.3092471688054502 304000
1695305825403 0.33418322607564427 308000
1695305856259 0.22653056727722287 312000
1695305886519 0.2559381747618318 316000
1695305917146 0.2305374173214659 320000
1695305947633 0.24645901643671095 324000
1695305978554 0.2005744837379704 328000
1695306008714 0.2273853692303722 332000
1695306039577 0.2194843100151047 336000
1695306070945 0.193740144954063 340000
1695306101850 0.19883399855655928 344000
1695306132311 0.2471574077072243 348000
1695306162938 0.2089650104753673 352000
1695306193427 0.20334949276099604 356000
1695306224349 0.26296661685531336 360000
1695306254765 0.24064625278115273 364000
1695306287184 0.2647678735355536 368000
1695306318551 0.23704997569633027 372000
1695306351131 0.21207712629499534 376000
1695306382575 0.1689053306588903 380000
1695306417713 0.2000995627992476 384000
1695306452276 0.18449859008348238 388000
1695306486519 0.16095689320160697 392000
1695306519963 0.16467588943972564 396000
1695306554142 0.20527089986329278 400000
1695306586144 0.21532937976686906 404000
1695306620849 0.23336144832428546 408000
1695306653739 0.23718930870915453 412000
1695306687440 0.18810317697158704 416000
1695306720521 0.1809241430989156 420000
1695306752993 0.2471368063551684 424000
1695306786145 0.19001727246213704 428000
1695306823467 0.286153360712342 432000
1695306860270 0.18566529671661555 436000
1695306893615 0.1949357762079065 440000
1695306927094 0.1846343358590578 444000
1695306961166 0.19251743661394963 448000
1695306995383 0.16925729341649762 452000
1695307028985 0.176859057500648 456000
1695307061226 0.2244909055608635 460000
1695307093441 0.20289253228499243 464000
1695307128253 0.19447509880798558 468000
1695307160975 0.19730502111682047 472000
1695307193803 0.19530328770633787 476000
1695307226961 0.17247389448651423 480000
1695307261370 0.18084585706237705 484000
1695307295837 0.2273067308900257 488000
1695307328631 0.2277914687835922 492000
1695307362262 0.24147262272114556 496000
1695307398605 0.1717457142425701 500000
1695307433847 0.1699418441625312 504000
1695307466887 0.2063047034665942 508000
1695307502389 0.15923682340265563 512000
1695307540949 0.1623124954290688 516000
1695307575835 0.14420546505134552 520000
1695307615270 0.1403209313362216 524000
1695307652981 0.148948745126836 528000
1695307689056 0.1351078297321995 532000
1695307724821 0.12656205620151012 536000
1695307759449 0.11003874781696747 540000
1695307803709 0.1090913117164746 544000
1695307846277 0.15535903406562285 548000
1695307880762 0.14541641688750437 552000
1695307919687 0.1490151079099936 556000
1695307956862 0.15540953158245732 560000
1695307994931 0.15056301069368297 564000
1695308028084 0.1291576329153031 568000
1695308062957 0.14204205230344086 572000
1695308098158 0.19858641812267402 576000
1695308132177 0.12411875548617293 580000
1695308167284 0.13531828491638104 584000
1695308204676 0.1257752234581858 588000
1695308240287 0.1072955338167958 592000
1695308275337 0.11335652676255753 596000
1695308317702 0.0977653739741072 600000
1695308353472 0.10482179306757947 604000
1695308394833 0.12631649627583103 608000
1695308433189 0.12431948368515199 612000
1695308469821 0.1618031076931705 616000
1695308516253 0.1373509811858336 620000
1695308552829 0.12157170301070437 624000
1695308590016 0.12141912935767323 628000
1695308629796 0.12177043958799913 632000
1695308665866 0.17774768677384903 636000
1695308704034 0.12877846749033778 640000
1695308741097 0.11846211569694182 644000
1695308776509 0.10460978318005801 648000
1695308813191 0.12005662765198698 652000
1695308854572 0.11295150616206229 656000
1695308889227 0.12195717208475496 660000
1695308922322 0.13296380365888277 664000
1695308955698 0.13752680070853482 668000
1695308990716 0.1289888861239888 672000
1695309025656 0.1277445908325414 676000
1695309064352 0.1146037514631947 680000
1695309102512 0.14283072697192742 684000
1695309138127 0.09448031921250125 688000
1695309173237 0.10542080252974605 692000
1695309207251 0.10083490599645302 696000
1695309241668 0.11237418413317452 700000
1695309278180 0.1069882872068168 704000
1695309314331 0.10536480589847391 708000
1695309350787 0.10001568110698524 712000
1695309387639 0.09695354971724252 716000
1695309422349 0.09762506740322957 720000
1695309457193 0.10630904369075628 724000
1695309489581 0.09462858343031258 728000
1695309522352 0.17021429428520302 732000
1695309555530 0.1040425325355803 736000
1695309590391 0.11022986752601961 740000
1695309624649 0.12300788241360958 744000
1695309658620 0.1015888755908236 748000
1695309692410 0.13218506916115683 752000
1695309730519 0.10304700162184115 756000
1695309765059 0.10953127245884389 760000
1695309797547 0.1883483679809918 764000
1695309829905 0.16761320225584012 768000
1695309863472 0.12397826056306561 772000
1695309897382 0.11537135109538213 776000
1695309932745 0.13657282749190927 780000
1695309970013 0.1280797196086496 784000
1695310015898 0.09761582527232046 788000
1695310052638 0.09052662161023667 792000
1695310087813 0.089383908987899 796000
1695310125717 0.12441484367785355 800000
1695310160816 0.11376471908685441 804000
1695310197817 0.10033858544775284 808000
1695310240408 0.10340117876573156 812000
1695310277627 0.08982664119297018 816000
1695310312737 0.09041766272469734 820000
1695310348381 0.09569757730544855 824000
1695310386725 0.12373021487922718 828000
1695310421562 0.13844116968878856 832000
1695310455231 0.09016958512947895 836000
1695310494070 0.08811034206300974 840000
1695310538766 0.09891466803771133 844000
1695310576001 0.0884943660038213 848000
1695310616952 0.08322595254867338 852000
1695310655517 0.07727717229475578 856000
1695310690381 0.09153523603066181 860000
1695310724096 0.08583561956378011 864000
1695310758984 0.10540056719910354 868000
