1695303109757 0.5616661106081059 4000
1695303138444 0.7610633234493435 8000
1695303167579 0.7807411720044911 12000
1695303196352 0.916247935903569 16000
1695303230421 1.0378399369927744 20000
1695303262743 1.1604931560344993 24000
1695303295888 1.2198587005957962 28000
1695303328720 1.3168419711912671 32000
1695303360614 1.449519001506269 36000
1695303392741 1.4883079384764035 40000
1695303425105 1.5619195824488998 44000
1695303456294 1.6240096207087238 48000
1695303488017 1.682225220091641 52000
1695303518761 1.7440362588192027 56000
1695303550472 1.777880451021095 60000
1695303581662 1.8640751898909609 64000
1695303615402 1.9338348989064496 68000
1695303648134 1.9883668369303147 72000
1695303680805 2.114149841417869 76000
1695303712554 2.1469103899473945 80000
1695303753757 2.2102406927694878 84000
1695303786265 2.106920144831141 88000
1695303816994 2.2402725939949355 92000
1695303852703 2.377193425099055 96000
1695303897895 2.30434150552998 100000
1695303939955 2.109379917631547 104000
1695303972691 2.2946478384236495 108000
1695304013221 2.3593350691720842 112000
1695304058399 2.388908289621274 116000
1695304101601 2.301107118402918 120000
1695304142364 2.4730694979429244 124000
1695304192106 2.307372294738889 128000
1695304235784 2.188229758416613 132000
1695304278897 2.4028220563506086 136000
1695304323153 2.526356076138715 140000
1695304364757 2.318134828346471 144000
1695304406639 2.257402638470133 148000
1695304450505 2.2963919658213854 152000
1695304491966 2.224688518792391 156000
1695304533328 2.1721410593017936 160000
1695304577770 2.076902623102069 164000
1695304622926 2.2018403550609946 168000
1695304666403 2.270044269164403 172000
1695304711506 2.217962593026459 176000
1695304751087 2.131779109748701 180000
1695304788796 2.1349068361024064 184000
1695304832596 2.119422686782976 188000
1695304872716 2.2342040605222184 192000
1695304909437 2.212401264036695 196000
1695304945292 2.449054575773577 200000
1695304982379 2.3761981163173913 204000
1695305025060 2.08621250645568 208000
1695305061286 2.3672824732338387 212000
1695305097749 2.40813065978388 216000
1695305135917 1.9404117382441959 220000
1695305173136 1.9772197168320418 224000
1695305208345 2.4877954707791408 228000
1695305242186 2.4627200992157063 232000
1695305273032 2.2544290125990907 236000
1695305303721 1.9923846692467728 240000
1695305335066 2.764891119487584 244000
1695305365475 2.449105152549843 248000
1695305395908 2.3703206771363816 252000
1695305426421 2.063100249134004 256000
1695305457157 2.5178993895029027 260000
1695305487771 2.7309923597301045 264000
1695305518432 2.39613024238497 268000
1695305548837 2.402615844334165 272000
1695305579536 2.103136948806544 276000
1695305610998 1.9065240178257228 280000
1695305641323 2.200310055290659 284000
1695305672154 2.1495742990324893 288000
1695305702397 2.729941343019406 292000
1695305733811 2.08448718128105 296000
1695305763989 2.2399602096527813 300000
1695305794995 2.745417184755206 304000
1695305825401 2.5231539667894443 308000
1695305856256 2.0627195806863408 312000
1695305886516 2.262692987297972 316000
1695305917144 2.487641547434032 320000
1695305947630 2.5336597139015793 324000
1695305978552 2.2769629790137214 328000
1695306008712 2.1054577793926 332000
1695306039575 2.414560228275756 336000
1695306070942 2.063356904188792 340000
1695306101847 1.9351061594982941 344000
1695306132308 2.3681546402474245 348000
1695306162935 1.935709524123619 352000
1695306193424 2.191068498262515 356000
1695306224347 2.270504102172951 360000
1695306254762 2.171469501530131 364000
1695306287182 2.3937910626331966 368000
1695306318549 1.8622317378098765 372000
1695306351128 1.943128027766943 376000
1695306382572 1.9858840977152188 380000
1695306417711 2.0328616498038174 384000
1695306452273 2.242304169634978 388000
1695306486516 2.020263433580597 392000
1695306519961 1.876127033587545 396000
1695306554139 2.3792588749279577 400000
1695306586141 2.112419464501242 404000
1695306620846 2.0138444212575752 408000
1695306653737 2.158124465619524 412000
1695306687437 1.7841711724797884 416000
1695306720518 1.9151757925438384 420000
1695306752991 1.980535170994699 424000
1695306786143 1.840115271198253 428000
1695306823464 2.5625570731547973 432000
1695306860267 1.9884171908100445 436000
1695306893612 2.1075927634413043 440000
1695306927091 1.7849145569838583 444000
1695306961163 2.2324750777333975 448000
1695306995380 2.095846166710059 452000
1695307028983 1.8641919668453435 456000
1695307061223 2.2899875598028303 460000
1695307093438 2.1842116363036137 464000
1695307128250 2.1132254630327223 468000
1695307160972 1.8508183219780525 472000
1695307193800 1.8834100076618294 476000
1695307226958 1.8818200852101048 480000
1695307261367 1.7388587902920942 484000
1695307295834 1.9928870164168377 488000
1695307328628 2.2540365885322293 492000
1695307362259 2.1118826320394875 496000
1695307398602 1.8931686014557878 500000
1695307433844 1.6171694838752348 504000
1695307466883 2.2156204619755346 508000
1695307502384 1.5817986314495405 512000
1695307540946 1.6482660843680301 516000
1695307575832 1.4898973766714334 520000
1695307615267 1.4377724409103394 524000
1695307652978 1.8954417129047214 528000
1695307689051 1.949287000639985 532000
1695307724818 1.6128363329606752 536000
1695307759446 1.1920031932648272 540000
1695307803705 1.3013409202297528 544000
1695307846274 1.726864258851856 548000
1695307880759 1.8042207600548863 552000
1695307919684 1.6864631722681225 556000
1695307956859 1.5682209621183574 560000
1695307994928 1.8500879714265466 564000
1695308028081 1.5636735040694476 568000
1695308062955 1.663966560550034 572000
1695308098155 1.596867646680524 576000
1695308132174 1.321206590719521 580000
1695308167281 1.6620201689812044 584000
1695308204673 1.4061854124069213 588000
1695308240284 1.3675940269759546 592000
1695308275334 1.3464039157765606 596000
1695308317699 1.3094035967253148 600000
1695308353469 1.3966043752307693 604000
1695308394829 1.5102232597457865 608000
1695308433186 1.6614262061504026 612000
1695308469818 1.5989508774131536 616000
1695308516250 1.4612243719709417 620000
1695308552826 1.7051333505349855 624000
1695308590012 1.5683366485871375 628000
1695308629793 1.502395274086545 632000
1695308665862 2.2092968539645272 636000
1695308704031 1.4702904991495112 640000
1695308741094 1.542387498728931 644000
1695308776506 1.3747649263590573 648000
1695308813188 1.4696112108416854 652000
1695308854569 1.3386591494083404 656000
1695308889224 1.692824822384864 660000
1695308922320 1.6212889247884352 664000
1695308955695 1.6158867402002215 668000
1695308990713 1.3705695706419647 672000
1695309025653 1.5739522544667124 676000
1695309064349 1.529992587150385 680000
1695309102509 1.5731967574606338 684000
1695309138123 1.5324368343998989 688000
1695309173234 1.571958644501865 692000
1695309207248 1.3260923620934288 696000
1695309241665 1.514418660197407 700000
1695309278177 1.2822272306308151 704000
1695309314328 1.6668015101614098 708000
1695309350784 1.5332792356299858 712000
1695309387636 1.7419002436722317 716000
1695309422346 1.37877441511179 720000
1695309457190 1.6728429152009388 724000
1695309489579 1.289422339014709 728000
1695309522350 2.189333312275509 732000
1695309555527 1.5803203287223975 736000
1695309590388 1.334879349451512 740000
1695309624647 1.6976241775477925 744000
1695309658617 1.657851682510227 748000
1695309692407 1.7413070952830216 752000
1695309730516 1.1620721632925173 756000
1695309765057 1.5444518922207255 760000
1695309797544 2.3321999705086154 764000
1695309829903 2.024414511118084 768000
1695309863470 1.5671448283828795 772000
1695309897379 1.5310799451855321 776000
1695309932742 1.7214751546271145 780000
1695309970010 1.5667140238297483 784000
1695310015895 1.560464186128229 788000
1695310052636 1.4758837990152338 792000
1695310087810 1.3234460820443927 796000
1695310125714 1.8132379812188446 800000
1695310160813 1.492009055800736 804000
1695310197813 1.2862731675306955 808000
1695310240404 1.3168165058208008 812000
1695310277624 1.3460580309852959 816000
1695310312734 1.462662078626454 820000
1695310348378 1.153674903869008 824000
1695310386722 1.3237860004417599 828000
1695310421559 1.4118222949715953 832000
1695310455228 1.1639919685199858 836000
1695310494067 1.1026350304173926 840000
1695310538764 1.4510098552020887 844000
1695310575998 1.204418800616016 848000
1695310616946 1.4771398783350984 852000
1695310655514 1.1497535936689625 856000
1695310690378 1.514540428109467 860000
1695310724093 1.1616968617153665 864000
1695310758981 1.3916914008557797 868000
