1695303109759 0.009840430029904722 4000
1695303138447 0.012634259443580383 8000
1695303167582 0.010699191648462671 12000
1695303196354 0.016740985959353923 16000
1695303230424 0.012671716557984306 20000
1695303262745 0.01092237879620274 24000
1695303295890 0.01008890644760835 28000
1695303328722 0.012901552774744604 32000
1695303360617 0.014092034131009568 36000
1695303392743 0.014362538913426993 40000
1695303425107 0.012463414391164936 44000
1695303456296 0.014247721474826506 48000
1695303488020 0.01264971702240968 52000
1695303518763 0.012877104883782901 56000
1695303550475 0.012695708464650578 60000
1695303581664 0.01380430850397891 64000
1695303615405 0.012955456086071857 68000
1695303648136 0.01423789583106489 72000
1695303680807 0.015022622213301078 76000
1695303712556 0.010590410777130426 80000
1695303753759 0.012891465309701377 84000
1695303786267 0.01535061023959581 88000
1695303816997 0.013885474163290733 92000
1695303852706 0.014173944359490327 96000
1695303897899 0.011730322120395213 100000
1695303939958 0.011437425980216177 104000
1695303972693 0.011174712682344599 108000
1695304013224 0.014101507739071728 112000
1695304058402 0.010839303152548989 116000
1695304101604 0.008789061795134818 120000
1695304142367 0.010020507602027297 124000
1695304192110 0.009816802013697088 128000
1695304235787 0.008838749182287605 132000
1695304278900 0.008678432119271901 136000
1695304323156 0.009652071315943098 140000
1695304364760 0.0068645112733274226 144000
1695304406642 0.007527472810685578 148000
1695304450508 0.009921514521661835 152000
1695304491969 0.007917724286965747 156000
1695304533331 0.008540888400333105 160000
1695304577773 0.007154799003961824 164000
1695304622929 0.008030096190482065 168000
1695304666405 0.00897679918242223 172000
1695304711509 0.01778394352841302 176000
1695304751090 0.007426245234093188 180000
1695304788799 0.007989355399152487 184000
1695304832598 0.0068442029169359245 188000
1695304872719 0.006883047988722132 192000
1695304909440 0.010162186782839039 196000
1695304945295 0.006523879391961782 200000
1695304982382 0.008025000241387829 204000
1695305025064 0.006793962026066232 208000
1695305061289 0.009301409603736602 212000
1695305097751 0.005413418615800107 216000
1695305135920 0.007294429654293568 220000
1695305173139 0.009518135071628742 224000
1695305208347 0.012460515954416943 228000
1695305242188 0.009946727230242638 232000
1695305273035 0.006770268235991039 236000
1695305303723 0.006459087858007726 240000
1695305335068 0.015211057174890259 244000
1695305365478 0.0069086969722623815 248000
1695305395910 0.007088792859290619 252000
1695305426423 0.007211737469958277 256000
1695305457159 0.010635405754063843 260000
1695305487774 0.011023826268910852 264000
1695305518434 0.007849044770190269 268000
1695305548839 0.008448027075284395 272000
1695305579538 0.008268898510961027 276000
1695305611000 0.0057951984800007905 280000
1695305641326 0.007384814729352721 284000
1695305672156 0.007890843261687038 288000
1695305702399 0.009111051986955469 292000
1695305733814 0.005680682038077183 296000
1695305763992 0.005516771927087564 300000
1695305794997 0.016065419774776046 304000
1695305825403 0.012580305314984722 308000
1695305856259 0.006024094078123218 312000
1695305886518 0.0072050801708125846 316000
1695305917146 0.007330625076369302 320000
1695305947632 0.006723978087756733 324000
1695305978554 0.008519105267677733 328000
1695306008714 0.007318110009205768 332000
1695306039577 0.006736561630810911 336000
1695306070944 0.0042144137574681535 340000
1695306101849 0.009008652880586018 344000
1695306132311 0.00824897704515024 348000
1695306162937 0.008553082839594783 352000
1695306193426 0.006722311334212487 356000
1695306224349 0.012830724179565205 360000
1695306254764 0.008894690603409028 364000
1695306287184 0.008433735619539983 368000
1695306318551 0.009875350979625826 372000
1695306351131 0.008480956161498207 376000
1695306382575 0.009791240997952146 380000
1695306417713 0.005221762370192952 384000
1695306452275 0.00742288408697581 388000
1695306486519 0.00694821205248247 392000
1695306519963 0.006056644024242293 396000
1695306554141 0.016761062295077334 400000
1695306586143 0.009842708243861928 404000
1695306620849 0.00850147323988304 408000
1695306653739 0.007683493004678969 412000
1695306687439 0.008708035706239266 416000
1695306720521 0.006361821469318433 420000
1695306752993 0.008518519123373525 424000
1695306786145 0.006558676323051169 428000
1695306823467 0.012237778625477584 432000
1695306860270 0.007225289190932718 436000
1695306893614 0.008820591968380014 440000
1695306927093 0.007140513773440678 444000
1695306961165 0.014854676435861736 448000
1695306995382 0.006837941110560072 452000
1695307028985 0.009533349924797086 456000
1695307061225 0.01340512106241109 460000
1695307093440 0.010256782247837775 464000
1695307128253 0.009452018953276579 468000
1695307160974 0.006031631182797055 472000
1695307193803 0.005941810465768269 476000
1695307226961 0.005774777802534268 480000
1695307261370 0.0070154145185670775 484000
1695307295836 0.0208044116769391 488000
1695307328631 0.00972831628932617 492000
1695307362262 0.014470554026073367 496000
1695307398605 0.0066233883310197915 500000
1695307433847 0.004040035029873673 504000
1695307466886 0.01645768165337528 508000
1695307502389 0.005044607771800522 512000
1695307540948 0.008421632697054227 516000
1695307575834 0.008230502670008185 520000
1695307615269 0.0065679061135294125 524000
1695307652981 0.009405605368528146 528000
1695307689055 0.008001941904532068 532000
1695307724821 0.004991697281812863 536000
1695307759449 0.007812101147995901 540000
1695307803709 0.007538407196079788 544000
1695307846277 0.01622067289339597 548000
1695307880762 0.006739321654423392 552000
1695307919687 0.010694372639579725 556000
1695307956862 0.006508244237348211 560000
1695307994930 0.007601817075092689 564000
1695308028083 0.006370349838403019 568000
1695308062957 0.009650075557100377 572000
1695308098158 0.04106406784448838 576000
1695308132176 0.007961268536283707 580000
1695308167283 0.01081735889068521 584000
1695308204676 0.005592151288532229 588000
1695308240287 0.0059526292340794824 592000
1695308275337 0.008151867587650671 596000
1695308317702 0.006390789574390551 600000
1695308353472 0.005141461575599798 604000
1695308394833 0.011764917313735761 608000
1695308433188 0.00976101304292855 612000
1695308469821 0.015468675509606311 616000
1695308516252 0.007151646505172948 620000
1695308552829 0.005656169877264015 624000
1695308590015 0.007203495538620398 628000
1695308629796 0.010322946624204354 632000
1695308665865 0.016802231836858656 636000
1695308704034 0.005906877176719642 640000
1695308741097 0.006410847612032181 644000
1695308776509 0.006049321045749745 648000
1695308813190 0.00795691952235605 652000
1695308854571 0.01120525115049455 656000
1695308889227 0.011154895468324813 660000
1695308922322 0.009032320713569986 664000
1695308955697 0.007559063053618232 668000
1695308990716 0.010750551683541155 672000
1695309025656 0.008993204019198538 676000
1695309064352 0.007330555399032098 680000
1695309102511 0.02595108456732875 684000
1695309138126 0.00622214259175422 688000
1695309173237 0.0072134788168393155 692000
1695309207251 0.006301232674367903 696000
1695309241668 0.007129359503571038 700000
1695309278179 0.008635319213887343 704000
1695309314330 0.01803523176068265 708000
1695309350786 0.005878387606872067 712000
1695309387639 0.008003948243290886 716000
1695309422348 0.005486926876806149 720000
1695309457193 0.006419642472741415 724000
1695309489581 0.004871688701968483 728000
1695309522352 0.013891906441507491 732000
1695309555530 0.00633958294115137 736000
1695309590391 0.013049289247748655 740000
1695309624649 0.010370210466914106 744000
1695309658619 0.008656758824483706 748000
1695309692409 0.012078544704914705 752000
1695309730519 0.00942945809935709 756000
1695309765059 0.009053662104618432 760000
1695309797547 0.03192897715024141 764000
1695309829905 0.015676034044820143 768000
1695309863472 0.007203514627615006 772000
1695309897382 0.007236375653904165 776000
1695309932745 0.00854672437082695 780000
1695309970012 0.012157067800541332 784000
1695310015898 0.02090232123679409 788000
1695310052638 0.006755258302129618 792000
1695310087812 0.005650210919403899 796000
1695310125717 0.013288350196789148 800000
1695310160816 0.0070863197663962926 804000
1695310197816 0.006396900850424843 808000
1695310240407 0.009844471631040127 812000
1695310277627 0.003889847062274273 816000
1695310312737 0.009368876843382877 820000
1695310348380 0.0063259860453289945 824000
1695310386725 0.01591806868884056 828000
1695310421562 0.010304217794388677 832000
1695310455231 0.0054134089916536106 836000
1695310494070 0.007051416228555741 840000
1695310538766 0.008955686413031882 844000
1695310576001 0.008443141912445542 848000
1695310616951 0.005427246531114409 852000
1695310655517 0.008103769318105266 856000
1695310690381 0.010452403661897243 860000
1695310724096 0.009278802268229382 864000
1695310758984 0.010655748503616502 868000
