1695303109758 -0.015930016214648884 4000
1695303138445 -0.017349095232687736 8000
1695303167581 -0.01823224999655698 12000
1695303196353 -0.025580459568057753 16000
1695303230423 -0.019310854703508084 20000
1695303262744 -0.018949900742639633 24000
1695303295889 -0.016607149344539114 28000
1695303328721 -0.024817156885304333 32000
1695303360616 -0.028274990012384173 36000
1695303392742 -0.0235831115685869 40000
1695303425106 -0.026797276458334334 44000
1695303456295 -0.028152138960043278 48000
1695303488019 -0.02328499454403451 52000
1695303518762 -0.02322763266323212 56000
1695303550474 -0.02540149923831147 60000
1695303581663 -0.027410974997716647 64000
1695303615404 -0.028080351078824606 68000
1695303648135 -0.025342154322667437 72000
1695303680806 -0.027915374685350495 76000
1695303712555 -0.018919597886754975 80000
1695303753758 -0.027357564169021013 84000
1695303786266 -0.025306558002436457 88000
1695303816996 -0.02790196156468786 92000
1695303852705 -0.02567158860086541 96000
1695303897898 -0.02204787486795491 100000
1695303939957 -0.021964707991719477 104000
1695303972692 -0.019679547194876554 108000
1695304013223 -0.02424099282094782 112000
1695304058401 -0.019311569581623188 116000
1695304101602 -0.01679257106273629 120000
1695304142366 -0.02013460420227299 124000
1695304192109 -0.019183015651166594 128000
1695304235785 -0.017367461451067358 132000
1695304278899 -0.01840237164433347 136000
1695304323155 -0.022464397215662756 140000
1695304364758 -0.011444671363763821 144000
1695304406641 -0.013582970337301959 148000
1695304450507 -0.017904751635554324 152000
1695304491968 -0.01523761987433924 156000
1695304533330 -0.015008789634157438 160000
1695304577772 -0.01498878822652235 164000
1695304622928 -0.017039157002485202 168000
1695304666404 -0.01666629585379269 172000
1695304711507 -0.022265584110088336 176000
1695304751089 -0.013672578424060096 180000
1695304788797 -0.013916478032721594 184000
1695304832597 -0.015248577152184832 188000
1695304872717 -0.014395854140457232 192000
1695304909439 -0.01664159094240555 196000
1695304945294 -0.013161876897356706 200000
1695304982380 -0.015454202269514402 204000
1695305025062 -0.014522592584156276 208000
1695305061287 -0.020349114394533293 212000
1695305097750 -0.01108921948155815 216000
1695305135919 -0.014962606778256789 220000
1695305173137 -0.01883160468666271 224000
1695305208346 -0.019362532038940117 228000
1695305242187 -0.017742612036090576 232000
1695305273034 -0.01220117856040209 236000
1695305303722 -0.012645658958839097 240000
1695305335068 -0.017698511314908197 244000
1695305365477 -0.011886294489765229 248000
1695305395909 -0.014245947124436498 252000
1695305426422 -0.010811736673349514 256000
1695305457158 -0.01449906631144889 260000
1695305487772 -0.017127908769180068 264000
1695305518433 -0.010138482748152456 268000
1695305548838 -0.015311875371601976 272000
1695305579537 -0.015032268708455376 276000
1695305610999 -0.00922224944709645 280000
1695305641325 -0.013057677029670837 284000
1695305672155 -0.012667540952437169 288000
1695305702398 -0.015767232109647013 292000
1695305733813 -0.012288060543869505 296000
1695305763991 -0.009489984241614973 300000
1695305794996 -0.019046048599314722 304000
1695305825402 -0.02635442843505492 308000
1695305856258 -0.009328090242100491 312000
1695305886517 -0.014059725247110084 316000
1695305917145 -0.012104660516100315 320000
1695305947631 -0.008255973519408145 324000
1695305978553 -0.013162573198981894 328000
1695306008713 -0.014246103316933538 332000
1695306039576 -0.009964679342859502 336000
1695306070943 -0.007351966646092478 340000
1695306101848 -0.011957922202297293 344000
1695306132310 -0.014569615617316838 348000
1695306162936 -0.011360973532039983 352000
1695306193425 -0.008609484324551886 356000
1695306224348 -0.01679392275303447 360000
1695306254763 -0.0152369290633942 364000
1695306287183 -0.01320683063507507 368000
1695306318550 -0.013809643472147097 372000
1695306351130 -0.012976277022001643 376000
1695306382574 -0.0109866200905041 380000
1695306417712 -0.008209702684932077 384000
1695306452274 -0.009419472006751068 388000
1695306486517 -0.008144656430522446 392000
1695306519962 -0.01003309158065046 396000
1695306554140 -0.02169607679558491 400000
1695306586142 -0.013353700051447958 404000
1695306620848 -0.014545898436093314 408000
1695306653738 -0.011807704696305639 412000
1695306687438 -0.016705828625223754 416000
1695306720520 -0.009633213960235783 420000
1695306752992 -0.01263276291550331 424000
1695306786144 -0.008425069353203677 428000
1695306823466 -0.011479867330247846 432000
1695306860269 -0.012066761370563957 436000
1695306893613 -0.011388434165686098 440000
1695306927092 -0.008557152565238842 444000
1695306961164 -0.01673510007628162 448000
1695306995381 -0.006981211275463768 452000
1695307028984 -0.012049776280279426 456000
1695307061224 -0.018307020781746057 460000
1695307093439 -0.012081900247964465 464000
1695307128252 -0.011169348111434375 468000
1695307160973 -0.009146531526979137 472000
1695307193802 -0.008175974898282827 476000
1695307226960 -0.008763213946804172 480000
1695307261369 -0.00961063619494477 484000
1695307295835 -0.025452439662088485 488000
1695307328630 -0.017031886495048335 492000
1695307362261 -0.01681983610566628 496000
1695307398603 -0.01002433602649641 500000
1695307433846 -0.007772119280950089 504000
1695307466885 -0.02068764946743613 508000
1695307502387 -0.0071718116991784575 512000
1695307540947 -0.0111385241895429 516000
1695307575833 -0.01320072553838448 520000
1695307615268 -0.007513800705904335 524000
1695307652980 -0.010408286671251214 528000
1695307689053 -0.008359569058423706 532000
1695307724820 -0.007888494382010927 536000
1695307759448 -0.011727242127623565 540000
1695307803707 -0.01092122528134496 544000
1695307846276 -0.009077984751881256 548000
1695307880761 -0.011402698968352828 552000
1695307919685 -0.011006308232269172 556000
1695307956860 -0.007324279264624541 560000
1695307994929 -0.010432557696428072 564000
1695308028082 -0.0064311729147448204 568000
1695308062956 -0.01135542930229955 572000
1695308098157 -0.04327825467092528 576000
1695308132175 -0.008632859685652269 580000
1695308167282 -0.014539606390947786 584000
1695308204675 -0.00934993763512466 588000
1695308240286 -0.006388767602281102 592000
1695308275336 -0.00962464667536551 596000
1695308317701 -0.007551104174490319 600000
1695308353470 -0.007424444128506972 604000
1695308394831 -0.013467460190440761 608000
1695308433187 -0.00827336170016982 612000
1695308469820 -0.01697649156485568 616000
1695308516251 -0.011107732038241617 620000
1695308552828 -0.008677586891280953 624000
1695308590014 -0.00745801056594549 628000
1695308629795 -0.01150812064879574 632000
1695308665864 -0.023303481162535413 636000
1695308704033 -0.010079271526289327 640000
1695308741096 -0.011695398539147087 644000
1695308776508 -0.007531238204925709 648000
1695308813189 -0.00993161414298811 652000
1695308854570 -0.013981740081120127 656000
1695308889226 -0.012039984037498168 660000
1695308922321 -0.013837039100083832 664000
1695308955696 -0.012897771208857496 668000
1695308990715 -0.011401581187480284 672000
1695309025654 -0.010935615261648006 676000
1695309064351 -0.012053296443385382 680000
1695309102510 -0.033191063444974134 684000
1695309138125 -0.0050581440644843195 688000
1695309173236 -0.012749276085135838 692000
1695309207250 -0.008180712324004465 696000
1695309241667 -0.010926856979979978 700000
1695309278178 -0.013360604029730893 704000
1695309314329 -0.019544934001654232 708000
1695309350785 -0.006264844954906342 712000
1695309387638 -0.010264309520183208 716000
1695309422347 -0.004549010261689546 720000
1695309457192 -0.0089022464848919 724000
1695309489580 -0.008701216262610008 728000
1695309522351 -0.011991440312219008 732000
1695309555529 -0.012307950130101138 736000
1695309590390 -0.01788817287500327 740000
1695309624648 -0.011626451461294589 744000
1695309658618 -0.00995007326079455 748000
1695309692408 -0.016794391216899386 752000
1695309730518 -0.010503214046912035 756000
1695309765058 -0.010383660485967994 760000
1695309797546 -0.0324090898182476 764000
1695309829904 -0.017017130711853193 768000
1695309863471 -0.009116102319967467 772000
1695309897381 -0.013365465634463666 776000
1695309932743 -0.012301463493107198 780000
1695309970011 -0.013674811779734834 784000
1695310015897 -0.015224950405051155 788000
1695310052637 -0.00965856980207415 792000
1695310087811 -0.006966851565812249 796000
1695310125715 -0.013335550263582263 800000
1695310160815 -0.010248537216587769 804000
1695310197815 -0.01089370003149573 808000
1695310240406 -0.012762117098463931 812000
1695310277626 -0.004590087150669812 816000
1695310312736 -0.01056253431161167 820000
1695310348379 -0.007986159498492877 824000
1695310386724 -0.020236146665896133 828000
1695310421561 -0.009451578262572487 832000
1695310455230 -0.006540940701961517 836000
1695310494069 -0.01021619651655783 840000
1695310538765 -0.00948571513290517 844000
1695310575999 -0.009029783105991859 848000
1695310616949 -0.006946124336051677 852000
1695310655516 -0.008835778682744906 856000
1695310690380 -0.011742803451246194 860000
1695310724095 -0.011447497823974117 864000
1695310758983 -0.01008802114908273 868000
