1695303109758 -0.006984414536388309 4000
1695303138445 -0.009338146495307835 8000
1695303167580 -0.0042824480602575935 12000
1695303196353 -0.0129756673754855 16000
1695303230422 -0.00709587929280436 20000
1695303262744 -0.008407086313066732 24000
1695303295889 -0.005838161704135322 28000
1695303328721 -0.009820207397084838 32000
1695303360615 -0.002312087370349521 36000
1695303392742 -0.009315987177008841 40000
1695303425106 -0.011053525873406519 44000
1695303456295 -0.003094577596251232 48000
1695303488018 0.0006486880070345554 52000
1695303518762 -0.0045443909953367745 56000
1695303550473 0.008179417388540363 60000
1695303581663 0.005097940889875948 64000
1695303615403 0.007493491027222869 68000
1695303648135 0.004448778643321324 72000
1695303680806 0.006691386368280898 76000
1695303712555 0.0261602857737671 80000
1695303753758 0.028683243429259164 84000
1695303786266 0.016075543620293804 88000
1695303816995 0.005843323938339987 92000
1695303852704 0.020638116394911775 96000
1695303897897 0.024553498012149552 100000
1695303939956 0.018032247658023456 104000
1695303972692 0.030297783503313743 108000
1695304013223 0.03424727745793158 112000
1695304058401 0.022599388601156532 116000
1695304101602 0.03427543517342808 120000
1695304142365 0.03213821208579854 124000
1695304192108 0.03129546134259727 128000
1695304235785 0.027544331250161726 132000
1695304278898 0.03328530185281124 136000
1695304323154 0.029210744892649625 140000
1695304364758 0.04708769527763555 144000
1695304406640 0.03683830815886419 148000
1695304450507 0.024922318637012116 152000
1695304491968 0.037957245495454116 156000
1695304533329 0.026312873684400984 160000
1695304577772 0.03165645489425515 164000
1695304622927 0.0347165992829711 168000
1695304666404 0.037939971038819444 172000
1695304711507 0.027702807473421368 176000
1695304751088 0.02009224636434131 180000
1695304788797 0.031238545716405497 184000
1695304832597 0.02446248924000732 188000
1695304872717 0.029264497800674385 192000
1695304909438 0.023350065488496816 196000
1695304945293 0.034466901110014686 200000
1695304982380 0.034321737200237595 204000
1695305025062 0.0164957382511299 208000
1695305061287 0.021422820533189224 212000
1695305097750 0.046330754062910276 216000
1695305135919 0.010416340623608751 220000
1695305173137 0.014772251341431305 224000
1695305208346 0.03733823213588039 228000
1695305242187 0.020259770461537603 232000
1695305273033 0.03045632876229926 236000
1695305303722 0.01933925477530162 240000
1695305335067 0.019718137925034778 244000
1695305365477 0.034635998383964764 248000
1695305395908 0.030345430500771424 252000
1695305426422 0.027623894233511238 256000
1695305457158 0.02585595618766092 260000
1695305487772 0.025165807325417216 264000
1695305518433 0.04175819851485964 268000
1695305548838 0.0330419607481114 272000
1695305579537 0.011323978666284044 276000
1695305610999 0.018819167806153322 280000
1695305641324 0.03157806017031059 284000
1695305672155 0.03230950748068911 288000
1695305702398 0.03485076545233217 292000
1695305733812 0.013837353829512723 296000
1695305763991 0.01940361121760361 300000
1695305794996 0.018444306837106222 304000
1695305825402 -0.003106628353877265 308000
1695305856257 0.016063121282725964 312000
1695305886517 0.020218167766991733 316000
1695305917144 0.027649714474258267 320000
1695305947631 0.040337317785391257 324000
1695305978553 0.011001689375098067 328000
1695306008713 0.01292533446946133 332000
1695306039576 0.03284977803674944 336000
1695306070943 0.03271353000912616 340000
1695306101848 0.011256801953034785 344000
1695306132309 0.03286577664633417 348000
1695306162936 0.013640125460976074 352000
1695306193425 0.019851512081913825 356000
1695306224348 0.022223997528393134 360000
1695306254763 0.010247255191158426 364000
1695306287183 0.027465937551248012 368000
1695306318550 0.011971643731400642 372000
1695306351129 0.009902664918505858 376000
1695306382573 0.015183708312906673 380000
1695306417712 0.032963449082156634 384000
1695306452274 0.05368437072950959 388000
1695306486517 0.031175143013539734 392000
1695306519962 0.025135451810395656 396000
1695306554140 0.0001486637793883953 400000
1695306586142 0.020350026809198122 404000
1695306620848 0.012767072811038815 408000
1695306653738 0.012164596038443658 412000
1695306687438 0.01644694752582533 416000
1695306720520 0.0158469707444965 420000
1695306752992 0.014474178980526631 424000
1695306786144 0.01254117125496729 428000
1695306823465 0.010958036310876195 432000
1695306860269 0.023039694906750206 436000
1695306893613 0.02568028823510152 440000
1695306927092 0.015851144276469616 444000
1695306961164 0.011145640977701987 448000
1695306995381 0.028746920663494772 452000
1695307028984 0.01490688562134892 456000
1695307061224 0.016781745912218562 460000
1695307093439 0.0052045071387207525 464000
1695307128251 0.03506245794687857 468000
1695307160973 0.023137554614944142 472000
1695307193801 0.015740999690266714 476000
1695307226959 0.018395387009362215 480000
1695307261368 0.023379234282280472 484000
1695307295835 0.006042524332588073 488000
1695307328630 0.023633089267787 492000
1695307362260 0.0013243306787141288 496000
1695307398603 0.022570935247131274 500000
1695307433845 0.019107204751041232 504000
1695307466885 0.001473974101524315 508000
1695307502386 0.014849602708333501 512000
1695307540947 0.008765877892134693 516000
1695307575833 0.0018291690884022196 520000
1695307615268 0.015577298598873312 524000
1695307652979 0.015610614372417331 528000
1695307689053 0.03686235570039571 532000
1695307724820 0.019592989070376158 536000
1695307759447 -0.006421003778086742 540000
1695307803707 0.007019542359618451 544000
1695307846275 0.022030330826479864 548000
1695307880760 0.018519104781383553 552000
1695307919685 0.015524454374379578 556000
1695307956860 0.01822652771149175 560000
1695307994929 0.023269308857804087 564000
1695308028082 0.02363770136145528 568000
1695308062956 0.0154711890818362 572000
1695308098156 -0.024598362104309976 576000
1695308132175 0.01470075619660444 580000
1695308167282 0.010938867452356742 584000
1695308204675 0.015540938866433863 588000
1695308240285 0.018400115890775243 592000
1695308275335 0.010682599780375312 596000
1695308317700 0.005602343191064089 600000
1695308353470 0.015696150560294577 604000
1695308394831 0.01822738823129839 608000
1695308433187 0.019460016918431695 612000
1695308469819 0.008444354634957563 616000
1695308516251 0.013877038248877701 620000
1695308552827 0.020667022534235004 624000
1695308590013 0.014419109950570904 628000
1695308629794 0.00868026940394581 632000
1695308665864 -0.0034376567491563037 636000
1695308704032 0.00995127003197922 640000
1695308741095 0.011721312730575544 644000
1695308776507 0.004109640096188135 648000
1695308813189 0.010235633518974888 652000
1695308854570 -0.00574194965395994 656000
1695308889226 0.03215621978154862 660000
1695308922321 0.018571390735026703 664000
1695308955696 0.012345820370258782 668000
1695308990714 0.007431482840881169 672000
1695309025654 0.00879304855704201 676000
1695309064350 0.0006033853001705818 680000
1695309102510 -0.006177556606962753 684000
1695309138125 0.014143228672583063 688000
1695309173235 0.005772207720777563 692000
1695309207249 0.003818273293806366 696000
1695309241666 0.015141745692653785 700000
1695309278178 -0.002174823360322383 704000
1695309314329 0.011113986913551343 708000
1695309350785 0.025924763312468714 712000
1695309387638 0.01761463700634825 716000
1695309422347 0.0156877925277513 720000
1695309457191 0.019726147947585558 724000
1695309489580 0.006981377697654049 728000
1695309522351 0.021424998312431852 732000
1695309555528 0.017007822185784487 736000
1695309590389 -0.0019445713612488665 740000
1695309624648 0.023830392356012454 744000
1695309658618 0.027521761004815442 748000
1695309692408 0.009015702282613346 752000
1695309730517 0.0023886607827686627 756000
1695309765058 0.025549471618038902 760000
1695309797545 0.003219002336572885 764000
1695309829904 0.0027629467055400405 768000
1695309863471 0.01871288688785171 772000
1695309897380 0.026705216981857422 776000
1695309932743 0.00620753132682997 780000
1695309970011 0.011980563959271724 784000
1695310015896 0.02175507810397903 788000
1695310052637 0.012217445879044438 792000
1695310087811 0.013701753326161754 796000
1695310125715 0.01214690989357526 800000
1695310160814 0.01683207866144585 804000
1695310197815 0.004587049815866825 808000
1695310240406 0.006072965226364128 812000
1695310277626 0.021570293589873776 816000
1695310312735 0.019250127610045336 820000
1695310348379 0.012774317683321594 824000
1695310386723 0.005804421900453841 828000
1695310421560 0.013921322765994167 832000
1695310455229 0.010841643687308533 836000
1695310494068 0.005056928277372208 840000
1695310538765 0.011429725067925271 844000
1695310575999 0.010277591885308841 848000
1695310616948 0.021228991353154925 852000
1695310655515 0.00993610403832766 856000
1695310690379 0.006614569341991228 860000
1695310724094 0.0014402901149878744 864000
1695310758982 0.016136522653566014 868000
