1695303109759 0.11851866201808055 4000
1695303138446 0.14788103656222423 8000
1695303167582 0.08626758884638548 12000
1695303196354 0.05464783000449339 16000
1695303230424 0.12544235264261563 20000
1695303262745 0.030338909290730954 24000
1695303295890 0.04970890612651904 28000
1695303328722 0.05861826855689287 32000
1695303360616 0.09355333913117647 36000
1695303392743 0.10546970646828413 40000
1695303425107 0.2069406529267629 44000
1695303456296 0.17580232272545496 48000
1695303488019 0.16562396151324113 52000
1695303518763 0.2678860887885094 56000
1695303550474 0.2213308653483788 60000
1695303581664 0.19349845368415117 64000
1695303615405 0.26989423533280693 68000
1695303648136 0.3799523794402679 72000
1695303680807 0.3651948039109508 76000
1695303712556 0.3122321920469403 80000
1695303753759 0.22809543752421935 84000
1695303786267 0.3075551255916556 88000
1695303816997 0.36179370700071256 92000
1695303852705 0.3163659358397126 96000
1695303897899 0.33255300112068653 100000
1695303939957 0.336165154663225 104000
1695303972693 0.23961087688803673 108000
1695304013224 0.2597573777039846 112000
1695304058402 0.29133178653816383 116000
1695304101603 0.2866635029514631 120000
1695304142366 0.3056725795691212 124000
1695304192110 0.3110329719260335 128000
1695304235786 0.26735725421458484 132000
1695304278900 0.19848645552992822 136000
1695304323155 0.3183895267546177 140000
1695304364759 0.2108870018273592 144000
1695304406642 0.21344076618552207 148000
1695304450508 0.29493102605144184 152000
1695304491969 0.18833615308006604 156000
1695304533331 0.29656743065764507 160000
1695304577773 0.21755232519159715 164000
1695304622929 0.24346767750879128 168000
1695304666405 0.21629096940159798 172000
1695304711508 0.31641371330867213 176000
1695304751090 0.2819249923030535 180000
1695304788798 0.1957959648842613 184000
1695304832598 0.2531603790198763 188000
1695304872718 0.20828196965157986 192000
1695304909439 0.30887860475728907 196000
1695304945294 0.26177318760504326 200000
1695304982381 0.2693940408527851 204000
1695305025063 0.2813982929413517 208000
1695305061288 0.28523569032549856 212000
1695305097751 0.18984337653964758 216000
1695305135920 0.35840999682744346 220000
1695305173138 0.3565617895995577 224000
1695305208347 0.24073821113755306 228000
1695305242187 0.461319449916482 232000
1695305273034 0.23940764951209229 236000
1695305303723 0.3264612282936772 240000
1695305335068 0.4923893542960286 244000
1695305365478 0.32308118548244236 248000
1695305395910 0.25268841329962016 252000
1695305426423 0.23186180063833792 256000
1695305457159 0.33976601958274844 260000
1695305487773 0.3166562784463167 264000
1695305518434 0.29442270727207265 268000
1695305548839 0.2514033937205871 272000
1695305579538 0.35317531805485486 276000
1695305611000 0.31233528405427935 280000
1695305641325 0.3386230210463206 284000
1695305672156 0.28052560438712437 288000
1695305702399 0.4240657575428486 292000
1695305733813 0.3299016864349445 296000
1695305763992 0.33974120126416285 300000
1695305794997 0.45550787467509507 304000
1695305825403 0.587304190856715 308000
1695305856258 0.330522918018202 312000
1695305886518 0.36260425181438527 316000
1695305917145 0.34456871754179397 320000
1695305947632 0.31768205780535935 324000
1695305978554 0.41862554717808964 328000
1695306008714 0.39902619092414776 332000
1695306039576 0.2966202865665158 336000
1695306070944 0.2701956937710444 340000
1695306101849 0.36441057386497655 344000
1695306132310 0.2855072403947512 348000
1695306162937 0.3527964586392045 352000
1695306193426 0.37363271228969097 356000
1695306224349 0.314692477012674 360000
1695306254764 0.382233341721197 364000
1695306287184 0.32975335922092197 368000
1695306318551 0.3474832276503245 372000
1695306351130 0.38881169315427544 376000
1695306382574 0.3757690974821647 380000
1695306417713 0.25914630610495804 384000
1695306452275 0.2034978208442529 388000
1695306486518 0.2738433785115679 392000
1695306519963 0.28919927924871447 396000
1695306554141 0.5533862148101131 400000
1695306586143 0.3474255533268054 404000
1695306620849 0.40598385923852526 408000
1695306653739 0.4164146473631263 412000
1695306687439 0.3560903063043952 416000
1695306720521 0.35965046112736065 420000
1695306752993 0.49779691143582266 424000
1695306786145 0.5078361447900533 428000
1695306823466 0.6696563080574075 432000
1695306860270 0.310220174305141 436000
1695306893614 0.3219034180045128 440000
1695306927093 0.3792520558461547 444000
1695306961165 0.38701823918769757 448000
1695306995382 0.3126026221861442 452000
1695307028985 0.3423625994473696 456000
1695307061225 0.35700158718973396 460000
1695307093440 0.4936768896256884 464000
1695307128252 0.24010779857635497 468000
1695307160974 0.2906232279414932 472000
1695307193803 0.3700620553145806 476000
1695307226960 0.34692329751948514 480000
1695307261369 0.30035810538878044 484000
1695307295836 0.4393033231919011 488000
1695307328631 0.36020265736927587 492000
1695307362262 0.6529990195607146 496000
1695307398604 0.3665756211305658 500000
1695307433846 0.37184445435802144 504000
1695307466886 0.5672146275639534 508000
1695307502388 0.4159949523707231 512000
1695307540948 0.4423153094947338 516000
1695307575834 0.5380492158234119 520000
1695307615269 0.41763185281306503 524000
1695307652980 0.3805332439020276 528000
1695307689055 0.24754722863435746 532000
1695307724821 0.34435262891153495 536000
1695307759448 0.7267767739792664 540000
1695307803708 0.4791469069818656 544000
1695307846276 0.33483486069987217 548000
1695307880762 0.35095041325936716 552000
1695307919686 0.361767765507102 556000
1695307956861 0.3918674811720848 560000
1695307994930 0.3381321902697285 564000
1695308028083 0.3228088244795799 568000
1695308062957 0.35122354434182246 572000
1695308098157 0.6411701627696554 576000
1695308132176 0.3816855349267522 580000
1695308167283 0.37868693030128875 584000
1695308204676 0.3861007178823153 588000
1695308240286 0.3754429251576463 592000
1695308275336 0.4154680864264568 596000
1695308317702 0.5553267236799002 600000
1695308353471 0.4113586405913035 604000
1695308394832 0.33354066852480174 608000
1695308433188 0.34592874106019733 612000
1695308469821 0.4150014371300737 616000
1695308516252 0.38262000971784194 620000
1695308552828 0.32894606683403255 624000
1695308590015 0.40407144129276273 628000
1695308629795 0.4321794639651974 632000
1695308665865 0.60384673991551 636000
1695308704033 0.5130065701901912 640000
1695308741096 0.42046100242684287 644000
1695308776508 0.5646743411819141 648000
1695308813190 0.451285927866896 652000
1695308854571 0.6501304150869449 656000
1695308889227 0.264549185646077 660000
1695308922322 0.3675309877221783 664000
1695308955697 0.40129789542406796 668000
1695308990715 0.4384619493658344 672000
1695309025655 0.4333858070895076 676000
1695309064352 0.5388143980254729 680000
1695309102511 0.5620095999911427 684000
1695309138126 0.4543971039975683 688000
1695309173236 0.46480747126042843 692000
1695309207250 0.5691333579520385 696000
1695309241667 0.39232025953630606 700000
1695309278179 0.5862532999987403 704000
1695309314330 0.37034145469466845 708000
1695309350786 0.3224425115933021 712000
1695309387639 0.3858716793358326 716000
1695309422348 0.4211544251069427 720000
1695309457192 0.34358122913787764 724000
1695309489581 0.4617239637300372 728000
1695309522352 0.5443570125227173 732000
1695309555529 0.3640999004865686 736000
1695309590390 0.5406100174412132 740000
1695309624649 0.38733637928962705 744000
1695309658619 0.28142176996916535 748000
1695309692409 0.4755657762909929 752000
1695309730518 0.5271723405147593 756000
1695309765059 0.30539197083562614 760000
1695309797546 0.49888638462871315 764000
1695309829905 0.5944655279939374 768000
1695309863472 0.37974690198898314 772000
1695309897381 0.3004816934466362 776000
1695309932744 0.5635605445752542 780000
1695309970012 0.47815221498409904 784000
1695310015897 0.32050517164170744 788000
1695310052638 0.43041587360203265 792000
1695310087812 0.4312126017486056 796000
1695310125716 0.4733314860612154 800000
1695310160815 0.3755345782265067 804000
1695310197816 0.5206730929513772 808000
1695310240407 0.4840076208114624 812000
1695310277627 0.3706626648704211 816000
1695310312736 0.36139135596652827 820000
1695310348380 0.4261730174223582 824000
1695310386724 0.4947040729224682 828000
1695310421561 0.5590109808991353 832000
1695310455231 0.4635631862406929 836000
1695310494069 0.48289337841173013 840000
1695310538766 0.4382407753417889 844000
1695310576000 0.4637683225174745 848000
1695310616950 0.36197207899143297 852000
1695310655517 0.4488354507212838 856000
1695310690380 0.4804781572893262 860000
1695310724095 0.5493092266842723 864000
1695310758983 0.3737310107797384 868000
