1695303109759 0.017827244299041922 4000
1695303138446 0.01480343375102772 8000
1695303167581 0.02745334752641308 12000
1695303196354 0.022280757022842105 16000
1695303230423 0.023095761442042808 20000
1695303262744 0.020411803213937672 24000
1695303295889 0.021171168925745103 28000
1695303328721 0.02843223534388623 32000
1695303360616 0.04981607147880519 36000
1695303392742 0.026196417482181763 40000
1695303425106 0.02998927117732819 44000
1695303456296 0.047770465506861606 48000
1695303488019 0.04616862051868035 52000
1695303518762 0.03535055647274324 56000
1695303550474 0.06521224113724505 60000
1695303581664 0.06250234624991814 64000
1695303615404 0.06885304094369833 68000
1695303648136 0.05659289117320441 72000
1695303680807 0.06580585679621435 76000
1695303712555 0.08846996437059715 80000
1695303753759 0.10944607162382454 84000
1695303786267 0.07899327356523524 88000
1695303816996 0.06423797645062829 92000
1695303852705 0.08905047769270216 96000
1695303897898 0.09044175687401244 100000
1695303939957 0.07719894031373163 104000
1695303972693 0.09726138585441126 108000
1695304013223 0.11303717291448265 112000
1695304058402 0.08110951784959373 116000
1695304101603 0.10007034228183329 120000
1695304142366 0.1019660303000516 124000
1695304192109 0.09833863881455424 128000
1695304235786 0.0875831463005549 132000
1695304278899 0.1011443127063103 136000
1695304323155 0.10069369496389603 140000
1695304364759 0.11537237984593958 144000
1695304406641 0.09891540496028028 148000
1695304450507 0.08277752447174862 152000
1695304491968 0.10418319402184958 156000
1695304533330 0.08020794076728635 160000
1695304577773 0.09137360364838969 164000
1695304622928 0.10133358454525782 168000
1695304666405 0.10661711873835884 172000
1695304711508 0.09385966552460255 176000
1695304751089 0.06545656622038223 180000
1695304788798 0.08804749903695969 184000
1695304832597 0.0775513715731601 188000
1695304872718 0.08534044684104931 192000
1695304909439 0.07677659367521604 196000
1695304945294 0.09343596680167442 200000
1695304982381 0.09714019428841615 204000
1695305025063 0.060016055193652086 208000
1695305061288 0.08060374295843455 212000
1695305097751 0.11333384071088706 216000
1695305135919 0.04851167684876903 220000
1695305173138 0.06407566153696583 224000
1695305208347 0.10914941707742401 228000
1695305242187 0.07285466647105447 232000
1695305273034 0.08325967880470368 236000
1695305303723 0.06202657759131398 240000
1695305335068 0.06954364233727878 244000
1695305365477 0.09098104654306856 248000
1695305395909 0.08700584860149926 252000
1695305426422 0.07457587135140784 256000
1695305457158 0.07709838810842484 260000
1695305487773 0.08089898479132292 264000
1695305518433 0.10128736166322293 268000
1695305548838 0.09395754000288434 272000
1695305579537 0.04999600561374488 276000
1695305610999 0.05432071855175309 280000
1695305641325 0.08684775889463102 284000
1695305672156 0.08732686370591788 288000
1695305702399 0.09828310674153423 292000
1695305733813 0.05047465036235129 296000
1695305763991 0.05608676879346604 300000
1695305794997 0.06917303780113192 304000
1695305825402 0.042131844109583955 308000
1695305856258 0.04882584804242166 312000
1695305886517 0.0661856296772991 316000
1695305917145 0.07703757440758636 320000
1695305947632 0.09498990910166565 324000
1695305978553 0.04532203211711021 328000
1695306008713 0.05187040266901022 332000
1695306039576 0.0833732592232991 336000
1695306070944 0.07883270744593271 340000
1695306101849 0.045025386853376405 344000
1695306132310 0.09371530481536562 348000
1695306162937 0.048709512365652095 352000
1695306193426 0.055984230362810194 356000
1695306224348 0.07599562843291399 360000
1695306254764 0.04967072206976202 364000
1695306287183 0.08018832446153586 368000
1695306318550 0.05006160479436706 372000
1695306351130 0.04448584729495148 376000
1695306382574 0.050720218870750004 380000
1695306417712 0.08170214994849327 384000
1695306452275 0.12509210396092385 388000
1695306486518 0.07757187088379093 392000
1695306519962 0.06945510960746712 396000
1695306554141 0.04074780968658161 400000
1695306586143 0.06586957214070328 404000
1695306620848 0.0533923704662205 408000
1695306653738 0.046882282088821135 412000
1695306687438 0.06494015070008269 416000
1695306720520 0.05004985336418031 420000
1695306752992 0.05300445133858981 424000
1695306786144 0.04100077914335998 428000
1695306823466 0.043000557206687516 432000
1695306860269 0.06913918428326724 436000
1695306893614 0.07276319677766878 440000
1695306927093 0.0477577599590101 444000
1695306961165 0.05317558157645787 448000
1695306995382 0.07042718881129986 452000
1695307028984 0.052360371573498314 456000
1695307061225 0.06794548957938483 460000
1695307093440 0.03292724337031056 464000
1695307128252 0.09096215721413804 468000
1695307160974 0.06375645642789701 472000
1695307193802 0.04703619325252172 476000
1695307226960 0.053507195393710086 480000
1695307261369 0.06493834869373434 484000
1695307295836 0.059283659942836194 488000
1695307328630 0.07886703775341933 492000
1695307362261 0.032430112280417235 496000
1695307398604 0.06354701647651381 500000
1695307433846 0.05288652012726137 504000
1695307466885 0.04226720269556002 508000
1695307502387 0.04360461088072043 512000
1695307540947 0.0388701827575763 516000
1695307575834 0.029113624904615183 520000
1695307615269 0.045477654053926626 524000
1695307652980 0.0509248580201529 528000
1695307689054 0.08951377387954078 532000
1695307724820 0.0544673347598291 536000
1695307759448 0.01024664478803364 540000
1695307803708 0.03553433772152251 544000
1695307846276 0.061310799257868594 548000
1695307880761 0.05962898977207563 552000
1695307919686 0.05255747726235616 556000
1695307956861 0.050924315199275344 560000
1695307994930 0.06713472276266354 564000
1695308028082 0.05991828542464646 568000
1695308062956 0.05321356421821596 572000
1695308098157 0.034677152059157376 576000
1695308132175 0.046019826640743604 580000
1695308167283 0.050010632301079265 584000
1695308204675 0.0494041861401153 588000
1695308240286 0.04912268836342264 592000
1695308275336 0.03992412146908464 596000
1695308317701 0.025783461200383804 600000
1695308353471 0.04587241745563612 604000
1695308394832 0.06231877493555658 608000
1695308433188 0.05461728164179173 612000
1695308469820 0.04942507274924234 616000
1695308516252 0.049439680673822296 620000
1695308552828 0.05829604317599054 624000
1695308590014 0.043186685710194676 628000
1695308629795 0.03945898930445158 632000
1695308665865 0.038196892916069675 636000
1695308704033 0.03965411624715974 640000
1695308741096 0.04634912566252751 644000
1695308776508 0.022810428056739815 648000
1695308813190 0.03967945408706631 652000
1695308854571 0.015444892029093656 656000
1695308889226 0.0873813966793629 660000
1695308922321 0.06406665032942935 664000
1695308955697 0.04991184032163195 668000
1695308990715 0.03671466832456645 672000
1695309025655 0.038701080859512633 676000
1695309064351 0.024717882164016675 680000
1695309102510 0.05139317719634467 684000
1695309138126 0.03754171953114564 688000
1695309173236 0.036036535054639295 692000
1695309207250 0.023136307047388983 696000
1695309241667 0.05115887441012698 700000
1695309278178 0.02112832744314801 704000
1695309314330 0.058485124817525505 708000
1695309350786 0.06358726825953151 712000
1695309387638 0.05460113323982417 716000
1695309422348 0.039742936252635745 720000
1695309457192 0.05638609161542263 724000
1695309489580 0.030732347286054087 728000
1695309522351 0.0660011753536916 732000
1695309555529 0.05830472728363626 736000
1695309590390 0.031006628861359787 740000
1695309624648 0.07028471564408392 744000
1695309658619 0.07441643191753732 748000
1695309692409 0.050865429274078146 752000
1695309730518 0.02519423406435332 756000
1695309765058 0.07132142466046693 760000
1695309797546 0.06893887288752013 764000
1695309829904 0.03791138285111326 768000
1695309863471 0.05499423860455863 772000
1695309897381 0.07945625331679669 776000
1695309932744 0.03620943953137612 780000
1695309970012 0.05002828140810986 784000
1695310015897 0.07150983740187561 788000
1695310052637 0.0426506407263029 792000
1695310087812 0.04044331962844202 796000
1695310125716 0.04869103966824089 800000
1695310160815 0.05304346741953244 804000
1695310197815 0.029947765597656446 808000
1695310240406 0.03600805479557797 812000
1695310277626 0.05176195194993246 816000
1695310312736 0.05891684785941228 820000
1695310348380 0.041111874495012066 824000
1695310386724 0.05081762456635867 828000
1695310421561 0.04604458831211863 832000
1695310455230 0.034431654853688085 836000
1695310494069 0.03005313578178175 840000
1695310538765 0.04117861739990379 844000
1695310576000 0.03799029799847631 848000
1695310616949 0.05600151755740323 852000
1695310655516 0.03692909368449667 856000
1695310690380 0.035905654036711594 860000
1695310724095 0.0250664845664384 864000
1695310758983 0.05164842410061586 868000
