1695303109722 36.64090909090908 4000
1695303138410 38.51951219512195 8000
1695303167545 38.43095238095238 12000
1695303196315 38.96829268292684 16000
1695303230382 38.237500000000004 20000
1695303262708 38.004347826086956 24000
1695303295853 37.949999999999996 28000
1695303328686 38.63695652173914 32000
1695303360578 37.65869565217392 36000
1695303392706 37.49782608695652 40000
1695303425071 38.1 44000
1695303456259 37.37499999999999 48000
1695303487983 37.986666666666665 52000
1695303518726 37.904545454545456 56000
1695303550438 37.471111111111114 60000
1695303581628 37.50222222222222 64000
1695303615366 38.07708333333333 68000
1695303648100 38.29999999999999 72000
1695303680771 38.417391304347824 76000
1695303712520 38.79555555555556 80000
1695303753721 37.59830508474577 84000
1695303786231 37.62608695652173 88000
1695303816958 38.35681818181818 92000
1695303852659 39.05294117647058 96000
1695303897821 43.9375 100000
1695303939921 42.37 104000
1695303972645 38.41914893617021 108000
1695304013180 47.39482758620689 112000
1695304058353 50.404687499999994 116000
1695304101558 49.24677419354838 120000
1695304142320 46.60862068965517 124000
1695304192053 51.84714285714286 128000
1695304235739 48.45714285714286 132000
1695304278851 48.93606557377049 136000
1695304323107 49.31587301587302 140000
1695304364713 45.09830508474577 144000
1695304406588 46.026666666666664 148000
1695304450459 47.66825396825397 152000
1695304491927 46.061016949152545 156000
1695304533285 45.228813559322035 160000
1695304577728 50.55238095238095 164000
1695304622880 48.514062499999994 168000
1695304666362 48.26612903225808 172000
1695304711473 51.66923076923077 176000
1695304751048 42.77142857142858 180000
1695304788756 41.97222222222222 184000
1695304832561 48.42258064516128 188000
1695304872675 43.93684210526315 192000
1695304909399 42.724528301886785 196000
1695304945255 42.28823529411764 200000
1695304982340 41.6433962264151 204000
1695305025019 46.10000000000001 208000
1695305061249 41.721153846153854 212000
1695305097708 42.340384615384615 216000
1695305135879 41.98518518518518 220000
1695305173097 40.94905660377359 224000
1695305208308 42.69411764705882 228000
1695305242153 40.135416666666664 232000
1695305273000 37.99090909090909 236000
1695305303683 37.147727272727266 240000
1695305335033 37.79545454545455 244000
1695305365441 37.94772727272727 248000
1695305395876 37.27441860465116 252000
1695305426385 37.562790697674416 256000
1695305457124 38.070454545454545 260000
1695305487737 38.277272727272724 264000
1695305518400 38.418181818181814 268000
1695305548802 38.46511627906977 272000
1695305579505 37.50454545454546 276000
1695305610965 37.79545454545455 280000
1695305641291 37.84318181818182 284000
1695305672123 37.82272727272728 288000
1695305702365 37.95348837209303 292000
1695305733779 38.372727272727275 296000
1695305763953 37.962790697674414 300000
1695305794963 37.68222222222222 304000
1695305825369 37.56511627906977 308000
1695305856224 37.940909090909095 312000
1695305886485 37.56744186046512 316000
1695305917112 37.92045454545455 320000
1695305947598 38.193023255813955 324000
1695305978521 38.574999999999996 328000
1695306008679 37.37441860465116 332000
1695306039542 37.85454545454546 336000
1695306070909 37.45333333333333 340000
1695306101814 38.14545454545455 344000
1695306132276 37.625 348000
1695306162902 37.681395348837206 352000
1695306193393 37.23863636363637 356000
1695306224315 37.456818181818186 360000
1695306254730 37.49302325581395 364000
1695306287150 37.67173913043478 368000
1695306318517 37.824444444444445 372000
1695306351087 37.734042553191486 376000
1695306382542 37.66363636363637 380000
1695306417674 36.922 384000
1695306452227 37.902 388000
1695306486480 37.04489795918367 392000
1695306519929 36.50212765957447 396000
1695306554102 37.22653061224489 400000
1695306586107 37.84666666666667 404000
1695306620810 37.099999999999994 408000
1695306653704 37.42765957446809 412000
1695306687399 38.9625 416000
1695306720485 37.144680851063825 420000
1695306752957 37.27173913043479 424000
1695306786109 37.3125 428000
1695306823417 43.71509433962265 432000
1695306860232 41.18653846153847 436000
1695306893578 37.822916666666664 440000
1695306927054 37.357446808510645 444000
1695306961128 37.714285714285715 448000
1695306995346 37.05714285714286 452000
1695307028949 36.80833333333333 456000
1695307061188 37.14130434782608 460000
1695307093402 37.141304347826086 464000
1695307128216 37.15510204081632 468000
1695307160935 37.48936170212765 472000
1695307193766 37.39361702127658 476000
1695307226921 37.94893617021276 480000
1695307261332 37.47755102040816 484000
1695307295801 37.118367346938776 488000
1695307328594 37.64042553191489 492000
1695307362224 37.46458333333333 496000
1695307398562 37.91346153846153 500000
1695307433812 37.346 504000
1695307466845 37.414893617021285 508000
1695307502341 37.330000000000005 512000
1695307540907 42.21818181818182 516000
1695307575797 39.518 520000
1695307615221 43.51607142857143 524000
1695307652944 43.218518518518515 528000
1695307689009 42.68627450980392 532000
1695307724783 38.55882352941177 536000
1695307759412 38.153999999999996 540000
1695307803657 47.06666666666666 544000
1695307846240 37.89344262295083 548000
1695307880720 37.28163265306122 552000
1695307919648 36.014545454545456 556000
1695307956818 41.769811320754705 560000
1695307994893 43.84814814814815 564000
1695308028046 38.18541666666666 568000
1695308062919 36.81224489795918 572000
1695308098122 37.03529411764706 576000
1695308132137 37.5125 580000
1695308167246 37.454 584000
1695308204634 40.392452830188674 588000
1695308240250 39.482352941176465 592000
1695308275295 40.178000000000004 596000
1695308317659 45.11 600000
1695308353430 38.16274509803922 604000
1695308394781 47.93728813559322 608000
1695308433152 39.232727272727274 612000
1695308469778 38.732692307692304 616000
1695308516211 36.34545454545456 620000
1695308552789 38.405660377358494 624000
1695308589970 38.633962264150945 628000
1695308629754 37.68571428571429 632000
1695308665811 37.96346153846154 636000
1695308703991 37.94444444444444 640000
1695308741059 37.83396226415094 644000
1695308776469 40.196000000000005 648000
1695308813145 42.1188679245283 652000
1695308854535 44.53220338983051 656000
1695308889190 37.41428571428571 660000
1695308922285 37.238297872340425 664000
1695308955659 38.22083333333333 668000
1695308990675 36.996 672000
1695309025610 37.910204081632656 676000
1695309064308 46.71249999999999 680000
1695309102471 41.294444444444444 684000
1695309138085 38.562745098039215 688000
1695309173199 38.704 692000
1695309207211 39.6375 696000
1695309241631 38.77755102040816 700000
1695309278139 38.98461538461539 704000
1695309314286 38.73269230769231 708000
1695309350750 38.332692307692305 712000
1695309387600 41.422641509433966 716000
1695309422312 39.816326530612244 720000
1695309457156 36.9 724000
1695309489546 37.10217391304349 728000
1695309522317 37.259574468085106 732000
1695309555492 37.21276595744681 736000
1695309590352 36.966 740000
1695309624611 36.72291666666666 744000
1695309658583 37.49591836734693 748000
1695309692373 38.05416666666667 752000
1695309730468 43.25925925925926 756000
1695309765022 38.02244897959184 760000
1695309797511 37.759574468085106 764000
1695309829868 37.35 768000
1695309863436 37.55416666666667 772000
1695309897342 37.38333333333333 776000
1695309932707 36.942 780000
1695309969972 39.962264150943405 784000
1695310015860 47.01363636363636 788000
1695310052598 38.22115384615384 792000
1695310087771 38.05199999999999 796000
1695310125674 43.01481481481482 800000
1695310160780 40.153999999999996 804000
1695310197774 40.5 808000
1695310240365 47.308196721311475 812000
1695310277589 39.46792452830188 816000
1695310312698 38.578 820000
1695310348339 39.58039215686275 824000
1695310386671 42.012962962962966 828000
1695310421526 40.46 832000
1695310455192 37.58541666666667 836000
1695310494028 40.9090909090909 840000
1695310538729 50.287499999999994 844000
1695310575961 40.41132075471698 848000
1695310616891 40.918965517241375 852000
1695310655480 35.83818181818181 856000
1695310690344 37.316 860000
1695310724060 37.63333333333333 864000
1695310758947 37.766000000000005 868000
