1695303109722 10.065909090909091 4000
1695303138410 10.341463414634147 8000
1695303167545 10.507142857142858 12000
1695303196316 10.641463414634147 16000
1695303230382 10.814583333333331 20000
1695303262708 10.923913043478263 24000
1695303295854 11.064583333333331 28000
1695303328686 10.950000000000001 32000
1695303360578 11.315217391304348 36000
1695303392706 11.463043478260872 40000
1695303425072 11.58695652173913 44000
1695303456259 11.729545454545452 48000
1695303487983 11.84888888888889 52000
1695303518727 11.972727272727274 56000
1695303550438 12.126666666666665 60000
1695303581629 12.264444444444441 64000
1695303615366 12.441666666666668 68000
1695303648101 12.534042553191494 72000
1695303680772 12.697826086956518 76000
1695303712521 12.862222222222224 80000
1695303753721 13.028813559322037 84000
1695303786231 13.16739130434782 88000
1695303816959 13.336363636363636 92000
1695303852660 13.48627450980392 96000
1695303897822 16.0953125 100000
1695303939921 18.355000000000004 104000
1695303972646 18.79787234042553 108000
1695304013180 20.18448275862069 112000
1695304058354 20.823437499999997 116000
1695304101558 21.41290322580645 120000
1695304142321 21.57586206896552 124000
1695304192054 21.560000000000002 128000
1695304235740 22.48095238095238 132000
1695304278851 23.321311475409836 136000
1695304323107 22.480952380952385 140000
1695304364714 22.6 144000
1695304406588 21.966666666666665 148000
1695304450460 22.961904761904755 152000
1695304491928 22.993220338983047 156000
1695304533286 22.340677966101698 160000
1695304577728 25.990476190476187 164000
1695304622881 24.7671875 168000
1695304666362 21.9258064516129 172000
1695304711473 25.41692307692308 176000
1695304751049 26.646428571428572 180000
1695304788757 23.520370370370372 184000
1695304832562 20.667741935483875 188000
1695304872676 20.521052631578943 192000
1695304909399 20.41132075471698 196000
1695304945255 20.47254901960784 200000
1695304982341 20.618867924528296 204000
1695305025019 20.48166666666667 208000
1695305061249 19.844230769230766 212000
1695305097709 20.317307692307693 216000
1695305135879 20.898148148148145 220000
1695305173097 21.103773584905657 224000
1695305208309 21.301960784313728 228000
1695305242153 21.47083333333333 232000
1695305273001 21.66363636363636 236000
1695305303683 21.777272727272724 240000
1695305335034 21.90454545454546 244000
1695305365442 22.06136363636364 248000
1695305395876 22.139534883720927 252000
1695305426386 22.302325581395348 256000
1695305457125 22.438636363636366 260000
1695305487737 22.56590909090909 264000
1695305518400 22.69090909090909 268000
1695305548802 22.83953488372093 272000
1695305579505 22.963636363636365 276000
1695305610965 23.12045454545454 280000
1695305641291 23.245454545454542 284000
1695305672123 23.393181818181823 288000
1695305702365 23.520930232558143 292000
1695305733779 23.722727272727273 296000
1695305763953 23.811627906976742 300000
1695305794963 24.017777777777777 304000
1695305825369 24.134883720930233 308000
1695305856224 24.272727272727273 312000
1695305886486 24.41860465116279 316000
1695305917112 24.59545454545454 320000
1695305947598 24.732558139534884 324000
1695305978522 24.90454545454545 328000
1695306008680 25.065116279069766 332000
1695306039542 25.213636363636372 336000
1695306070909 25.335555555555555 340000
1695306101814 25.461363636363625 344000
1695306132277 25.599999999999998 348000
1695306162903 25.790697674418606 352000
1695306193393 25.91363636363636 356000
1695306224315 26.056818181818183 360000
1695306254730 26.197674418604663 364000
1695306287150 26.330434782608698 368000
1695306318517 26.464444444444432 372000
1695306351087 26.62765957446808 376000
1695306382542 26.75454545454546 380000
1695306417674 26.872 384000
1695306452227 27.05 388000
1695306486481 27.197959183673472 392000
1695306519929 27.321276595744678 396000
1695306554103 27.475510204081633 400000
1695306586107 27.622222222222216 404000
1695306620810 27.750000000000004 408000
1695306653705 27.94042553191488 412000
1695306687399 28.09583333333333 416000
1695306720485 28.25744680851065 420000
1695306752958 28.41304347826086 424000
1695306786109 28.583333333333332 428000
1695306823418 30.394339622641514 432000
1695306860233 30.403846153846146 436000
1695306893578 29.047916666666662 440000
1695306927054 29.242553191489375 444000
1695306961129 29.408163265306122 448000
1695306995347 29.54285714285714 452000
1695307028950 29.660416666666674 456000
1695307061188 29.8 460000
1695307093402 29.965217391304336 464000
1695307128216 30.120408163265303 468000
1695307160935 30.287234042553198 472000
1695307193766 30.387234042553192 476000
1695307226922 30.519148936170218 480000
1695307261333 30.68367346938776 484000
1695307295801 30.857142857142858 488000
1695307328595 30.97659574468084 492000
1695307362225 31.131250000000005 496000
1695307398562 31.278846153846157 500000
1695307433812 31.441999999999997 504000
1695307466846 31.563829787234038 508000
1695307502342 31.732000000000006 512000
1695307540908 32.65272727272727 516000
1695307575797 33.775999999999996 520000
1695307615221 34.16785714285714 524000
1695307652945 34.70555555555555 528000
1695307689009 34.1843137254902 532000
1695307724784 34.08039215686275 536000
1695307759412 33.576 540000
1695307803657 36.57460317460316 544000
1695307846240 35.64918032786884 548000
1695307880720 33.72448979591837 552000
1695307919648 33.84181818181818 556000
1695307956819 34.79622641509434 560000
1695307994893 35.82222222222223 564000
1695308028046 34.62083333333333 568000
1695308062919 34.46122448979592 572000
1695308098122 34.62549019607843 576000
1695308132137 34.75208333333334 580000
1695308167247 34.92799999999999 584000
1695308204634 35.46415094339623 588000
1695308240250 35.93921568627451 592000
1695308275296 35.72 596000
1695308317660 38.245 600000
1695308353431 36.40196078431373 604000
1695308394782 39.15762711864406 608000
1695308433153 42.26181818181819 612000
1695308469779 42.399999999999984 616000
1695308516211 42.58484848484849 620000
1695308552789 42.732075471698124 624000
1695308589971 42.84150943396228 628000
1695308629754 42.99285714285715 632000
1695308665812 43.11346153846152 636000
1695308703991 43.300000000000004 640000
1695308741059 41.316981132075476 644000
1695308776470 37.824 648000
1695308813146 38.95283018867924 652000
1695308854535 39.11186440677965 656000
1695308889190 38.008163265306116 660000
1695308922285 38.127659574468076 664000
1695308955660 38.29791666666667 668000
1695308990675 38.41199999999999 672000
1695309025610 38.785714285714285 676000
1695309064309 40.78392857142857 680000
1695309102471 45.01111111111112 684000
1695309138085 45.36274509803921 688000
1695309173199 45.52199999999999 692000
1695309207211 45.67083333333334 696000
1695309241631 45.81224489795919 700000
1695309278140 45.91346153846154 704000
1695309314286 46.02884615384614 708000
1695309350750 45.07692307692308 712000
1695309387601 40.966037735849056 716000
1695309422312 41.030612244897966 720000
1695309457157 40.314 724000
1695309489546 40.476086956521726 728000
1695309522317 40.64893617021276 732000
1695309555493 40.76382978723406 736000
1695309590352 40.918 740000
1695309624612 41.03958333333333 744000
1695309658583 41.19795918367347 748000
1695309692374 41.34375 752000
1695309730468 42.47777777777777 756000
1695309765023 42.14081632653061 760000
1695309797511 41.827659574468086 764000
1695309829869 41.9391304347826 768000
1695309863436 42.09583333333333 772000
1695309897343 42.197916666666664 776000
1695309932708 42.348 780000
1695309969972 42.9377358490566 784000
1695310015860 47.20606060606061 788000
1695310052599 49.10576923076922 792000
1695310087772 46.472 796000
1695310125674 44.39074074074074 800000
1695310160780 44.044 804000
1695310197774 43.95283018867924 808000
1695310240365 47.86229508196722 812000
1695310277590 50.28301886792454 816000
1695310312698 50.378 820000
1695310348339 50.390196078431366 824000
1695310386672 44.96481481481483 828000
1695310421526 45.308 832000
1695310455193 44.375 836000
1695310494028 45.250909090909076 840000
1695310538730 50.3203125 844000
1695310575961 45.450943396226414 848000
1695310616892 45.96551724137931 852000
1695310655480 45.052727272727246 856000
1695310690344 45.202000000000005 860000
1695310724060 45.51666666666667 864000
1695310758947 44.013999999999996 868000
