1695136485637 1.0 4000
1695136522535 1.0 8000
1695136560470 1.0 12000
1695136594698 1.0 16000
1695136626335 1.0 20000
1695136659466 1.0 24000
1695136692952 1.0 28000
1695136726855 1.0 32000
1695136760614 1.0 36000
1695136795235 1.0 40000
1695136829872 1.0 44000
1695136863908 1.0 48000
1695136896338 1.0 52000
1695136932788 1.0 56000
1695136966895 1.0 60000
1695136999792 1.0 64000
1695137033490 1.0 68000
1695137066541 1.0 72000
1695137103820 1.0 76000
1695137142206 1.0 80000
1695137179778 1.0 84000
1695137217201 1.0 88000
1695137252701 1.0 92000
1695137286576 1.0 96000
1695137322197 1.0 100000
1695137356747 1.0 104000
1695137389773 1.0 108000
1695137421520 1.0 112000
1695137453484 1.0 116000
1695137486586 1.0 120000
1695137518838 1.0 124000
1695137553016 1.0 128000
1695137587529 1.0 132000
1695137620424 1.0 136000
1695137652424 1.0 140000
1695137685761 1.0 144000
1695137720470 1.0 148000
1695137753169 1.0 152000
1695137785980 1.0 156000
1695137819454 1.0 160000
