1695136485637 0.0 4000
1695136522535 0.0 8000
1695136560470 0.0 12000
1695136594698 0.0 16000
1695136626335 0.0 20000
1695136659465 0.0 24000
1695136692951 0.0 28000
1695136726854 0.0 32000
1695136760613 0.0 36000
1695136795235 0.0 40000
1695136829872 0.0 44000
1695136863908 0.0 48000
1695136896338 0.0 52000
1695136932788 0.0 56000
1695136966895 0.0 60000
1695136999792 0.0 64000
1695137033490 0.0 68000
1695137066540 0.0 72000
1695137103820 0.0 76000
1695137142205 0.0 80000
1695137179778 0.0 84000
1695137217201 0.0 88000
1695137252700 0.0 92000
1695137286575 0.0 96000
1695137322196 0.0 100000
1695137356747 0.0 104000
1695137389773 0.0 108000
1695137421519 0.0 112000
1695137453483 0.0 116000
1695137486586 0.0 120000
1695137518838 0.0 124000
1695137553015 0.0 128000
1695137587528 0.0 132000
1695137620424 0.0 136000
1695137652423 0.0 140000
1695137685760 0.0 144000
1695137720470 0.0 148000
1695137753168 0.0 152000
1695137785979 0.0 156000
1695137819454 0.0 160000
