1695136485638 300.0 4000
1695136522537 300.0 8000
1695136560472 300.0 12000
1695136594700 300.0 16000
1695136626337 300.0 20000
1695136659467 300.0 24000
1695136692953 300.0 28000
1695136726856 300.0 32000
1695136760615 300.0 36000
1695136795237 300.0 40000
1695136829873 300.0 44000
1695136863909 300.0 48000
1695136896340 300.0 52000
1695136932789 300.0 56000
1695136966896 300.0 60000
1695136999793 300.0 64000
1695137033491 300.0 68000
1695137066542 300.0 72000
1695137103822 300.0 76000
1695137142207 300.0 80000
1695137179779 300.0 84000
1695137217202 300.0 88000
1695137252702 300.0 92000
1695137286577 300.0 96000
1695137322198 300.0 100000
1695137356748 300.0 104000
1695137389774 300.0 108000
1695137421521 300.0 112000
1695137453485 300.0 116000
1695137486587 300.0 120000
1695137518840 300.0 124000
1695137553017 300.0 128000
1695137587530 300.0 132000
1695137620425 300.0 136000
1695137652425 300.0 140000
1695137685762 300.0 144000
1695137720472 300.0 148000
1695137753170 300.0 152000
1695137785981 300.0 156000
1695137819455 300.0 160000
