1695136485638 1.0 4000
1695136522536 1.0 8000
1695136560471 1.0 12000
1695136594699 1.0 16000
1695136626336 1.0 20000
1695136659466 1.0 24000
1695136692952 1.0 28000
1695136726855 1.0 32000
1695136760615 1.0 36000
1695136795236 1.0 40000
1695136829873 1.0 44000
1695136863909 1.0 48000
1695136896339 1.0 52000
1695136932789 1.0 56000
1695136966896 1.0 60000
1695136999793 1.0 64000
1695137033491 1.0 68000
1695137066541 1.0 72000
1695137103821 1.0 76000
1695137142207 1.0 80000
1695137179779 1.0 84000
1695137217202 1.0 88000
1695137252701 1.0 92000
1695137286576 1.0 96000
1695137322197 1.0 100000
1695137356748 1.0 104000
1695137389774 1.0 108000
1695137421521 1.0 112000
1695137453484 1.0 116000
1695137486587 1.0 120000
1695137518839 1.0 124000
1695137553017 1.0 128000
1695137587529 1.0 132000
1695137620425 1.0 136000
1695137652424 1.0 140000
1695137685762 1.0 144000
1695137720471 1.0 148000
1695137753169 1.0 152000
1695137785981 1.0 156000
1695137819455 1.0 160000
