1695136485636 8.0 4000
1695136522534 8.0 8000
1695136560469 8.0 12000
1695136594697 8.0 16000
1695136626334 8.0 20000
1695136659464 8.0 24000
1695136692951 8.0 28000
1695136726853 8.0 32000
1695136760613 8.0 36000
1695136795234 8.0 40000
1695136829871 8.0 44000
1695136863907 8.0 48000
1695136896337 8.0 52000
1695136932787 8.0 56000
1695136966894 8.0 60000
1695136999791 8.0 64000
1695137033489 8.0 68000
1695137066540 8.0 72000
1695137103819 8.0 76000
1695137142205 8.0 80000
1695137179777 8.0 84000
1695137217200 8.0 88000
1695137252699 8.0 92000
1695137286574 8.0 96000
1695137322196 8.0 100000
1695137356746 8.0 104000
1695137389772 8.0 108000
1695137421519 8.0 112000
1695137453482 8.0 116000
1695137486585 8.0 120000
1695137518837 8.0 124000
1695137553014 8.0 128000
1695137587527 8.0 132000
1695137620423 8.0 136000
1695137652422 8.0 140000
1695137685759 8.0 144000
1695137720469 8.0 148000
1695137753167 8.0 152000
1695137785979 8.0 156000
1695137819453 8.0 160000
