1695303109740 1.0 4000
1695303138427 1.0 8000
1695303167563 1.0 12000
1695303196335 1.0 16000
1695303230403 1.0 20000
1695303262727 1.0 24000
1695303295872 1.0 28000
1695303328704 1.0 32000
1695303360597 1.0 36000
1695303392725 1.0 40000
1695303425089 1.0 44000
1695303456278 1.0 48000
1695303488001 1.0 52000
1695303518744 1.0 56000
1695303550456 1.0 60000
1695303581647 1.0 64000
1695303615385 1.0 68000
1695303648118 1.0 72000
1695303680789 1.0 76000
1695303712538 1.0 80000
1695303753740 1.0 84000
1695303786249 1.0 88000
1695303816978 1.0 92000
1695303852682 1.0 96000
1695303897864 1.0 100000
1695303939940 1.0 104000
1695303972665 1.0 108000
1695304013202 1.0 112000
1695304058378 1.0 116000
1695304101579 1.0 120000
1695304142342 1.0 124000
1695304192081 1.0 128000
1695304235763 1.0 132000
1695304278876 1.0 136000
1695304323131 1.0 140000
1695304364736 1.0 144000
1695304406613 1.0 148000
1695304450483 1.0 152000
1695304491948 1.0 156000
1695304533308 1.0 160000
1695304577750 1.0 164000
1695304622905 1.0 168000
1695304666383 1.0 172000
1695304711490 1.0 176000
1695304751069 1.0 180000
1695304788778 1.0 184000
1695304832580 1.0 188000
1695304872697 1.0 192000
1695304909420 1.0 196000
1695304945274 1.0 200000
1695304982361 1.0 204000
1695305025041 1.0 208000
1695305061269 1.0 212000
1695305097730 1.0 216000
1695305135899 1.0 220000
1695305173117 1.0 224000
1695305208328 1.0 228000
1695305242170 1.0 232000
1695305273018 1.0 236000
1695305303703 1.0 240000
1695305335051 1.0 244000
1695305365460 1.0 248000
1695305395893 1.0 252000
1695305426404 1.0 256000
1695305457141 1.0 260000
1695305487755 1.0 264000
1695305518417 1.0 268000
1695305548821 1.0 272000
1695305579521 1.0 276000
1695305610982 1.0 280000
1695305641308 1.0 284000
1695305672139 1.0 288000
1695305702382 1.0 292000
1695305733797 1.0 296000
1695305763972 1.0 300000
1695305794980 1.0 304000
1695305825386 1.0 308000
1695305856241 1.0 312000
1695305886502 1.0 316000
1695305917129 1.0 320000
1695305947615 1.0 324000
1695305978538 1.0 328000
1695306008697 1.0 332000
1695306039559 1.0 336000
1695306070926 1.0 340000
1695306101831 1.0 344000
1695306132294 1.0 348000
1695306162920 1.0 352000
1695306193410 1.0 356000
1695306224332 1.0 360000
1695306254748 1.0 364000
1695306287167 1.0 368000
1695306318534 1.0 372000
1695306351112 1.0 376000
1695306382559 1.0 380000
1695306417694 1.0 384000
1695306452256 1.0 388000
1695306486500 1.0 392000
1695306519946 1.0 396000
1695306554122 1.0 400000
1695306586125 1.0 404000
1695306620829 1.0 408000
1695306653722 1.0 412000
1695306687419 1.0 416000
1695306720503 1.0 420000
1695306752975 1.0 424000
1695306786127 1.0 428000
1695306823447 1.0 432000
1695306860251 1.0 436000
1695306893596 1.0 440000
1695306927074 1.0 444000
1695306961147 1.0 448000
1695306995365 1.0 452000
1695307028967 1.0 456000
1695307061207 1.0 460000
1695307093421 1.0 464000
1695307128234 1.0 468000
1695307160955 1.0 472000
1695307193784 1.0 476000
1695307226941 1.0 480000
1695307261351 1.0 484000
1695307295819 1.0 488000
1695307328613 1.0 492000
1695307362243 1.0 496000
1695307398582 1.0 500000
1695307433829 1.0 504000
1695307466866 1.0 508000
1695307502362 1.0 512000
1695307540928 1.0 516000
1695307575815 1.0 520000
1695307615242 1.0 524000
1695307652962 1.0 528000
1695307689028 1.0 532000
1695307724802 1.0 536000
1695307759431 1.0 540000
1695307803685 1.0 544000
1695307846258 1.0 548000
1695307880741 1.0 552000
1695307919667 1.0 556000
1695307956840 1.0 560000
1695307994912 1.0 564000
1695308028065 1.0 568000
1695308062938 1.0 572000
1695308098140 1.0 576000
1695308132157 1.0 580000
1695308167265 1.0 584000
1695308204655 1.0 588000
1695308240268 1.0 592000
1695308275316 1.0 596000
1695308317680 1.0 600000
1695308353451 1.0 604000
1695308394805 1.0 608000
1695308433170 1.0 612000
1695308469800 1.0 616000
1695308516232 1.0 620000
1695308552809 1.0 624000
1695308589993 1.0 628000
1695308629775 1.0 632000
1695308665838 1.0 636000
1695308704013 1.0 640000
1695308741078 1.0 644000
1695308776489 1.0 648000
1695308813168 1.0 652000
1695308854553 1.0 656000
1695308889208 1.0 660000
1695308922304 1.0 664000
1695308955678 1.0 668000
1695308990695 1.0 672000
1695309025633 1.0 676000
1695309064330 1.0 680000
1695309102491 1.0 684000
1695309138106 1.0 688000
1695309173218 1.0 692000
1695309207231 1.0 696000
1695309241649 1.0 700000
1695309278159 1.0 704000
1695309314308 1.0 708000
1695309350768 1.0 712000
1695309387620 1.0 716000
1695309422330 1.0 720000
1695309457174 1.0 724000
1695309489564 1.0 728000
1695309522334 1.0 732000
1695309555511 1.0 736000
1695309590372 1.0 740000
1695309624630 1.0 744000
1695309658601 1.0 748000
1695309692391 1.0 752000
1695309730490 1.0 756000
1695309765041 1.0 760000
1695309797529 1.0 764000
1695309829887 1.0 768000
1695309863454 1.0 772000
1695309897362 1.0 776000
1695309932726 1.0 780000
1695309969992 1.0 784000
1695310015879 1.0 788000
1695310052618 1.0 792000
1695310087792 1.0 796000
1695310125694 1.0 800000
1695310160798 1.0 804000
1695310197795 1.0 808000
1695310240386 1.0 812000
1695310277608 1.0 816000
1695310312717 1.0 820000
1695310348360 1.0 824000
1695310386701 1.0 828000
1695310421543 1.0 832000
1695310455212 1.0 836000
1695310494048 1.0 840000
1695310538748 1.0 844000
1695310575981 1.0 848000
1695310616919 1.0 852000
1695310655499 1.0 856000
1695310690362 1.0 860000
1695310724078 1.0 864000
1695310758966 1.0 868000
