1695303109742 300.0 4000
1695303138429 300.0 8000
1695303167564 300.0 12000
1695303196336 300.0 16000
1695303230404 300.0 20000
1695303262728 300.0 24000
1695303295873 300.0 28000
1695303328705 300.0 32000
1695303360598 300.0 36000
1695303392726 300.0 40000
1695303425090 300.0 44000
1695303456279 300.0 48000
1695303488002 300.0 52000
1695303518745 300.0 56000
1695303550457 300.0 60000
1695303581648 300.0 64000
1695303615386 300.0 68000
1695303648119 300.0 72000
1695303680790 300.0 76000
1695303712540 300.0 80000
1695303753741 300.0 84000
1695303786250 300.0 88000
1695303816979 300.0 92000
1695303852684 300.0 96000
1695303897868 300.0 100000
1695303939941 300.0 104000
1695303972667 300.0 108000
1695304013203 300.0 112000
1695304058379 300.0 116000
1695304101580 300.0 120000
1695304142343 300.0 124000
1695304192083 300.0 128000
1695304235765 300.0 132000
1695304278877 300.0 136000
1695304323132 300.0 140000
1695304364738 300.0 144000
1695304406615 300.0 148000
1695304450485 300.0 152000
1695304491950 300.0 156000
1695304533310 300.0 160000
1695304577752 300.0 164000
1695304622906 300.0 168000
1695304666385 300.0 172000
1695304711491 300.0 176000
1695304751071 300.0 180000
1695304788780 300.0 184000
1695304832581 300.0 188000
1695304872699 300.0 192000
1695304909421 300.0 196000
1695304945276 300.0 200000
1695304982362 300.0 204000
1695305025042 300.0 208000
1695305061270 300.0 212000
1695305097731 300.0 216000
1695305135900 300.0 220000
1695305173119 300.0 224000
1695305208329 300.0 228000
1695305242172 300.0 232000
1695305273019 300.0 236000
1695305303704 300.0 240000
1695305335052 300.0 244000
1695305365461 300.0 248000
1695305395894 300.0 252000
1695305426405 300.0 256000
1695305457142 300.0 260000
1695305487756 300.0 264000
1695305518418 300.0 268000
1695305548822 300.0 272000
1695305579522 300.0 276000
1695305610984 300.0 280000
1695305641309 300.0 284000
1695305672140 300.0 288000
1695305702383 300.0 292000
1695305733798 300.0 296000
1695305763973 300.0 300000
1695305794981 300.0 304000
1695305825387 300.0 308000
1695305856242 300.0 312000
1695305886503 300.0 316000
1695305917130 300.0 320000
1695305947616 300.0 324000
1695305978539 300.0 328000
1695306008698 300.0 332000
1695306039560 300.0 336000
1695306070927 300.0 340000
1695306101832 300.0 344000
1695306132295 300.0 348000
1695306162921 300.0 352000
1695306193411 300.0 356000
1695306224333 300.0 360000
1695306254749 300.0 364000
1695306287168 300.0 368000
1695306318535 300.0 372000
1695306351113 300.0 376000
1695306382560 300.0 380000
1695306417695 300.0 384000
1695306452258 300.0 388000
1695306486501 300.0 392000
1695306519947 300.0 396000
1695306554123 300.0 400000
1695306586126 300.0 404000
1695306620831 300.0 408000
1695306653723 300.0 412000
1695306687420 300.0 416000
1695306720504 300.0 420000
1695306752976 300.0 424000
1695306786128 300.0 428000
1695306823448 300.0 432000
1695306860252 300.0 436000
1695306893597 300.0 440000
1695306927075 300.0 444000
1695306961148 300.0 448000
1695306995366 300.0 452000
1695307028968 300.0 456000
1695307061208 300.0 460000
1695307093422 300.0 464000
1695307128236 300.0 468000
1695307160956 300.0 472000
1695307193785 300.0 476000
1695307226942 300.0 480000
1695307261352 300.0 484000
1695307295820 300.0 488000
1695307328614 300.0 492000
1695307362244 300.0 496000
1695307398584 300.0 500000
1695307433830 300.0 504000
1695307466867 300.0 508000
1695307502363 300.0 512000
1695307540929 300.0 516000
1695307575817 300.0 520000
1695307615244 300.0 524000
1695307652964 300.0 528000
1695307689029 300.0 532000
1695307724803 300.0 536000
1695307759432 300.0 540000
1695307803686 300.0 544000
1695307846260 300.0 548000
1695307880742 300.0 552000
1695307919669 300.0 556000
1695307956841 300.0 560000
1695307994913 300.0 564000
1695308028066 300.0 568000
1695308062939 300.0 572000
1695308098141 300.0 576000
1695308132158 300.0 580000
1695308167266 300.0 584000
1695308204656 300.0 588000
1695308240270 300.0 592000
1695308275317 300.0 596000
1695308317682 300.0 600000
1695308353452 300.0 604000
1695308394806 300.0 608000
1695308433172 300.0 612000
1695308469801 300.0 616000
1695308516233 300.0 620000
1695308552810 300.0 624000
1695308589994 300.0 628000
1695308629776 300.0 632000
1695308665840 300.0 636000
1695308704014 300.0 640000
1695308741079 300.0 644000
1695308776490 300.0 648000
1695308813169 300.0 652000
1695308854554 300.0 656000
1695308889210 300.0 660000
1695308922305 300.0 664000
1695308955679 300.0 668000
1695308990697 300.0 672000
1695309025634 300.0 676000
1695309064332 300.0 680000
1695309102493 300.0 684000
1695309138107 300.0 688000
1695309173219 300.0 692000
1695309207232 300.0 696000
1695309241650 300.0 700000
1695309278160 300.0 704000
1695309314309 300.0 708000
1695309350769 300.0 712000
1695309387621 300.0 716000
1695309422331 300.0 720000
1695309457176 300.0 724000
1695309489565 300.0 728000
1695309522335 300.0 732000
1695309555512 300.0 736000
1695309590373 300.0 740000
1695309624631 300.0 744000
1695309658602 300.0 748000
1695309692392 300.0 752000
1695309730491 300.0 756000
1695309765042 300.0 760000
1695309797530 300.0 764000
1695309829888 300.0 768000
1695309863455 300.0 772000
1695309897363 300.0 776000
1695309932727 300.0 780000
1695309969993 300.0 784000
1695310015880 300.0 788000
1695310052619 300.0 792000
1695310087793 300.0 796000
1695310125696 300.0 800000
1695310160799 300.0 804000
1695310197796 300.0 808000
1695310240387 300.0 812000
1695310277609 300.0 816000
1695310312718 300.0 820000
1695310348361 300.0 824000
1695310386703 300.0 828000
1695310421544 300.0 832000
1695310455213 300.0 836000
1695310494050 300.0 840000
1695310538749 300.0 844000
1695310575982 300.0 848000
1695310616921 300.0 852000
1695310655500 300.0 856000
1695310690363 300.0 860000
1695310724079 300.0 864000
1695310758967 300.0 868000
