1695303109741 1.0 4000
1695303138428 1.0 8000
1695303167563 1.0 12000
1695303196335 1.0 16000
1695303230404 1.0 20000
1695303262727 1.0 24000
1695303295873 1.0 28000
1695303328705 1.0 32000
1695303360598 1.0 36000
1695303392725 1.0 40000
1695303425090 1.0 44000
1695303456278 1.0 48000
1695303488002 1.0 52000
1695303518745 1.0 56000
1695303550457 1.0 60000
1695303581647 1.0 64000
1695303615386 1.0 68000
1695303648119 1.0 72000
1695303680790 1.0 76000
1695303712539 1.0 80000
1695303753741 1.0 84000
1695303786250 1.0 88000
1695303816979 1.0 92000
1695303852683 1.0 96000
1695303897866 1.0 100000
1695303939941 1.0 104000
1695303972666 1.0 108000
1695304013203 1.0 112000
1695304058379 1.0 116000
1695304101580 1.0 120000
1695304142342 1.0 124000
1695304192083 1.0 128000
1695304235764 1.0 132000
1695304278877 1.0 136000
1695304323132 1.0 140000
1695304364737 1.0 144000
1695304406614 1.0 148000
1695304450484 1.0 152000
1695304491949 1.0 156000
1695304533309 1.0 160000
1695304577751 1.0 164000
1695304622906 1.0 168000
1695304666384 1.0 172000
1695304711491 1.0 176000
1695304751070 1.0 180000
1695304788779 1.0 184000
1695304832580 1.0 188000
1695304872698 1.0 192000
1695304909420 1.0 196000
1695304945275 1.0 200000
1695304982362 1.0 204000
1695305025042 1.0 208000
1695305061269 1.0 212000
1695305097731 1.0 216000
1695305135900 1.0 220000
1695305173118 1.0 224000
1695305208329 1.0 228000
1695305242171 1.0 232000
1695305273018 1.0 236000
1695305303704 1.0 240000
1695305335051 1.0 244000
1695305365460 1.0 248000
1695305395894 1.0 252000
1695305426405 1.0 256000
1695305457142 1.0 260000
1695305487756 1.0 264000
1695305518418 1.0 268000
1695305548821 1.0 272000
1695305579522 1.0 276000
1695305610983 1.0 280000
1695305641309 1.0 284000
1695305672140 1.0 288000
1695305702383 1.0 292000
1695305733797 1.0 296000
1695305763973 1.0 300000
1695305794981 1.0 304000
1695305825387 1.0 308000
1695305856242 1.0 312000
1695305886502 1.0 316000
1695305917129 1.0 320000
1695305947616 1.0 324000
1695305978538 1.0 328000
1695306008697 1.0 332000
1695306039560 1.0 336000
1695306070927 1.0 340000
1695306101832 1.0 344000
1695306132294 1.0 348000
1695306162921 1.0 352000
1695306193410 1.0 356000
1695306224332 1.0 360000
1695306254748 1.0 364000
1695306287168 1.0 368000
1695306318535 1.0 372000
1695306351113 1.0 376000
1695306382559 1.0 380000
1695306417695 1.0 384000
1695306452257 1.0 388000
1695306486500 1.0 392000
1695306519946 1.0 396000
1695306554123 1.0 400000
1695306586125 1.0 404000
1695306620830 1.0 408000
1695306653722 1.0 412000
1695306687420 1.0 416000
1695306720504 1.0 420000
1695306752976 1.0 424000
1695306786127 1.0 428000
1695306823448 1.0 432000
1695306860252 1.0 436000
1695306893597 1.0 440000
1695306927075 1.0 444000
1695306961148 1.0 448000
1695306995365 1.0 452000
1695307028968 1.0 456000
1695307061207 1.0 460000
1695307093422 1.0 464000
1695307128235 1.0 468000
1695307160955 1.0 472000
1695307193785 1.0 476000
1695307226942 1.0 480000
1695307261352 1.0 484000
1695307295820 1.0 488000
1695307328613 1.0 492000
1695307362244 1.0 496000
1695307398583 1.0 500000
1695307433830 1.0 504000
1695307466866 1.0 508000
1695307502363 1.0 512000
1695307540929 1.0 516000
1695307575816 1.0 520000
1695307615243 1.0 524000
1695307652963 1.0 528000
1695307689029 1.0 532000
1695307724803 1.0 536000
1695307759431 1.0 540000
1695307803686 1.0 544000
1695307846259 1.0 548000
1695307880742 1.0 552000
1695307919668 1.0 556000
1695307956841 1.0 560000
1695307994912 1.0 564000
1695308028066 1.0 568000
1695308062939 1.0 572000
1695308098141 1.0 576000
1695308132157 1.0 580000
1695308167266 1.0 584000
1695308204656 1.0 588000
1695308240269 1.0 592000
1695308275317 1.0 596000
1695308317681 1.0 600000
1695308353451 1.0 604000
1695308394806 1.0 608000
1695308433171 1.0 612000
1695308469801 1.0 616000
1695308516233 1.0 620000
1695308552810 1.0 624000
1695308589994 1.0 628000
1695308629775 1.0 632000
1695308665839 1.0 636000
1695308704014 1.0 640000
1695308741079 1.0 644000
1695308776490 1.0 648000
1695308813169 1.0 652000
1695308854554 1.0 656000
1695308889209 1.0 660000
1695308922304 1.0 664000
1695308955679 1.0 668000
1695308990696 1.0 672000
1695309025634 1.0 676000
1695309064331 1.0 680000
1695309102492 1.0 684000
1695309138106 1.0 688000
1695309173219 1.0 692000
1695309207231 1.0 696000
1695309241650 1.0 700000
1695309278160 1.0 704000
1695309314309 1.0 708000
1695309350769 1.0 712000
1695309387620 1.0 716000
1695309422331 1.0 720000
1695309457175 1.0 724000
1695309489564 1.0 728000
1695309522335 1.0 732000
1695309555512 1.0 736000
1695309590372 1.0 740000
1695309624631 1.0 744000
1695309658602 1.0 748000
1695309692392 1.0 752000
1695309730491 1.0 756000
1695309765042 1.0 760000
1695309797529 1.0 764000
1695309829887 1.0 768000
1695309863455 1.0 772000
1695309897362 1.0 776000
1695309932727 1.0 780000
1695309969993 1.0 784000
1695310015880 1.0 788000
1695310052619 1.0 792000
1695310087792 1.0 796000
1695310125695 1.0 800000
1695310160799 1.0 804000
1695310197796 1.0 808000
1695310240387 1.0 812000
1695310277609 1.0 816000
1695310312718 1.0 820000
1695310348361 1.0 824000
1695310386702 1.0 828000
1695310421544 1.0 832000
1695310455213 1.0 836000
1695310494049 1.0 840000
1695310538748 1.0 844000
1695310575981 1.0 848000
1695310616921 1.0 852000
1695310655499 1.0 856000
1695310690363 1.0 860000
1695310724078 1.0 864000
1695310758966 1.0 868000
