1695303109724 1.345 4000
1695303138412 1.345 8000
1695303167546 1.345 12000
1695303196317 1.345 16000
1695303230384 1.345 20000
1695303262710 1.032 24000
1695303295855 0.9259999999999999 28000
1695303328688 1.3399999999999999 32000
1695303360580 1.3399999999999999 36000
1695303392707 1.3399999999999999 40000
1695303425073 1.3399999999999999 44000
1695303456261 1.351 48000
1695303487985 1.351 52000
1695303518728 1.351 56000
1695303550440 0.9369999999999999 60000
1695303581630 1.331 64000
1695303615368 1.331 68000
1695303648102 1.329 72000
1695303680773 0.939 76000
1695303712522 1.455 80000
1695303753723 1.438 84000
1695303786233 0.973 88000
1695303816961 0.97 92000
1695303852662 0.973 96000
1695303897826 0.961 100000
1695303939923 1.466 104000
1695303972647 0.978 108000
1695304013182 0.976 112000
1695304058356 0.97 116000
1695304101560 0.981 120000
1695304142322 1.4180000000000001 124000
1695304192057 1.4729999999999999 128000
1695304235742 0.976 132000
1695304278853 0.976 136000
1695304323109 0.978 140000
1695304364716 1.475 144000
1695304406590 0.985 148000
1695304450462 1.413 152000
1695304491929 0.976 156000
1695304533288 1.37 160000
1695304577730 0.979 164000
1695304622883 1.416 168000
1695304666364 1.454 172000
1695304711474 0.974 176000
1695304751051 0.976 180000
1695304788759 0.976 184000
1695304832563 1.4409999999999998 188000
1695304872678 0.982 192000
1695304909401 0.979 196000
1695304945257 0.978 200000
1695304982343 1.45 204000
1695305025021 1.459 208000
1695305061251 1.451 212000
1695305097710 0.981 216000
1695305135881 0.981 220000
1695305173099 0.973 224000
1695305208310 0.973 228000
1695305242155 0.972 232000
1695305273002 1.467 236000
1695305303685 1.401 240000
1695305335035 0.976 244000
1695305365443 0.973 248000
1695305395878 1.466 252000
1695305426387 0.978 256000
1695305457126 0.972 260000
1695305487739 0.979 264000
1695305518402 0.974 268000
1695305548804 1.4689999999999999 272000
1695305579507 1.4369999999999998 276000
1695305610967 0.982 280000
1695305641293 0.978 284000
1695305672125 1.463 288000
1695305702366 1.47 292000
1695305733781 0.97 296000
1695305763955 1.462 300000
1695305794965 0.973 304000
1695305825371 0.976 308000
1695305856226 0.975 312000
1695305886487 1.415 316000
1695305917113 0.976 320000
1695305947599 1.4569999999999999 324000
1695305978523 0.978 328000
1695306008681 0.972 332000
1695306039544 0.974 336000
1695306070911 0.978 340000
1695306101815 1.463 344000
1695306132278 0.976 348000
1695306162904 0.975 352000
1695306193394 1.424 356000
1695306224316 1.471 360000
1695306254732 0.976 364000
1695306287152 0.976 368000
1695306318518 0.975 372000
1695306351090 0.976 376000
1695306382543 0.978 380000
1695306417676 0.976 384000
1695306452229 0.972 388000
1695306486482 1.471 392000
1695306519930 0.976 396000
1695306554104 0.974 400000
1695306586108 0.979 404000
1695306620812 0.976 408000
1695306653706 0.97 412000
1695306687401 0.976 416000
1695306720487 0.979 420000
1695306752959 1.468 424000
1695306786111 0.974 428000
1695306823421 0.975 432000
1695306860234 1.444 436000
1695306893580 1.466 440000
1695306927056 0.976 444000
1695306961130 0.964 448000
1695306995348 1.456 452000
1695307028951 0.976 456000
1695307061190 1.4489999999999998 460000
1695307093404 0.975 464000
1695307128218 0.973 468000
1695307160937 0.974 472000
1695307193768 0.982 476000
1695307226923 0.974 480000
1695307261334 0.98 484000
1695307295803 0.975 488000
1695307328596 0.976 492000
1695307362226 0.967 496000
1695307398564 0.979 500000
1695307433814 0.975 504000
1695307466847 0.976 508000
1695307502343 0.975 512000
1695307540909 0.97 516000
1695307575799 0.982 520000
1695307615223 0.973 524000
1695307652946 0.969 528000
1695307689011 0.975 532000
1695307724785 0.978 536000
1695307759414 0.979 540000
1695307803659 0.972 544000
1695307846242 1.47 548000
1695307880722 1.466 552000
1695307919650 0.972 556000
1695307956820 0.976 560000
1695307994895 0.974 564000
1695308028048 0.969 568000
1695308062921 0.982 572000
1695308098123 0.973 576000
1695308132139 0.976 580000
1695308167248 0.976 584000
1695308204636 1.4689999999999999 588000
1695308240252 0.979 592000
1695308275297 0.971 596000
1695308317662 0.965 600000
1695308353432 0.976 604000
1695308394784 0.976 608000
1695308433154 0.975 612000
1695308469780 0.975 616000
1695308516213 1.447 620000
1695308552791 0.972 624000
1695308589973 0.97 628000
1695308629756 0.976 632000
1695308665814 0.968 636000
1695308703993 1.4729999999999999 640000
1695308741061 1.464 644000
1695308776472 0.968 648000
1695308813147 0.974 652000
1695308854537 0.973 656000
1695308889192 1.475 660000
1695308922287 0.979 664000
1695308955661 0.968 668000
1695308990677 0.972 672000
1695309025612 0.968 676000
1695309064310 0.969 680000
1695309102473 0.978 684000
1695309138087 0.981 688000
1695309173201 0.975 692000
1695309207213 0.973 696000
1695309241633 1.472 700000
1695309278141 0.979 704000
1695309314288 1.468 708000
1695309350752 0.973 712000
1695309387602 0.975 716000
1695309422314 0.979 720000
1695309457158 0.976 724000
1695309489548 0.976 728000
1695309522318 1.4609999999999999 732000
1695309555494 1.456 736000
1695309590354 0.97 740000
1695309624613 0.975 744000
1695309658584 0.976 748000
1695309692375 0.965 752000
1695309730470 0.97 756000
1695309765024 1.46 760000
1695309797513 0.976 764000
1695309829870 0.979 768000
1695309863438 0.976 772000
1695309897344 0.976 776000
1695309932709 0.972 780000
1695309969974 0.976 784000
1695310015862 0.976 788000
1695310052600 0.979 792000
1695310087773 0.975 796000
1695310125676 0.969 800000
1695310160782 0.976 804000
1695310197776 0.973 808000
1695310240367 0.97 812000
1695310277591 1.468 816000
1695310312700 1.447 820000
1695310348341 0.976 824000
1695310386676 1.451 828000
1695310421528 0.976 832000
1695310455194 0.976 836000
1695310494030 0.975 840000
1695310538731 1.479 844000
1695310575963 0.975 848000
1695310616894 0.976 852000
1695310655482 0.976 856000
1695310690345 0.969 860000
1695310724061 0.969 864000
1695310758949 0.974 868000
