1695303109723 0.7669999999999999 4000
1695303138411 1.2429999999999999 8000
1695303167546 1.2429999999999999 12000
1695303196317 1.357 16000
1695303230383 1.357 20000
1695303262710 1.357 24000
1695303295855 1.357 28000
1695303328687 1.374 32000
1695303360579 1.374 36000
1695303392707 1.374 40000
1695303425073 1.374 44000
1695303456260 1.439 48000
1695303487984 1.4409999999999998 52000
1695303518728 1.443 56000
1695303550440 1.443 60000
1695303581630 1.464 64000
1695303615367 1.464 68000
1695303648102 1.435 72000
1695303680773 1.464 76000
1695303712522 1.4729999999999999 80000
1695303753722 1.47 84000
1695303786232 1.476 88000
1695303816960 1.4609999999999999 92000
1695303852661 1.4729999999999999 96000
1695303897825 1.4689999999999999 100000
1695303939923 1.4729999999999999 104000
1695303972647 1.4729999999999999 108000
1695304013181 1.476 112000
1695304058355 1.4729999999999999 116000
1695304101559 1.479 120000
1695304142322 1.4729999999999999 124000
1695304192056 1.476 128000
1695304235741 1.476 132000
1695304278853 1.4729999999999999 136000
1695304323109 1.476 140000
1695304364715 1.476 144000
1695304406590 1.476 148000
1695304450461 1.479 152000
1695304491929 1.479 156000
1695304533287 1.476 160000
1695304577730 1.476 164000
1695304622883 1.476 168000
1695304666363 1.476 172000
1695304711474 1.476 176000
1695304751050 1.476 180000
1695304788759 1.479 184000
1695304832563 1.476 188000
1695304872677 1.479 192000
1695304909400 1.476 196000
1695304945256 1.479 200000
1695304982342 1.479 204000
1695305025020 1.479 208000
1695305061250 1.479 212000
1695305097710 1.479 216000
1695305135880 1.4729999999999999 220000
1695305173098 1.479 224000
1695305208310 1.476 228000
1695305242154 1.479 232000
1695305273002 1.476 236000
1695305303685 1.479 240000
1695305335035 1.476 244000
1695305365443 1.476 248000
1695305395877 1.476 252000
1695305426387 1.476 256000
1695305457126 1.476 260000
1695305487738 1.476 264000
1695305518401 1.479 268000
1695305548804 1.479 272000
1695305579506 1.476 276000
1695305610966 1.476 280000
1695305641292 1.479 284000
1695305672124 1.476 288000
1695305702366 1.479 292000
1695305733780 1.479 296000
1695305763955 1.479 300000
1695305794964 1.476 304000
1695305825370 1.479 308000
1695305856225 1.479 312000
1695305886487 1.476 316000
1695305917113 1.479 320000
1695305947599 1.476 324000
1695305978523 1.479 328000
1695306008681 1.476 332000
1695306039543 1.476 336000
1695306070910 1.476 340000
1695306101815 1.479 344000
1695306132278 1.4729999999999999 348000
1695306162904 1.476 352000
1695306193394 1.479 356000
1695306224316 1.479 360000
1695306254732 1.479 364000
1695306287151 1.479 368000
1695306318518 1.476 372000
1695306351089 1.479 376000
1695306382543 1.479 380000
1695306417675 1.479 384000
1695306452229 1.476 388000
1695306486482 1.479 392000
1695306519930 1.476 396000
1695306554104 1.479 400000
1695306586108 1.479 404000
1695306620811 1.4729999999999999 408000
1695306653706 1.476 412000
1695306687401 1.479 416000
1695306720486 1.479 420000
1695306752959 1.479 424000
1695306786110 1.476 428000
1695306823420 1.4729999999999999 432000
1695306860234 1.479 436000
1695306893579 1.476 440000
1695306927055 1.476 444000
1695306961130 1.479 448000
1695306995348 1.476 452000
1695307028951 1.479 456000
1695307061190 1.479 460000
1695307093403 1.476 464000
1695307128218 1.479 468000
1695307160936 1.476 472000
1695307193767 1.479 476000
1695307226923 1.479 480000
1695307261334 1.479 484000
1695307295802 1.476 488000
1695307328596 1.479 492000
1695307362226 1.476 496000
1695307398563 1.479 500000
1695307433813 1.479 504000
1695307466847 1.479 508000
1695307502343 1.476 512000
1695307540909 1.479 516000
1695307575798 1.479 520000
1695307615223 1.479 524000
1695307652946 1.479 528000
1695307689010 1.479 532000
1695307724785 1.476 536000
1695307759413 1.476 540000
1695307803659 1.476 544000
1695307846241 1.479 548000
1695307880722 1.479 552000
1695307919650 1.476 556000
1695307956820 1.476 560000
1695307994894 1.476 564000
1695308028047 1.479 568000
1695308062920 1.479 572000
1695308098123 1.479 576000
1695308132138 1.479 580000
1695308167248 1.479 584000
1695308204635 1.479 588000
1695308240251 1.476 592000
1695308275297 1.476 596000
1695308317661 1.476 600000
1695308353432 1.479 604000
1695308394783 1.479 608000
1695308433154 1.479 612000
1695308469780 1.476 616000
1695308516213 1.476 620000
1695308552790 1.479 624000
1695308589972 1.479 628000
1695308629755 1.479 632000
1695308665813 1.476 636000
1695308703993 1.476 640000
1695308741061 1.476 644000
1695308776472 1.479 648000
1695308813147 1.479 652000
1695308854537 1.479 656000
1695308889191 1.479 660000
1695308922286 1.476 664000
1695308955661 1.479 668000
1695308990676 1.479 672000
1695309025612 1.479 676000
1695309064310 1.476 680000
1695309102473 1.479 684000
1695309138087 1.476 688000
1695309173201 1.476 692000
1695309207212 1.476 696000
1695309241632 1.476 700000
1695309278141 1.479 704000
1695309314288 1.479 708000
1695309350751 1.479 712000
1695309387602 1.479 716000
1695309422314 1.479 720000
1695309457158 1.479 724000
1695309489547 1.479 728000
1695309522318 1.479 732000
1695309555494 1.479 736000
1695309590353 1.479 740000
1695309624613 1.479 744000
1695309658584 1.479 748000
1695309692375 1.479 752000
1695309730470 1.479 756000
1695309765024 1.479 760000
1695309797512 1.476 764000
1695309829870 1.479 768000
1695309863437 1.476 772000
1695309897344 1.479 776000
1695309932709 1.479 780000
1695309969973 1.476 784000
1695310015861 1.479 788000
1695310052600 1.479 792000
1695310087773 1.479 796000
1695310125675 1.479 800000
1695310160782 1.479 804000
1695310197775 1.479 808000
1695310240367 1.479 812000
1695310277591 1.479 816000
1695310312699 1.479 820000
1695310348341 1.479 824000
1695310386675 1.479 828000
1695310421527 1.479 832000
1695310455194 1.479 836000
1695310494029 1.479 840000
1695310538731 1.476 844000
1695310575962 1.476 848000
1695310616893 1.479 852000
1695310655482 1.479 856000
1695310690345 1.479 860000
1695310724061 1.479 864000
1695310758949 1.479 868000
