1695136485619 0.844 4000
1695136522515 1.337 8000
1695136560451 1.337 12000
1695136594681 1.337 16000
1695136626319 1.337 20000
1695136659448 1.337 24000
1695136692934 1.142 28000
1695136726838 0.952 32000
1695136760595 1.033 36000
1695136795217 1.2029999999999998 40000
1695136829852 1.2029999999999998 44000
1695136863891 1.2029999999999998 48000
1695136896320 1.2810000000000001 52000
1695136932770 1.2810000000000001 56000
1695136966877 1.2810000000000001 60000
1695136999775 0.918 64000
1695137033471 0.918 68000
1695137066524 0.914 72000
1695137103801 1.175 76000
1695137142186 1.2959999999999998 80000
1695137179759 1.3940000000000001 84000
1695137217182 1.309 88000
1695137252680 1.309 92000
1695137286558 1.435 96000
1695137322180 1.435 100000
1695137356727 0.963 104000
1695137389756 0.907 108000
1695137421502 0.943 112000
1695137453466 1.232 116000
1695137486568 0.957 120000
1695137518819 0.855 124000
1695137552996 0.966 128000
1695137587511 0.97 132000
1695137620407 1.451 136000
1695137652406 0.976 140000
1695137685742 1.443 144000
1695137720451 1.4100000000000001 148000
1695137753151 0.974 152000
1695137785963 0.965 156000
1695137819436 0.487 160000
