1695136485618 1.237 4000
1695136522514 1.237 8000
1695136560450 1.237 12000
1695136594681 1.237 16000
1695136626318 1.237 20000
1695136659447 1.1139999999999999 24000
1695136692934 1.266 28000
1695136726837 1.266 32000
1695136760595 1.287 36000
1695136795217 1.3820000000000001 40000
1695136829852 1.385 44000
1695136863891 1.385 48000
1695136896320 1.385 52000
1695136932770 1.423 56000
1695136966877 1.442 60000
1695136999774 1.442 64000
1695137033471 1.442 68000
1695137066523 1.45 72000
1695137103801 1.45 76000
1695137142185 1.442 80000
1695137179759 1.4729999999999999 84000
1695137217182 1.4729999999999999 88000
1695137252680 1.451 92000
1695137286558 1.451 96000
1695137322179 1.47 100000
1695137356727 1.47 104000
1695137389756 1.467 108000
1695137421501 1.47 112000
1695137453466 1.47 116000
1695137486568 1.4689999999999999 120000
1695137518818 1.4689999999999999 124000
1695137552996 1.4729999999999999 128000
1695137587511 1.464 132000
1695137620407 1.47 136000
1695137652406 1.47 140000
1695137685742 1.4609999999999999 144000
1695137720451 1.467 148000
1695137753151 1.4729999999999999 152000
1695137785963 1.475 156000
1695137819435 1.467 160000
