1695303109730 0.0 4000
1695303138418 0.0 8000
1695303167552 0.0 12000
1695303196324 0.0 16000
1695303230391 0.0 20000
1695303262716 0.0 24000
1695303295862 0.0 28000
1695303328694 0.0 32000
1695303360586 0.0 36000
1695303392714 0.0 40000
1695303425079 1.0 44000
1695303456267 1.0 48000
1695303487991 0.0 52000
1695303518734 0.0 56000
1695303550446 0.0 60000
1695303581637 0.0 64000
1695303615375 0.0 68000
1695303648108 0.0 72000
1695303680779 0.0 76000
1695303712528 0.0 80000
1695303753729 0.0 84000
1695303786239 0.0 88000
1695303816967 0.0 92000
1695303852670 0.0 96000
1695303897842 0.0 100000
1695303939929 0.0 104000
1695303972654 0.0 108000
1695304013190 0.0 112000
1695304058364 0.0 116000
1695304101567 0.0 120000
1695304142330 0.0 124000
1695304192066 0.0 128000
1695304235750 0.0 132000
1695304278862 0.0 136000
1695304323117 0.0 140000
1695304364724 0.0 144000
1695304406599 0.0 148000
1695304450470 0.0 152000
1695304491936 0.0 156000
1695304533295 0.0 160000
1695304577738 0.0 164000
1695304622891 0.0 168000
1695304666371 0.0 172000
1695304711481 0.0 176000
1695304751058 0.0 180000
1695304788767 0.0 184000
1695304832570 0.0 188000
1695304872686 0.0 192000
1695304909408 0.0 196000
1695304945264 0.0 200000
1695304982350 0.0 204000
1695305025029 0.0 208000
1695305061258 0.0 212000
1695305097718 0.0 216000
1695305135888 0.0 220000
1695305173106 0.0 224000
1695305208317 0.0 228000
1695305242161 0.0 232000
1695305273008 0.0 236000
1695305303692 0.0 240000
1695305335041 0.0 244000
1695305365449 0.0 248000
1695305395883 0.0 252000
1695305426394 0.0 256000
1695305457132 0.0 260000
1695305487745 0.0 264000
1695305518407 0.0 268000
1695305548810 0.0 272000
1695305579512 0.0 276000
1695305610973 0.0 280000
1695305641299 0.0 284000
1695305672130 0.0 288000
1695305702372 0.0 292000
1695305733787 0.0 296000
1695305763962 0.0 300000
1695305794971 0.0 304000
1695305825376 0.0 308000
1695305856232 0.0 312000
1695305886493 0.0 316000
1695305917119 0.0 320000
1695305947606 0.0 324000
1695305978529 0.0 328000
1695306008687 0.0 332000
1695306039550 0.0 336000
1695306070917 0.0 340000
1695306101822 0.0 344000
1695306132284 0.0 348000
1695306162910 0.0 352000
1695306193400 0.0 356000
1695306224322 0.0 360000
1695306254738 0.0 364000
1695306287157 0.0 368000
1695306318524 0.0 372000
1695306351099 0.0 376000
1695306382549 0.0 380000
1695306417683 0.0 384000
1695306452239 0.0 388000
1695306486489 0.0 392000
1695306519936 0.0 396000
1695306554111 0.0 400000
1695306586115 0.0 404000
1695306620819 0.0 408000
1695306653712 0.0 412000
1695306687408 0.0 416000
1695306720493 0.0 420000
1695306752966 0.0 424000
1695306786117 0.0 428000
1695306823434 0.0 432000
1695306860241 0.0 436000
1695306893586 0.0 440000
1695306927063 0.0 444000
1695306961137 0.0 448000
1695306995355 0.0 452000
1695307028957 0.0 456000
1695307061196 0.0 460000
1695307093410 0.0 464000
1695307128224 0.0 468000
1695307160944 0.0 472000
1695307193774 0.0 476000
1695307226930 0.0 480000
1695307261341 0.0 484000
1695307295809 0.0 488000
1695307328603 0.0 492000
1695307362233 0.0 496000
1695307398571 0.0 500000
1695307433820 0.0 504000
1695307466854 0.0 508000
1695307502351 0.0 512000
1695307540916 0.0 516000
1695307575805 0.0 520000
1695307615230 0.0 524000
1695307652952 0.0 528000
1695307689018 0.0 532000
1695307724792 0.0 536000
1695307759421 0.0 540000
1695307803668 0.0 544000
1695307846248 0.0 548000
1695307880730 0.0 552000
1695307919657 0.0 556000
1695307956828 0.0 560000
1695307994901 0.0 564000
1695308028054 0.0 568000
1695308062928 0.0 572000
1695308098130 0.0 576000
1695308132146 0.0 580000
1695308167255 0.0 584000
1695308204643 0.0 588000
1695308240258 0.0 592000
1695308275305 0.0 596000
1695308317669 0.0 600000
1695308353439 0.0 604000
1695308394792 0.0 608000
1695308433160 0.0 612000
1695308469788 0.0 616000
1695308516220 0.0 620000
1695308552798 0.0 624000
1695308589981 0.0 628000
1695308629763 0.0 632000
1695308665824 0.0 636000
1695308704001 0.0 640000
1695308741068 0.0 644000
1695308776479 0.0 648000
1695308813155 0.0 652000
1695308854543 0.0 656000
1695308889198 0.0 660000
1695308922293 0.0 664000
1695308955668 0.0 668000
1695308990684 0.0 672000
1695309025620 0.0 676000
1695309064318 0.0 680000
1695309102480 0.0 684000
1695309138094 0.0 688000
1695309173208 0.0 692000
1695309207220 0.0 696000
1695309241639 0.0 700000
1695309278148 0.0 704000
1695309314296 0.0 708000
1695309350758 0.0 712000
1695309387609 0.0 716000
1695309422320 0.0 720000
1695309457164 0.0 724000
1695309489554 0.0 728000
1695309522325 0.0 732000
1695309555501 0.0 736000
1695309590361 0.0 740000
1695309624620 0.0 744000
1695309658591 0.0 748000
1695309692381 0.0 752000
1695309730478 0.0 756000
1695309765031 0.0 760000
1695309797519 0.0 764000
1695309829877 0.0 768000
1695309863444 0.0 772000
1695309897351 0.0 776000
1695309932716 0.0 780000
1695309969981 0.0 784000
1695310015869 0.0 788000
1695310052607 0.0 792000
1695310087780 0.0 796000
1695310125683 0.0 800000
1695310160788 0.0 804000
1695310197783 0.0 808000
1695310240375 0.0 812000
1695310277598 0.0 816000
1695310312707 0.0 820000
1695310348348 0.0 824000
1695310386687 0.0 828000
1695310421534 0.0 832000
1695310455201 0.0 836000
1695310494037 0.0 840000
1695310538738 0.0 844000
1695310575970 0.0 848000
1695310616903 0.0 852000
1695310655489 0.0 856000
1695310690352 0.0 860000
1695310724068 0.0 864000
1695310758955 0.0 868000
