1695303109729 0.0 4000
1695303138417 0.0 8000
1695303167551 0.0 12000
1695303196323 0.0 16000
1695303230390 0.0 20000
1695303262716 0.0 24000
1695303295861 0.0 28000
1695303328693 0.0 32000
1695303360586 0.0 36000
1695303392713 0.0 40000
1695303425079 0.01 44000
1695303456267 0.01 48000
1695303487990 0.0 52000
1695303518734 0.0 56000
1695303550445 0.0 60000
1695303581636 0.0 64000
1695303615374 0.0 68000
1695303648108 0.0 72000
1695303680779 0.0 76000
1695303712528 0.0 80000
1695303753728 0.0 84000
1695303786238 0.0 88000
1695303816967 0.0 92000
1695303852669 0.0 96000
1695303897840 0.0 100000
1695303939929 0.0 104000
1695303972653 0.0 108000
1695304013189 0.0 112000
1695304058363 0.0 116000
1695304101566 0.0 120000
1695304142329 0.0 124000
1695304192065 0.0 128000
1695304235749 0.0 132000
1695304278861 0.0 136000
1695304323116 0.0 140000
1695304364723 0.0 144000
1695304406598 0.0 148000
1695304450470 0.0 152000
1695304491936 0.0 156000
1695304533295 0.0 160000
1695304577737 0.0 164000
1695304622890 0.0 168000
1695304666370 0.0 172000
1695304711480 0.0 176000
1695304751057 0.0 180000
1695304788766 0.0 184000
1695304832569 0.0 188000
1695304872685 0.0 192000
1695304909407 0.0 196000
1695304945263 0.0 200000
1695304982349 0.0 204000
1695305025028 0.0 208000
1695305061257 0.0 212000
1695305097717 0.0 216000
1695305135887 0.0 220000
1695305173105 0.0 224000
1695305208316 0.0 228000
1695305242160 0.0 232000
1695305273007 0.0 236000
1695305303691 0.0 240000
1695305335040 0.0 244000
1695305365449 0.0 248000
1695305395883 0.0 252000
1695305426393 0.0 256000
1695305457131 0.0 260000
1695305487744 0.0 264000
1695305518407 0.0 268000
1695305548810 0.0 272000
1695305579512 0.0 276000
1695305610972 0.0 280000
1695305641298 0.0 284000
1695305672130 0.0 288000
1695305702372 0.0 292000
1695305733786 0.0 296000
1695305763961 0.0 300000
1695305794970 0.0 304000
1695305825376 0.0 308000
1695305856231 0.0 312000
1695305886492 0.0 316000
1695305917119 0.0 320000
1695305947605 0.0 324000
1695305978528 0.0 328000
1695306008686 0.0 332000
1695306039549 0.0 336000
1695306070916 0.0 340000
1695306101821 0.0 344000
1695306132284 0.0 348000
1695306162910 0.0 352000
1695306193399 0.0 356000
1695306224322 0.0 360000
1695306254737 0.0 364000
1695306287157 0.0 368000
1695306318524 0.0 372000
1695306351098 0.0 376000
1695306382548 0.0 380000
1695306417682 0.0 384000
1695306452238 0.0 388000
1695306486488 0.0 392000
1695306519936 0.0 396000
1695306554110 0.0 400000
1695306586114 0.0 404000
1695306620818 0.0 408000
1695306653711 0.0 412000
1695306687407 0.0 416000
1695306720492 0.0 420000
1695306752965 0.0 424000
1695306786116 0.0 428000
1695306823432 0.0 432000
1695306860240 0.0 436000
1695306893585 0.0 440000
1695306927062 0.0 444000
1695306961136 0.0 448000
1695306995354 0.0 452000
1695307028957 0.0 456000
1695307061196 0.0 460000
1695307093410 0.0 464000
1695307128224 0.0 468000
1695307160943 0.0 472000
1695307193773 0.0 476000
1695307226929 0.0 480000
1695307261340 0.0 484000
1695307295808 0.0 488000
1695307328602 0.0 492000
1695307362232 0.0 496000
1695307398570 0.0 500000
1695307433819 0.0 504000
1695307466854 0.0 508000
1695307502350 0.0 512000
1695307540916 0.0 516000
1695307575804 0.0 520000
1695307615230 0.0 524000
1695307652952 0.0 528000
1695307689017 0.0 532000
1695307724791 0.0 536000
1695307759420 0.0 540000
1695307803667 0.0 544000
1695307846248 0.0 548000
1695307880729 0.0 552000
1695307919656 0.0 556000
1695307956827 0.0 560000
1695307994900 0.0 564000
1695308028054 0.0 568000
1695308062927 0.0 572000
1695308098129 0.0 576000
1695308132145 0.0 580000
1695308167254 0.0 584000
1695308204642 0.0 588000
1695308240258 0.0 592000
1695308275304 0.0 596000
1695308317668 0.0 600000
1695308353439 0.0 604000
1695308394791 0.0 608000
1695308433160 0.0 612000
1695308469787 0.0 616000
1695308516219 0.0 620000
1695308552797 0.0 624000
1695308589980 0.0 628000
1695308629762 0.0 632000
1695308665823 0.0 636000
1695308704000 0.0 640000
1695308741067 0.0 644000
1695308776478 0.0 648000
1695308813154 0.0 652000
1695308854543 0.0 656000
1695308889198 0.0 660000
1695308922293 0.0 664000
1695308955667 0.0 668000
1695308990683 0.0 672000
1695309025619 0.0 676000
1695309064317 0.0 680000
1695309102479 0.0 684000
1695309138093 0.0 688000
1695309173207 0.0 692000
1695309207219 0.0 696000
1695309241638 0.0 700000
1695309278147 0.0 704000
1695309314295 0.0 708000
1695309350757 0.0 712000
1695309387608 0.0 716000
1695309422319 0.0 720000
1695309457164 0.0 724000
1695309489553 0.0 728000
1695309522324 0.0 732000
1695309555500 0.0 736000
1695309590360 0.0 740000
1695309624619 0.0 744000
1695309658590 0.0 748000
1695309692381 0.0 752000
1695309730477 0.0 756000
1695309765030 0.0 760000
1695309797518 0.0 764000
1695309829876 0.0 768000
1695309863443 0.0 772000
1695309897350 0.0 776000
1695309932715 0.0 780000
1695309969980 0.0 784000
1695310015868 0.0 788000
1695310052606 0.0 792000
1695310087779 0.0 796000
1695310125682 0.0 800000
1695310160788 0.0 804000
1695310197782 0.0 808000
1695310240374 0.0 812000
1695310277597 0.0 816000
1695310312706 0.0 820000
1695310348348 0.0 824000
1695310386686 0.0 828000
1695310421533 0.0 832000
1695310455200 0.0 836000
1695310494036 0.0 840000
1695310538737 0.0 844000
1695310575969 0.0 848000
1695310616902 0.0 852000
1695310655488 0.0 856000
1695310690351 0.0 860000
1695310724067 0.0 864000
1695310758955 0.0 868000
