1695303109731 1.0 4000
1695303138419 1.0 8000
1695303167553 1.0 12000
1695303196325 1.0 16000
1695303230393 1.0 20000
1695303262717 1.0 24000
1695303295863 1.0 28000
1695303328695 1.0 32000
1695303360587 1.0 36000
1695303392715 1.0 40000
1695303425080 1.0 44000
1695303456269 1.0 48000
1695303487992 1.0 52000
1695303518736 1.0 56000
1695303550447 1.0 60000
1695303581638 1.0 64000
1695303615376 1.0 68000
1695303648110 1.0 72000
1695303680780 1.0 76000
1695303712529 1.0 80000
1695303753731 1.0 84000
1695303786240 1.0 88000
1695303816968 1.0 92000
1695303852671 1.0 96000
1695303897844 1.0 100000
1695303939931 1.0 104000
1695303972655 1.0 108000
1695304013191 1.0 112000
1695304058366 1.0 116000
1695304101569 1.0 120000
1695304142331 1.0 124000
1695304192068 1.0 128000
1695304235751 1.0 132000
1695304278864 1.0 136000
1695304323119 1.0 140000
1695304364725 1.0 144000
1695304406601 1.0 148000
1695304450472 1.0 152000
1695304491938 1.0 156000
1695304533297 1.0 160000
1695304577739 1.0 164000
1695304622893 1.0 168000
1695304666373 1.0 172000
1695304711482 1.0 176000
1695304751059 1.0 180000
1695304788768 1.0 184000
1695304832571 1.0 188000
1695304872687 1.0 192000
1695304909409 1.0 196000
1695304945265 1.0 200000
1695304982351 1.0 204000
1695305025030 1.0 208000
1695305061259 1.0 212000
1695305097719 1.0 216000
1695305135889 1.0 220000
1695305173107 1.0 224000
1695305208318 1.0 228000
1695305242162 1.0 232000
1695305273009 1.0 236000
1695305303693 1.0 240000
1695305335042 1.0 244000
1695305365451 1.0 248000
1695305395884 1.0 252000
1695305426395 1.0 256000
1695305457133 1.0 260000
1695305487746 1.0 264000
1695305518409 1.0 268000
1695305548812 1.0 272000
1695305579513 1.0 276000
1695305610974 1.0 280000
1695305641300 1.0 284000
1695305672131 1.0 288000
1695305702373 1.0 292000
1695305733788 1.0 296000
1695305763963 1.0 300000
1695305794972 1.0 304000
1695305825378 1.0 308000
1695305856233 1.0 312000
1695305886494 1.0 316000
1695305917120 1.0 320000
1695305947607 1.0 324000
1695305978530 1.0 328000
1695306008688 1.0 332000
1695306039551 1.0 336000
1695306070918 1.0 340000
1695306101823 1.0 344000
1695306132285 1.0 348000
1695306162911 1.0 352000
1695306193401 1.0 356000
1695306224323 1.0 360000
1695306254739 1.0 364000
1695306287158 1.0 368000
1695306318525 1.0 372000
1695306351101 1.0 376000
1695306382550 1.0 380000
1695306417684 1.0 384000
1695306452241 1.0 388000
1695306486490 1.0 392000
1695306519937 1.0 396000
1695306554112 1.0 400000
1695306586116 1.0 404000
1695306620820 1.0 408000
1695306653713 1.0 412000
1695306687409 1.0 416000
1695306720494 1.0 420000
1695306752967 1.0 424000
1695306786118 1.0 428000
1695306823436 1.0 432000
1695306860242 1.0 436000
1695306893587 1.0 440000
1695306927064 1.0 444000
1695306961138 1.0 448000
1695306995356 1.0 452000
1695307028958 1.0 456000
1695307061198 1.0 460000
1695307093412 1.0 464000
1695307128225 1.0 468000
1695307160945 1.0 472000
1695307193775 1.0 476000
1695307226931 1.0 480000
1695307261342 1.0 484000
1695307295810 1.0 488000
1695307328604 1.0 492000
1695307362234 1.0 496000
1695307398572 1.0 500000
1695307433821 1.0 504000
1695307466856 1.0 508000
1695307502352 1.0 512000
1695307540918 1.0 516000
1695307575806 1.0 520000
1695307615232 1.0 524000
1695307652954 1.0 528000
1695307689019 1.0 532000
1695307724793 1.0 536000
1695307759422 1.0 540000
1695307803670 1.0 544000
1695307846249 1.0 548000
1695307880731 1.0 552000
1695307919658 1.0 556000
1695307956829 1.0 560000
1695307994902 1.0 564000
1695308028056 1.0 568000
1695308062929 1.0 572000
1695308098131 1.0 576000
1695308132147 1.0 580000
1695308167256 1.0 584000
1695308204644 1.0 588000
1695308240259 1.0 592000
1695308275306 1.0 596000
1695308317670 1.0 600000
1695308353441 1.0 604000
1695308394794 1.0 608000
1695308433162 1.0 612000
1695308469789 1.0 616000
1695308516222 1.0 620000
1695308552799 1.0 624000
1695308589982 1.0 628000
1695308629764 1.0 632000
1695308665826 1.0 636000
1695308704002 1.0 640000
1695308741069 1.0 644000
1695308776480 1.0 648000
1695308813157 1.0 652000
1695308854544 1.0 656000
1695308889199 1.0 660000
1695308922295 1.0 664000
1695308955669 1.0 668000
1695308990685 1.0 672000
1695309025621 1.0 676000
1695309064319 1.0 680000
1695309102481 1.0 684000
1695309138095 1.0 688000
1695309173209 1.0 692000
1695309207221 1.0 696000
1695309241640 1.0 700000
1695309278149 1.0 704000
1695309314297 1.0 708000
1695309350759 1.0 712000
1695309387610 1.0 716000
1695309422321 1.0 720000
1695309457165 1.0 724000
1695309489555 1.0 728000
1695309522326 1.0 732000
1695309555502 1.0 736000
1695309590362 1.0 740000
1695309624621 1.0 744000
1695309658592 1.0 748000
1695309692382 1.0 752000
1695309730479 1.0 756000
1695309765032 1.0 760000
1695309797520 1.0 764000
1695309829878 1.0 768000
1695309863445 1.0 772000
1695309897352 1.0 776000
1695309932717 1.0 780000
1695309969982 1.0 784000
1695310015870 1.0 788000
1695310052608 1.0 792000
1695310087781 1.0 796000
1695310125684 1.0 800000
1695310160789 1.0 804000
1695310197784 1.0 808000
1695310240376 1.0 812000
1695310277599 1.0 816000
1695310312708 1.0 820000
1695310348350 1.0 824000
1695310386688 1.0 828000
1695310421535 1.0 832000
1695310455202 1.0 836000
1695310494038 1.0 840000
1695310538739 1.0 844000
1695310575971 1.0 848000
1695310616905 1.0 852000
1695310655490 1.0 856000
1695310690353 1.0 860000
1695310724069 1.0 864000
1695310758957 1.0 868000
