1695303109733 0.0 4000
1695303138420 0.0 8000
1695303167555 0.0 12000
1695303196327 0.0 16000
1695303230395 0.0 20000
1695303262719 0.0 24000
1695303295865 0.0 28000
1695303328697 0.0 32000
1695303360589 0.0 36000
1695303392717 0.0 40000
1695303425082 0.0 44000
1695303456270 0.0 48000
1695303487994 0.0 52000
1695303518737 0.0 56000
1695303550449 0.0 60000
1695303581640 0.0 64000
1695303615378 0.0 68000
1695303648111 0.0 72000
1695303680782 0.0 76000
1695303712531 0.0 80000
1695303753733 0.0 84000
1695303786242 0.0 88000
1695303816970 0.0 92000
1695303852674 0.0 96000
1695303897849 0.0 100000
1695303939932 0.0 104000
1695303972657 0.0 108000
1695304013193 0.0 112000
1695304058368 0.0 116000
1695304101571 0.0 120000
1695304142333 0.0 124000
1695304192071 0.0 128000
1695304235754 0.0 132000
1695304278866 0.0 136000
1695304323121 0.0 140000
1695304364727 0.0 144000
1695304406603 0.0 148000
1695304450474 0.0 152000
1695304491940 0.0 156000
1695304533299 0.0 160000
1695304577742 0.0 164000
1695304622895 0.0 168000
1695304666375 0.0 172000
1695304711483 0.0 176000
1695304751061 0.0 180000
1695304788771 0.0 184000
1695304832573 0.0 188000
1695304872689 0.0 192000
1695304909411 0.0 196000
1695304945267 0.0 200000
1695304982353 0.0 204000
1695305025032 0.0 208000
1695305061261 0.0 212000
1695305097722 0.0 216000
1695305135891 0.0 220000
1695305173109 0.0 224000
1695305208320 0.0 228000
1695305242163 0.0 232000
1695305273011 0.0 236000
1695305303695 0.0 240000
1695305335044 0.0 244000
1695305365452 0.0 248000
1695305395886 0.0 252000
1695305426397 0.0 256000
1695305457135 0.0 260000
1695305487748 0.0 264000
1695305518410 0.0 268000
1695305548813 0.0 272000
1695305579515 0.0 276000
1695305610976 0.0 280000
1695305641302 0.0 284000
1695305672133 0.0 288000
1695305702375 0.0 292000
1695305733790 0.0 296000
1695305763965 0.0 300000
1695305794974 0.0 304000
1695305825379 0.0 308000
1695305856235 0.0 312000
1695305886496 0.0 316000
1695305917122 0.0 320000
1695305947608 0.0 324000
1695305978531 0.0 328000
1695306008690 0.0 332000
1695306039553 0.0 336000
1695306070920 0.0 340000
1695306101824 0.0 344000
1695306132287 0.0 348000
1695306162913 0.0 352000
1695306193403 0.0 356000
1695306224325 0.0 360000
1695306254741 0.0 364000
1695306287160 0.0 368000
1695306318527 0.0 372000
1695306351103 0.0 376000
1695306382552 0.0 380000
1695306417686 0.0 384000
1695306452244 0.0 388000
1695306486492 0.0 392000
1695306519939 0.0 396000
1695306554114 0.0 400000
1695306586118 0.0 404000
1695306620822 0.0 408000
1695306653715 0.0 412000
1695306687411 0.0 416000
1695306720496 0.0 420000
1695306752969 0.0 424000
1695306786120 0.0 428000
1695306823439 0.0 432000
1695306860244 0.0 436000
1695306893589 0.0 440000
1695306927066 0.0 444000
1695306961140 0.0 448000
1695306995358 0.0 452000
1695307028960 0.0 456000
1695307061199 0.0 460000
1695307093414 0.0 464000
1695307128227 0.0 468000
1695307160947 0.0 472000
1695307193777 0.0 476000
1695307226933 0.0 480000
1695307261344 0.0 484000
1695307295812 0.0 488000
1695307328606 0.0 492000
1695307362236 0.0 496000
1695307398574 0.0 500000
1695307433823 0.0 504000
1695307466858 0.0 508000
1695307502354 0.0 512000
1695307540920 0.0 516000
1695307575808 0.0 520000
1695307615234 0.0 524000
1695307652955 0.0 528000
1695307689021 0.0 532000
1695307724795 0.0 536000
1695307759424 0.0 540000
1695307803673 0.0 544000
1695307846251 0.0 548000
1695307880733 0.0 552000
1695307919660 0.0 556000
1695307956832 0.0 560000
1695307994904 0.0 564000
1695308028057 0.0 568000
1695308062931 0.0 572000
1695308098133 0.0 576000
1695308132149 0.0 580000
1695308167258 0.0 584000
1695308204647 0.0 588000
1695308240261 0.0 592000
1695308275308 0.0 596000
1695308317672 0.0 600000
1695308353443 0.0 604000
1695308394796 0.0 608000
1695308433163 0.0 612000
1695308469791 0.0 616000
1695308516224 0.0 620000
1695308552801 0.0 624000
1695308589984 0.0 628000
1695308629766 0.0 632000
1695308665829 0.0 636000
1695308704004 0.0 640000
1695308741071 0.0 644000
1695308776482 0.0 648000
1695308813159 0.0 652000
1695308854546 0.0 656000
1695308889201 0.0 660000
1695308922296 0.0 664000
1695308955671 0.0 668000
1695308990687 0.0 672000
1695309025623 0.0 676000
1695309064322 0.0 680000
1695309102484 0.0 684000
1695309138097 0.0 688000
1695309173211 0.0 692000
1695309207223 0.0 696000
1695309241642 0.0 700000
1695309278151 0.0 704000
1695309314299 0.0 708000
1695309350761 0.0 712000
1695309387612 0.0 716000
1695309422323 0.0 720000
1695309457167 0.0 724000
1695309489557 0.0 728000
1695309522327 0.0 732000
1695309555504 0.0 736000
1695309590364 0.0 740000
1695309624623 0.0 744000
1695309658594 0.0 748000
1695309692384 0.0 752000
1695309730481 0.0 756000
1695309765034 0.0 760000
1695309797522 0.0 764000
1695309829880 0.0 768000
1695309863447 0.0 772000
1695309897354 0.0 776000
1695309932719 0.0 780000
1695309969984 0.0 784000
1695310015872 0.0 788000
1695310052610 0.0 792000
1695310087784 0.0 796000
1695310125686 0.0 800000
1695310160791 0.0 804000
1695310197787 0.0 808000
1695310240378 0.0 812000
1695310277601 0.0 816000
1695310312710 0.0 820000
1695310348352 0.0 824000
1695310386691 0.0 828000
1695310421537 0.0 832000
1695310455204 0.0 836000
1695310494040 0.0 840000
1695310538741 0.0 844000
1695310575973 0.0 848000
1695310616907 0.0 852000
1695310655491 0.0 856000
1695310690355 0.0 860000
1695310724071 0.0 864000
1695310758958 0.0 868000
