1695303109730 0.4 4000
1695303138418 0.25806451612903225 8000
1695303167553 0.3076923076923077 12000
1695303196324 0.2916666666666667 16000
1695303230392 0.2903225806451613 20000
1695303262717 0.24 24000
1695303295862 0.26 28000
1695303328694 0.25 32000
1695303360587 0.23 36000
1695303392715 0.24 40000
1695303425080 0.17 44000
1695303456268 0.12 48000
1695303487991 0.12 52000
1695303518735 0.1 56000
1695303550447 0.06 60000
1695303581637 0.08 64000
1695303615375 0.09 68000
1695303648109 0.06 72000
1695303680780 0.019417475728155338 76000
1695303712529 0.08490566037735849 80000
1695303753730 0.0990990990990991 84000
1695303786239 0.04285714285714286 88000
1695303816968 0.017094017094017096 92000
1695303852670 0.04081632653061224 96000
1695303897842 0.036585365853658534 100000
1695303939930 0.029411764705882353 104000
1695303972654 0.046511627906976744 108000
1695304013190 0.05194805194805195 112000
1695304058365 0.0319634703196347 116000
1695304101568 0.045081967213114756 120000
1695304142330 0.04417670682730924 124000
1695304192067 0.0421455938697318 128000
1695304235751 0.03816793893129771 132000
1695304278863 0.0364963503649635 136000
1695304323118 0.04230769230769231 140000
1695304364724 0.056291390728476824 144000
1695304406600 0.041811846689895474 148000
1695304450471 0.03202846975088968 152000
1695304491937 0.04666666666666667 156000
1695304533296 0.03389830508474576 160000
1695304577738 0.038461538461538464 164000
1695304622892 0.04609929078014184 168000
1695304666372 0.051194539249146756 172000
1695304711481 0.03985507246376811 176000
1695304751058 0.024305555555555556 180000
1695304788768 0.041379310344827586 184000
1695304832570 0.030201342281879196 188000
1695304872686 0.03870967741935484 192000
1695304909408 0.02867383512544803 196000
1695304945264 0.03367003367003367 200000
1695304982350 0.03819444444444445 204000
1695305025029 0.023333333333333334 208000
1695305061258 0.036231884057971016 212000
1695305097719 0.05844155844155844 216000
1695305135888 0.017421602787456445 220000
1695305173106 0.023890784982935155 224000
1695305208317 0.04778156996587031 228000
1695305242161 0.03137254901960784 232000
1695305273009 0.03859649122807018 236000
1695305303692 0.030100334448160536 240000
1695305335041 0.03018867924528302 244000
1695305365450 0.04529616724738676 248000
1695305395884 0.04195804195804196 252000
1695305426394 0.03728813559322034 256000
1695305457132 0.03202846975088968 260000
1695305487745 0.03260869565217391 264000
1695305518408 0.045774647887323945 268000
1695305548811 0.04513888888888889 272000
1695305579513 0.017361111111111112 276000
1695305610973 0.026402640264026403 280000
1695305641299 0.04081632653061224 284000
1695305672131 0.04081632653061224 288000
1695305702373 0.04779411764705882 292000
1695305733787 0.020202020202020204 296000
1695305763962 0.02666666666666667 300000
1695305794971 0.02877697841726619 304000
1695305825377 0.007380073800738007 308000
1695305856232 0.0231023102310231 312000
1695305886493 0.030405405405405407 316000
1695305917120 0.036303630363036306 320000
1695305947606 0.050335570469798654 324000
1695305978529 0.019801980198019802 328000
1695306008688 0.020202020202020204 332000
1695306039550 0.039603960396039604 336000
1695306070917 0.04220779220779221 340000
1695306101822 0.01910828025477707 344000
1695306132285 0.04778156996587031 348000
1695306162911 0.02364864864864865 352000
1695306193401 0.022727272727272728 356000
1695306224323 0.033783783783783786 360000
1695306254738 0.020761245674740483 364000
1695306287158 0.034722222222222224 368000
1695306318525 0.023809523809523808 372000
1695306351099 0.02 376000
1695306382549 0.022653721682847898 380000
1695306417684 0.04013377926421405 384000
1695306452240 0.06557377049180328 388000
1695306486489 0.038461538461538464 392000
1695306519937 0.03503184713375796 396000
1695306554111 0.013745704467353952 400000
1695306586115 0.029605263157894735 404000
1695306620819 0.024390243902439025 408000
1695306653713 0.02054794520547945 412000
1695306687408 0.02912621359223301 416000
1695306720493 0.022292993630573247 420000
1695306752966 0.024390243902439025 424000
1695306786118 0.016666666666666666 428000
1695306823434 0.01444043321299639 432000
1695306860241 0.03322259136212625 436000
1695306893586 0.032679738562091505 440000
1695306927063 0.022950819672131147 444000
1695306961137 0.02027027027027027 448000
1695306995355 0.036303630363036306 452000
1695307028958 0.02258064516129032 456000
1695307061197 0.030821917808219176 460000
1695307093411 0.013745704467353952 464000
1695307128225 0.04560260586319218 468000
1695307160944 0.037162162162162164 472000
1695307193774 0.02356902356902357 476000
1695307226930 0.026402640264026403 480000
1695307261341 0.035256410256410256 484000
1695307295809 0.02456140350877193 488000
1695307328603 0.03767123287671233 492000
1695307362233 0.010526315789473684 496000
1695307398571 0.033003300330033 500000
1695307433820 0.023026315789473683 504000
1695307466855 0.013651877133105802 508000
1695307502351 0.0196078431372549 512000
1695307540917 0.016611295681063124 516000
1695307575805 0.012987012987012988 520000
1695307615231 0.02258064516129032 524000
1695307652953 0.019933554817275746 528000
1695307689018 0.045454545454545456 532000
1695307724792 0.028481012658227847 536000
1695307759421 0.003257328990228013 540000
1695307803669 0.015822784810126583 544000
1695307846249 0.02922077922077922 548000
1695307880730 0.029801324503311258 552000
1695307919657 0.025889967637540454 556000
1695307956828 0.02631578947368421 560000
1695307994902 0.03215434083601286 564000
1695308028055 0.029411764705882353 568000
1695308062928 0.02631578947368421 572000
1695308098130 0.013986013986013986 576000
1695308132146 0.022082018927444796 580000
1695308167255 0.02280130293159609 584000
1695308204644 0.022950819672131147 588000
1695308240259 0.02572347266881029 592000
1695308275305 0.01948051948051948 596000
1695308317669 0.009584664536741214 600000
1695308353440 0.022082018927444796 604000
1695308394793 0.03257328990228013 608000
1695308433161 0.025974025974025976 612000
1695308469788 0.02027027027027027 616000
1695308516221 0.022950819672131147 620000
1695308552798 0.028938906752411574 624000
1695308589981 0.019543973941368076 628000
1695308629763 0.019169329073482427 632000
1695308665825 0.010452961672473868 636000
1695308704001 0.016181229773462782 640000
1695308741068 0.01910828025477707 644000
1695308776479 0.009523809523809525 648000
1695308813156 0.016286644951140065 652000
1695308854544 0.0032679738562091504 656000
1695308889199 0.0440251572327044 660000
1695308922294 0.029315960912052116 664000
1695308955668 0.019933554817275746 668000
1695308990684 0.016286644951140065 672000
1695309025620 0.016339869281045753 676000
1695309064319 0.009868421052631578 680000
1695309102481 0.023809523809523808 684000
1695309138094 0.019169329073482427 688000
1695309173208 0.016181229773462782 692000
1695309207220 0.00964630225080386 696000
1695309241639 0.026143790849673203 700000
1695309278149 0.006578947368421052 704000
1695309314296 0.029411764705882353 708000
1695309350758 0.03594771241830065 712000
1695309387609 0.02572347266881029 716000
1695309422321 0.01607717041800643 720000
1695309457165 0.02857142857142857 724000
1695309489554 0.015873015873015872 728000
1695309522325 0.03146853146853147 732000
1695309555501 0.025559105431309903 736000
1695309590361 0.00980392156862745 740000
1695309624620 0.033003300330033 744000
1695309658591 0.0375 748000
1695309692382 0.02027027027027027 752000
1695309730478 0.009584664536741214 756000
1695309765031 0.034375 760000
1695309797519 0.031141868512110725 764000
1695309829877 0.013605442176870748 768000
1695309863444 0.025974025974025976 772000
1695309897351 0.03785488958990536 776000
1695309932716 0.013559322033898305 780000
1695309969981 0.019672131147540985 784000
1695310015869 0.035256410256410256 788000
1695310052607 0.01892744479495268 792000
1695310087780 0.0196078431372549 796000
1695310125683 0.019801980198019802 800000
1695310160789 0.025806451612903226 804000
1695310197784 0.012658227848101266 808000
1695310240375 0.012779552715654952 812000
1695310277598 0.02531645569620253 816000
1695310312707 0.025477707006369428 820000
1695310348349 0.01875 824000
1695310386687 0.0231023102310231 828000
1695310421534 0.020066889632107024 832000
1695310455202 0.015723270440251572 836000
1695310494038 0.012944983818770227 840000
1695310538738 0.01929260450160772 844000
1695310575970 0.01607717041800643 848000
1695310616904 0.02875399361022364 852000
1695310655489 0.0189873417721519 856000
1695310690352 0.012578616352201259 860000
1695310724068 0.009584664536741214 864000
1695310758956 0.02258064516129032 868000
