1695303109733 0.4 4000
1695303138420 0.25806451612903225 8000
1695303167555 0.3076923076923077 12000
1695303196327 0.2916666666666667 16000
1695303230394 0.2903225806451613 20000
1695303262719 0.24 24000
1695303295865 0.26 28000
1695303328696 0.25 32000
1695303360589 0.23 36000
1695303392717 0.24 40000
1695303425082 0.17 44000
1695303456270 0.12 48000
1695303487994 0.12 52000
1695303518737 0.1 56000
1695303550449 0.06 60000
1695303581639 0.08 64000
1695303615377 0.09 68000
1695303648111 0.06 72000
1695303680782 0.019417475728155338 76000
1695303712531 0.08490566037735849 80000
1695303753732 0.0990990990990991 84000
1695303786241 0.04285714285714286 88000
1695303816970 0.017094017094017096 92000
1695303852673 0.04081632653061224 96000
1695303897849 0.036585365853658534 100000
1695303939932 0.029411764705882353 104000
1695303972657 0.046511627906976744 108000
1695304013193 0.05194805194805195 112000
1695304058368 0.0319634703196347 116000
1695304101570 0.045081967213114756 120000
1695304142333 0.04417670682730924 124000
1695304192070 0.0421455938697318 128000
1695304235753 0.03816793893129771 132000
1695304278866 0.0364963503649635 136000
1695304323121 0.04230769230769231 140000
1695304364727 0.056291390728476824 144000
1695304406603 0.041811846689895474 148000
1695304450474 0.03202846975088968 152000
1695304491939 0.04666666666666667 156000
1695304533299 0.03389830508474576 160000
1695304577741 0.038461538461538464 164000
1695304622895 0.04609929078014184 168000
1695304666375 0.051194539249146756 172000
1695304711483 0.03985507246376811 176000
1695304751061 0.024305555555555556 180000
1695304788770 0.041379310344827586 184000
1695304832572 0.030201342281879196 188000
1695304872689 0.03870967741935484 192000
1695304909411 0.02867383512544803 196000
1695304945266 0.03367003367003367 200000
1695304982353 0.03819444444444445 204000
1695305025032 0.023333333333333334 208000
1695305061260 0.036231884057971016 212000
1695305097721 0.05844155844155844 216000
1695305135891 0.017421602787456445 220000
1695305173109 0.023890784982935155 224000
1695305208320 0.04778156996587031 228000
1695305242163 0.03137254901960784 232000
1695305273011 0.03859649122807018 236000
1695305303695 0.030100334448160536 240000
1695305335044 0.03018867924528302 244000
1695305365452 0.04529616724738676 248000
1695305395886 0.04195804195804196 252000
1695305426397 0.03728813559322034 256000
1695305457134 0.03202846975088968 260000
1695305487748 0.03260869565217391 264000
1695305518410 0.045774647887323945 268000
1695305548813 0.04513888888888889 272000
1695305579515 0.017361111111111112 276000
1695305610975 0.026402640264026403 280000
1695305641301 0.04081632653061224 284000
1695305672132 0.04081632653061224 288000
1695305702375 0.04779411764705882 292000
1695305733789 0.020202020202020204 296000
1695305763964 0.02666666666666667 300000
1695305794973 0.02877697841726619 304000
1695305825379 0.007380073800738007 308000
1695305856234 0.0231023102310231 312000
1695305886495 0.030405405405405407 316000
1695305917122 0.036303630363036306 320000
1695305947608 0.050335570469798654 324000
1695305978531 0.019801980198019802 328000
1695306008690 0.020202020202020204 332000
1695306039552 0.039603960396039604 336000
1695306070919 0.04220779220779221 340000
1695306101824 0.01910828025477707 344000
1695306132287 0.04778156996587031 348000
1695306162913 0.02364864864864865 352000
1695306193403 0.022727272727272728 356000
1695306224325 0.033783783783783786 360000
1695306254741 0.020761245674740483 364000
1695306287160 0.034722222222222224 368000
1695306318527 0.023809523809523808 372000
1695306351103 0.02 376000
1695306382551 0.022653721682847898 380000
1695306417686 0.04013377926421405 384000
1695306452244 0.06557377049180328 388000
1695306486492 0.038461538461538464 392000
1695306519939 0.03503184713375796 396000
1695306554114 0.013745704467353952 400000
1695306586117 0.029605263157894735 404000
1695306620822 0.024390243902439025 408000
1695306653715 0.02054794520547945 412000
1695306687411 0.02912621359223301 416000
1695306720495 0.022292993630573247 420000
1695306752968 0.024390243902439025 424000
1695306786120 0.016666666666666666 428000
1695306823439 0.01444043321299639 432000
1695306860243 0.03322259136212625 436000
1695306893588 0.032679738562091505 440000
1695306927066 0.022950819672131147 444000
1695306961139 0.02027027027027027 448000
1695306995357 0.036303630363036306 452000
1695307028960 0.02258064516129032 456000
1695307061199 0.030821917808219176 460000
1695307093413 0.013745704467353952 464000
1695307128227 0.04560260586319218 468000
1695307160947 0.037162162162162164 472000
1695307193777 0.02356902356902357 476000
1695307226933 0.026402640264026403 480000
1695307261343 0.035256410256410256 484000
1695307295811 0.02456140350877193 488000
1695307328605 0.03767123287671233 492000
1695307362235 0.010526315789473684 496000
1695307398574 0.033003300330033 500000
1695307433822 0.023026315789473683 504000
1695307466857 0.013651877133105802 508000
1695307502354 0.0196078431372549 512000
1695307540919 0.016611295681063124 516000
1695307575808 0.012987012987012988 520000
1695307615233 0.02258064516129032 524000
1695307652955 0.019933554817275746 528000
1695307689020 0.045454545454545456 532000
1695307724794 0.028481012658227847 536000
1695307759423 0.003257328990228013 540000
1695307803672 0.015822784810126583 544000
1695307846251 0.02922077922077922 548000
1695307880732 0.029801324503311258 552000
1695307919660 0.025889967637540454 556000
1695307956831 0.02631578947368421 560000
1695307994904 0.03215434083601286 564000
1695308028057 0.029411764705882353 568000
1695308062930 0.02631578947368421 572000
1695308098133 0.013986013986013986 576000
1695308132149 0.022082018927444796 580000
1695308167257 0.02280130293159609 584000
1695308204646 0.022950819672131147 588000
1695308240261 0.02572347266881029 592000
1695308275308 0.01948051948051948 596000
1695308317672 0.009584664536741214 600000
1695308353442 0.022082018927444796 604000
1695308394796 0.03257328990228013 608000
1695308433163 0.025974025974025976 612000
1695308469791 0.02027027027027027 616000
1695308516223 0.022950819672131147 620000
1695308552801 0.028938906752411574 624000
1695308589984 0.019543973941368076 628000
1695308629766 0.019169329073482427 632000
1695308665828 0.010452961672473868 636000
1695308704004 0.016181229773462782 640000
1695308741070 0.01910828025477707 644000
1695308776481 0.009523809523809525 648000
1695308813158 0.016286644951140065 652000
1695308854546 0.0032679738562091504 656000
1695308889201 0.0440251572327044 660000
1695308922296 0.029315960912052116 664000
1695308955671 0.019933554817275746 668000
1695308990687 0.016286644951140065 672000
1695309025623 0.016339869281045753 676000
1695309064321 0.009868421052631578 680000
1695309102483 0.023809523809523808 684000
1695309138097 0.019169329073482427 688000
1695309173210 0.016181229773462782 692000
1695309207222 0.00964630225080386 696000
1695309241642 0.026143790849673203 700000
1695309278151 0.006578947368421052 704000
1695309314299 0.029411764705882353 708000
1695309350761 0.03594771241830065 712000
1695309387612 0.02572347266881029 716000
1695309422323 0.01607717041800643 720000
1695309457167 0.02857142857142857 724000
1695309489556 0.015873015873015872 728000
1695309522327 0.03146853146853147 732000
1695309555503 0.025559105431309903 736000
1695309590364 0.00980392156862745 740000
1695309624622 0.033003300330033 744000
1695309658593 0.0375 748000
1695309692384 0.02027027027027027 752000
1695309730481 0.009584664536741214 756000
1695309765033 0.034375 760000
1695309797521 0.031141868512110725 764000
1695309829879 0.013605442176870748 768000
1695309863447 0.025974025974025976 772000
1695309897353 0.03785488958990536 776000
1695309932718 0.013559322033898305 780000
1695309969984 0.019672131147540985 784000
1695310015872 0.035256410256410256 788000
1695310052610 0.01892744479495268 792000
1695310087783 0.0196078431372549 796000
1695310125686 0.019801980198019802 800000
1695310160791 0.025806451612903226 804000
1695310197786 0.012658227848101266 808000
1695310240378 0.012779552715654952 812000
1695310277601 0.02531645569620253 816000
1695310312709 0.025477707006369428 820000
1695310348351 0.01875 824000
1695310386690 0.0231023102310231 828000
1695310421536 0.020066889632107024 832000
1695310455204 0.015723270440251572 836000
1695310494040 0.012944983818770227 840000
1695310538740 0.01929260450160772 844000
1695310575972 0.01607717041800643 848000
1695310616907 0.02875399361022364 852000
1695310655491 0.0189873417721519 856000
1695310690355 0.012578616352201259 860000
1695310724071 0.009584664536741214 864000
1695310758958 0.02258064516129032 868000
