1695303109731 0.0 4000
1695303138418 0.0 8000
1695303167553 0.0 12000
1695303196325 0.0 16000
1695303230392 0.0 20000
1695303262717 0.0 24000
1695303295863 0.0 28000
1695303328694 0.0 32000
1695303360587 0.0 36000
1695303392715 0.0 40000
1695303425080 0.0 44000
1695303456268 0.0 48000
1695303487992 0.0 52000
1695303518735 0.0 56000
1695303550447 0.0 60000
1695303581637 0.0 64000
1695303615375 0.0 68000
1695303648109 0.0 72000
1695303680780 0.0 76000
1695303712529 0.0 80000
1695303753730 0.0 84000
1695303786240 0.0 88000
1695303816968 0.0 92000
1695303852671 0.0 96000
1695303897843 0.0 100000
1695303939930 0.0 104000
1695303972655 0.0 108000
1695304013190 0.0 112000
1695304058365 0.0 116000
1695304101568 0.0 120000
1695304142331 0.0 124000
1695304192067 0.0 128000
1695304235751 0.0 132000
1695304278863 0.0 136000
1695304323118 0.0 140000
1695304364725 0.0 144000
1695304406600 0.0 148000
1695304450471 0.0 152000
1695304491937 0.0 156000
1695304533296 0.0 160000
1695304577739 0.0 164000
1695304622892 0.0 168000
1695304666372 0.0 172000
1695304711481 0.0 176000
1695304751059 0.0 180000
1695304788768 0.0 184000
1695304832570 0.0 188000
1695304872686 0.0 192000
1695304909409 0.0 196000
1695304945264 0.0 200000
1695304982351 0.0 204000
1695305025030 0.0 208000
1695305061258 0.0 212000
1695305097719 0.0 216000
1695305135889 0.0 220000
1695305173107 0.0 224000
1695305208318 0.0 228000
1695305242161 0.0 232000
1695305273009 0.0 236000
1695305303693 0.0 240000
1695305335042 0.0 244000
1695305365450 0.0 248000
1695305395884 0.0 252000
1695305426395 0.0 256000
1695305457133 0.0 260000
1695305487746 0.0 264000
1695305518408 0.0 268000
1695305548811 0.0 272000
1695305579513 0.0 276000
1695305610973 0.0 280000
1695305641300 0.0 284000
1695305672131 0.0 288000
1695305702373 0.0 292000
1695305733787 0.0 296000
1695305763963 0.0 300000
1695305794971 0.0 304000
1695305825377 0.0 308000
1695305856232 0.0 312000
1695305886493 0.0 316000
1695305917120 0.0 320000
1695305947606 0.0 324000
1695305978529 0.0 328000
1695306008688 0.0 332000
1695306039550 0.0 336000
1695306070917 0.0 340000
1695306101822 0.0 344000
1695306132285 0.0 348000
1695306162911 0.0 352000
1695306193401 0.0 356000
1695306224323 0.0 360000
1695306254739 0.0 364000
1695306287158 0.0 368000
1695306318525 0.0 372000
1695306351100 0.0 376000
1695306382550 0.0 380000
1695306417684 0.0 384000
1695306452241 0.0 388000
1695306486490 0.0 392000
1695306519937 0.0 396000
1695306554112 0.0 400000
1695306586115 0.0 404000
1695306620820 0.0 408000
1695306653713 0.0 412000
1695306687409 0.0 416000
1695306720494 0.0 420000
1695306752966 0.0 424000
1695306786118 0.0 428000
1695306823435 0.0 432000
1695306860241 0.0 436000
1695306893587 0.0 440000
1695306927064 0.0 444000
1695306961137 0.0 448000
1695306995355 0.0 452000
1695307028958 0.0 456000
1695307061197 0.0 460000
1695307093411 0.0 464000
1695307128225 0.0 468000
1695307160945 0.0 472000
1695307193775 0.0 476000
1695307226931 0.0 480000
1695307261341 0.0 484000
1695307295810 0.0 488000
1695307328603 0.0 492000
1695307362234 0.0 496000
1695307398572 0.0 500000
1695307433820 0.0 504000
1695307466855 0.0 508000
1695307502351 0.0 512000
1695307540917 0.0 516000
1695307575806 0.0 520000
1695307615231 0.0 524000
1695307652953 0.0 528000
1695307689018 0.0 532000
1695307724792 0.0 536000
1695307759421 0.0 540000
1695307803669 0.0 544000
1695307846249 0.0 548000
1695307880730 0.0 552000
1695307919658 0.0 556000
1695307956829 0.0 560000
1695307994902 0.0 564000
1695308028055 0.0 568000
1695308062928 0.0 572000
1695308098131 0.0 576000
1695308132147 0.0 580000
1695308167255 0.0 584000
1695308204644 0.0 588000
1695308240259 0.0 592000
1695308275306 0.0 596000
1695308317669 0.0 600000
1695308353440 0.0 604000
1695308394793 0.0 608000
1695308433161 0.0 612000
1695308469789 0.0 616000
1695308516221 0.0 620000
1695308552798 0.0 624000
1695308589982 0.0 628000
1695308629764 0.0 632000
1695308665826 0.0 636000
1695308704002 0.0 640000
1695308741068 0.0 644000
1695308776479 0.0 648000
1695308813156 0.0 652000
1695308854544 0.0 656000
1695308889199 0.0 660000
1695308922294 0.0 664000
1695308955669 0.0 668000
1695308990685 0.0 672000
1695309025621 0.0 676000
1695309064319 0.0 680000
1695309102481 0.0 684000
1695309138095 0.0 688000
1695309173208 0.0 692000
1695309207220 0.0 696000
1695309241640 0.0 700000
1695309278149 0.0 704000
1695309314297 0.0 708000
1695309350759 0.0 712000
1695309387610 0.0 716000
1695309422321 0.0 720000
1695309457165 0.0 724000
1695309489555 0.0 728000
1695309522325 0.0 732000
1695309555502 0.0 736000
1695309590361 0.0 740000
1695309624621 0.0 744000
1695309658591 0.0 748000
1695309692382 0.0 752000
1695309730479 0.0 756000
1695309765031 0.0 760000
1695309797520 0.0 764000
1695309829877 0.0 768000
1695309863445 0.0 772000
1695309897352 0.0 776000
1695309932717 0.0 780000
1695309969982 0.0 784000
1695310015870 0.0 788000
1695310052608 0.0 792000
1695310087781 0.0 796000
1695310125684 0.0 800000
1695310160789 0.0 804000
1695310197784 0.0 808000
1695310240375 0.0 812000
1695310277599 0.0 816000
1695310312707 0.0 820000
1695310348349 0.0 824000
1695310386688 0.0 828000
1695310421535 0.0 832000
1695310455202 0.0 836000
1695310494038 0.0 840000
1695310538738 0.0 844000
1695310575970 0.0 848000
1695310616904 0.0 852000
1695310655489 0.0 856000
1695310690353 0.0 860000
1695310724069 0.0 864000
1695310758956 0.0 868000
