1695303109733 1.0 4000
1695303138421 1.0 8000
1695303167556 1.0 12000
1695303196328 1.0 16000
1695303230395 1.0 20000
1695303262720 1.0 24000
1695303295865 1.0 28000
1695303328697 1.0 32000
1695303360590 1.0 36000
1695303392718 1.0 40000
1695303425083 1.0 44000
1695303456271 1.0 48000
1695303487994 1.0 52000
1695303518738 1.0 56000
1695303550450 1.0 60000
1695303581640 1.0 64000
1695303615378 1.0 68000
1695303648112 1.0 72000
1695303680783 1.0 76000
1695303712532 1.0 80000
1695303753733 1.0 84000
1695303786242 1.0 88000
1695303816971 1.0 92000
1695303852674 1.0 96000
1695303897851 1.0 100000
1695303939933 1.0 104000
1695303972658 1.0 108000
1695304013194 1.0 112000
1695304058369 1.0 116000
1695304101571 1.0 120000
1695304142334 1.0 124000
1695304192071 1.0 128000
1695304235754 1.0 132000
1695304278867 1.0 136000
1695304323122 1.0 140000
1695304364728 1.0 144000
1695304406604 1.0 148000
1695304450475 1.0 152000
1695304491940 1.0 156000
1695304533300 1.0 160000
1695304577742 1.0 164000
1695304622896 1.0 168000
1695304666375 1.0 172000
1695304711484 1.0 176000
1695304751062 1.0 180000
1695304788771 1.0 184000
1695304832573 1.0 188000
1695304872689 1.0 192000
1695304909412 1.0 196000
1695304945267 1.0 200000
1695304982353 1.0 204000
1695305025033 1.0 208000
1695305061261 1.0 212000
1695305097722 1.0 216000
1695305135892 1.0 220000
1695305173110 1.0 224000
1695305208321 1.0 228000
1695305242164 1.0 232000
1695305273011 1.0 236000
1695305303696 1.0 240000
1695305335044 1.0 244000
1695305365453 1.0 248000
1695305395887 1.0 252000
1695305426397 1.0 256000
1695305457135 1.0 260000
1695305487749 1.0 264000
1695305518411 1.0 268000
1695305548814 1.0 272000
1695305579515 1.0 276000
1695305610976 1.0 280000
1695305641302 1.0 284000
1695305672133 1.0 288000
1695305702375 1.0 292000
1695305733790 1.0 296000
1695305763965 1.0 300000
1695305794974 1.0 304000
1695305825380 1.0 308000
1695305856235 1.0 312000
1695305886496 1.0 316000
1695305917122 1.0 320000
1695305947609 1.0 324000
1695305978532 1.0 328000
1695306008690 1.0 332000
1695306039553 1.0 336000
1695306070920 1.0 340000
1695306101825 1.0 344000
1695306132287 1.0 348000
1695306162913 1.0 352000
1695306193403 1.0 356000
1695306224325 1.0 360000
1695306254741 1.0 364000
1695306287160 1.0 368000
1695306318527 1.0 372000
1695306351104 1.0 376000
1695306382552 1.0 380000
1695306417687 1.0 384000
1695306452245 1.0 388000
1695306486492 1.0 392000
1695306519940 1.0 396000
1695306554115 1.0 400000
1695306586118 1.0 404000
1695306620822 1.0 408000
1695306653715 1.0 412000
1695306687412 1.0 416000
1695306720496 1.0 420000
1695306752969 1.0 424000
1695306786120 1.0 428000
1695306823440 1.0 432000
1695306860244 1.0 436000
1695306893589 1.0 440000
1695306927067 1.0 444000
1695306961140 1.0 448000
1695306995358 1.0 452000
1695307028961 1.0 456000
1695307061200 1.0 460000
1695307093414 1.0 464000
1695307128228 1.0 468000
1695307160948 1.0 472000
1695307193777 1.0 476000
1695307226933 1.0 480000
1695307261344 1.0 484000
1695307295812 1.0 488000
1695307328606 1.0 492000
1695307362236 1.0 496000
1695307398575 1.0 500000
1695307433823 1.0 504000
1695307466858 1.0 508000
1695307502354 1.0 512000
1695307540920 1.0 516000
1695307575809 1.0 520000
1695307615234 1.0 524000
1695307652956 1.0 528000
1695307689021 1.0 532000
1695307724795 1.0 536000
1695307759424 1.0 540000
1695307803673 1.0 544000
1695307846252 1.0 548000
1695307880733 1.0 552000
1695307919660 1.0 556000
1695307956832 1.0 560000
1695307994905 1.0 564000
1695308028058 1.0 568000
1695308062931 1.0 572000
1695308098133 1.0 576000
1695308132150 1.0 580000
1695308167258 1.0 584000
1695308204647 1.0 588000
1695308240262 1.0 592000
1695308275309 1.0 596000
1695308317672 1.0 600000
1695308353443 1.0 604000
1695308394797 1.0 608000
1695308433164 1.0 612000
1695308469792 1.0 616000
1695308516224 1.0 620000
1695308552801 1.0 624000
1695308589985 1.0 628000
1695308629767 1.0 632000
1695308665829 1.0 636000
1695308704005 1.0 640000
1695308741071 1.0 644000
1695308776482 1.0 648000
1695308813159 1.0 652000
1695308854547 1.0 656000
1695308889202 1.0 660000
1695308922297 1.0 664000
1695308955671 1.0 668000
1695308990688 1.0 672000
1695309025624 1.0 676000
1695309064322 1.0 680000
1695309102484 1.0 684000
1695309138098 1.0 688000
1695309173211 1.0 692000
1695309207223 1.0 696000
1695309241642 1.0 700000
1695309278152 1.0 704000
1695309314300 1.0 708000
1695309350761 1.0 712000
1695309387613 1.0 716000
1695309422323 1.0 720000
1695309457168 1.0 724000
1695309489557 1.0 728000
1695309522328 1.0 732000
1695309555504 1.0 736000
1695309590364 1.0 740000
1695309624623 1.0 744000
1695309658594 1.0 748000
1695309692385 1.0 752000
1695309730482 1.0 756000
1695309765034 1.0 760000
1695309797522 1.0 764000
1695309829880 1.0 768000
1695309863447 1.0 772000
1695309897354 1.0 776000
1695309932719 1.0 780000
1695309969985 1.0 784000
1695310015872 1.0 788000
1695310052611 1.0 792000
1695310087784 1.0 796000
1695310125686 1.0 800000
1695310160792 1.0 804000
1695310197787 1.0 808000
1695310240378 1.0 812000
1695310277601 1.0 816000
1695310312710 1.0 820000
1695310348352 1.0 824000
1695310386691 1.0 828000
1695310421537 1.0 832000
1695310455205 1.0 836000
1695310494041 1.0 840000
1695310538741 1.0 844000
1695310575973 1.0 848000
1695310616908 1.0 852000
1695310655492 1.0 856000
1695310690355 1.0 860000
1695310724071 1.0 864000
1695310758959 1.0 868000
