1695303109732 0.26666666666666666 4000
1695303138419 0.3225806451612903 8000
1695303167554 0.3269230769230769 12000
1695303196326 0.3333333333333333 16000
1695303230393 0.3548387096774194 20000
1695303262718 0.4 24000
1695303295863 0.39 28000
1695303328695 0.4 32000
1695303360588 0.5 36000
1695303392716 0.52 40000
1695303425081 0.68 44000
1695303456269 0.75 48000
1695303487993 0.76 52000
1695303518736 0.79 56000
1695303550448 0.89 60000
1695303581638 0.91 64000
1695303615376 0.86 68000
1695303648110 0.85 72000
1695303680781 0.9611650485436893 76000
1695303712530 0.8962264150943396 80000
1695303753731 0.8828828828828829 84000
1695303786240 0.95 88000
1695303816969 0.9743589743589743 92000
1695303852672 0.9523809523809523 96000
1695303897845 0.9512195121951219 100000
1695303939931 0.9656862745098039 104000
1695303972656 0.9534883720930233 108000
1695304013191 0.948051948051948 112000
1695304058366 0.9634703196347032 116000
1695304101569 0.9549180327868853 120000
1695304142332 0.9518072289156626 124000
1695304192068 0.9540229885057471 128000
1695304235752 0.9618320610687023 132000
1695304278864 0.9562043795620438 136000
1695304323119 0.9461538461538461 140000
1695304364725 0.9304635761589404 144000
1695304406601 0.9442508710801394 148000
1695304450472 0.9572953736654805 152000
1695304491938 0.9333333333333333 156000
1695304533297 0.9559322033898305 160000
1695304577740 0.9519230769230769 164000
1695304622893 0.9326241134751773 168000
1695304666373 0.9419795221843004 172000
1695304711482 0.9456521739130435 176000
1695304751060 0.9756944444444444 180000
1695304788769 0.9310344827586207 184000
1695304832571 0.9530201342281879 188000
1695304872687 0.9387096774193548 192000
1695304909410 0.9354838709677419 196000
1695304945265 0.9292929292929293 200000
1695304982351 0.9201388888888888 204000
1695305025030 0.9366666666666666 208000
1695305061259 0.8985507246376812 212000
1695305097720 0.8863636363636364 216000
1695305135890 0.8885017421602788 220000
1695305173108 0.9146757679180887 224000
1695305208319 0.8771331058020477 228000
1695305242162 0.8941176470588236 232000
1695305273010 0.8807017543859649 236000
1695305303694 0.8963210702341137 240000
1695305335042 0.8981132075471698 244000
1695305365451 0.867595818815331 248000
1695305395885 0.8461538461538461 252000
1695305426395 0.8677966101694915 256000
1695305457133 0.8647686832740213 260000
1695305487747 0.8333333333333334 264000
1695305518409 0.8063380281690141 268000
1695305548812 0.7881944444444444 272000
1695305579514 0.8055555555555556 276000
1695305610974 0.8316831683168316 280000
1695305641300 0.8027210884353742 284000
1695305672132 0.8027210884353742 288000
1695305702374 0.7941176470588235 292000
1695305733788 0.8013468013468014 296000
1695305763963 0.84 300000
1695305794972 0.8309352517985612 304000
1695305825378 0.8265682656826568 308000
1695305856233 0.801980198019802 312000
1695305886494 0.8141891891891891 316000
1695305917121 0.7953795379537953 320000
1695305947607 0.7550335570469798 324000
1695305978530 0.7953795379537953 328000
1695306008689 0.8080808080808081 332000
1695306039551 0.7821782178217822 336000
1695306070918 0.775974025974026 340000
1695306101823 0.7866242038216561 344000
1695306132286 0.7542662116040956 348000
1695306162912 0.8074324324324325 352000
1695306193402 0.8376623376623377 356000
1695306224324 0.7702702702702703 360000
1695306254740 0.8027681660899654 364000
1695306287159 0.8055555555555556 368000
1695306318526 0.7993197278911565 372000
1695306351101 0.7733333333333333 376000
1695306382550 0.8155339805825242 380000
1695306417685 0.745819397993311 384000
1695306452242 0.7442622950819672 388000
1695306486490 0.8076923076923077 392000
1695306519938 0.7866242038216561 396000
1695306554113 0.7835051546391752 400000
1695306586116 0.7664473684210527 404000
1695306620820 0.7247386759581882 408000
1695306653714 0.726027397260274 412000
1695306687410 0.8090614886731392 416000
1695306720494 0.802547770700637 420000
1695306752967 0.7700348432055749 424000
1695306786119 0.8166666666666667 428000
1695306823436 0.8158844765342961 432000
1695306860242 0.7342192691029901 436000
1695306893587 0.7581699346405228 440000
1695306927064 0.780327868852459 444000
1695306961138 0.7871621621621622 448000
1695306995356 0.7788778877887789 452000
1695307028959 0.7935483870967742 456000
1695307061198 0.7773972602739726 460000
1695307093412 0.7835051546391752 464000
1695307128226 0.8143322475570033 468000
1695307160946 0.7567567567567568 472000
1695307193776 0.7912457912457912 476000
1695307226931 0.7722772277227723 480000
1695307261342 0.7532051282051282 484000
1695307295810 0.7824561403508772 488000
1695307328604 0.7568493150684932 492000
1695307362234 0.7964912280701755 496000
1695307398573 0.7656765676567657 500000
1695307433821 0.7828947368421053 504000
1695307466856 0.8020477815699659 508000
1695307502352 0.7843137254901961 512000
1695307540918 0.7973421926910299 516000
1695307575807 0.7954545454545454 520000
1695307615232 0.8 524000
1695307652954 0.7275747508305648 528000
1695307689019 0.7694805194805194 532000
1695307724793 0.7974683544303798 536000
1695307759422 0.7850162866449512 540000
1695307803670 0.8227848101265823 544000
1695307846250 0.775974025974026 548000
1695307880731 0.7152317880794702 552000
1695307919658 0.7864077669902912 556000
1695307956830 0.7631578947368421 560000
1695307994903 0.7877813504823151 564000
1695308028056 0.7679738562091504 568000
1695308062929 0.7631578947368421 572000
1695308098131 0.7972027972027972 576000
1695308132148 0.7697160883280757 580000
1695308167256 0.8534201954397395 584000
1695308204645 0.8131147540983606 588000
1695308240260 0.7845659163987139 592000
1695308275306 0.814935064935065 596000
1695308317670 0.805111821086262 600000
1695308353441 0.7854889589905363 604000
1695308394794 0.7687296416938111 608000
1695308433162 0.7467532467532467 612000
1695308469789 0.777027027027027 616000
1695308516222 0.7967213114754098 620000
1695308552799 0.7781350482315113 624000
1695308589983 0.8110749185667753 628000
1695308629765 0.8306709265175719 632000
1695308665827 0.8013937282229965 636000
1695308704003 0.8122977346278317 640000
1695308741069 0.821656050955414 644000
1695308776480 0.8380952380952381 648000
1695308813157 0.7817589576547231 652000
1695308854545 0.8398692810457516 656000
1695308889200 0.8207547169811321 660000
1695308922295 0.8403908794788274 664000
1695308955669 0.8272425249169435 668000
1695308990686 0.8175895765472313 672000
1695309025622 0.8006535947712419 676000
1695309064320 0.7894736842105263 680000
1695309102482 0.7653061224489796 684000
1695309138096 0.7955271565495208 688000
1695309173209 0.8252427184466019 692000
1695309207221 0.7813504823151125 696000
1695309241640 0.7777777777777778 700000
1695309278150 0.75 704000
1695309314298 0.7647058823529411 708000
1695309350759 0.7745098039215687 712000
1695309387611 0.797427652733119 716000
1695309422322 0.7813504823151125 720000
1695309457166 0.7714285714285715 724000
1695309489555 0.8063492063492064 728000
1695309522326 0.7482517482517482 732000
1695309555502 0.7987220447284346 736000
1695309590362 0.8202614379084967 740000
1695309624621 0.8184818481848185 744000
1695309658592 0.778125 748000
1695309692383 0.7432432432432432 752000
1695309730480 0.7955271565495208 756000
1695309765032 0.815625 760000
1695309797520 0.7474048442906575 764000
1695309829878 0.782312925170068 768000
1695309863446 0.762987012987013 772000
1695309897352 0.8107255520504731 776000
1695309932717 0.8 780000
1695309969983 0.8032786885245902 784000
1695310015870 0.8044871794871795 788000
1695310052609 0.8107255520504731 792000
1695310087782 0.7745098039215687 796000
1695310125684 0.8052805280528053 800000
1695310160790 0.8193548387096774 804000
1695310197785 0.8132911392405063 808000
1695310240376 0.8242811501597445 812000
1695310277599 0.8259493670886076 816000
1695310312708 0.7834394904458599 820000
1695310348350 0.828125 824000
1695310386689 0.759075907590759 828000
1695310421535 0.8127090301003345 832000
1695310455203 0.8238993710691824 836000
1695310494039 0.8122977346278317 840000
1695310538739 0.797427652733119 844000
1695310575971 0.7717041800643086 848000
1695310616905 0.7891373801916933 852000
1695310655490 0.7689873417721519 856000
1695310690353 0.8176100628930818 860000
1695310724069 0.7699680511182109 864000
1695310758957 0.7967741935483871 868000
