1695303109732 1.0 4000
1695303138420 1.0 8000
1695303167555 1.0 12000
1695303196326 1.0 16000
1695303230394 1.0 20000
1695303262719 1.0 24000
1695303295864 1.0 28000
1695303328696 1.0 32000
1695303360589 1.0 36000
1695303392717 1.0 40000
1695303425082 1.0 44000
1695303456270 1.0 48000
1695303487993 1.0 52000
1695303518737 1.0 56000
1695303550448 1.0 60000
1695303581639 1.0 64000
1695303615377 1.0 68000
1695303648111 1.0 72000
1695303680782 1.0 76000
1695303712531 1.0 80000
1695303753732 1.0 84000
1695303786241 1.0 88000
1695303816970 1.0 92000
1695303852673 1.0 96000
1695303897848 1.0 100000
1695303939932 1.0 104000
1695303972656 1.0 108000
1695304013192 1.0 112000
1695304058367 1.0 116000
1695304101570 1.0 120000
1695304142332 1.0 124000
1695304192070 1.0 128000
1695304235753 1.0 132000
1695304278865 1.0 136000
1695304323120 1.0 140000
1695304364726 1.0 144000
1695304406602 1.0 148000
1695304450473 1.0 152000
1695304491939 1.0 156000
1695304533298 1.0 160000
1695304577741 1.0 164000
1695304622894 1.0 168000
1695304666374 1.0 172000
1695304711483 1.0 176000
1695304751060 1.0 180000
1695304788770 1.0 184000
1695304832572 1.0 188000
1695304872688 1.0 192000
1695304909410 1.0 196000
1695304945266 1.0 200000
1695304982352 1.0 204000
1695305025031 1.0 208000
1695305061260 1.0 212000
1695305097721 1.0 216000
1695305135890 1.0 220000
1695305173108 1.0 224000
1695305208320 1.0 228000
1695305242163 1.0 232000
1695305273010 1.0 236000
1695305303695 1.0 240000
1695305335043 1.0 244000
1695305365452 1.0 248000
1695305395885 1.0 252000
1695305426396 1.0 256000
1695305457134 1.0 260000
1695305487747 1.0 264000
1695305518410 1.0 268000
1695305548813 1.0 272000
1695305579514 1.0 276000
1695305610975 1.0 280000
1695305641301 1.0 284000
1695305672132 1.0 288000
1695305702374 1.0 292000
1695305733789 1.0 296000
1695305763964 1.0 300000
1695305794973 1.0 304000
1695305825379 1.0 308000
1695305856234 1.0 312000
1695305886495 1.0 316000
1695305917121 1.0 320000
1695305947608 1.0 324000
1695305978531 1.0 328000
1695306008689 1.0 332000
1695306039552 1.0 336000
1695306070919 1.0 340000
1695306101824 1.0 344000
1695306132286 1.0 348000
1695306162912 1.0 352000
1695306193402 1.0 356000
1695306224324 1.0 360000
1695306254740 1.0 364000
1695306287159 1.0 368000
1695306318526 1.0 372000
1695306351102 1.0 376000
1695306382551 1.0 380000
1695306417686 1.0 384000
1695306452243 1.0 388000
1695306486491 1.0 392000
1695306519939 1.0 396000
1695306554113 1.0 400000
1695306586117 1.0 404000
1695306620821 1.0 408000
1695306653714 1.0 412000
1695306687410 1.0 416000
1695306720495 1.0 420000
1695306752968 1.0 424000
1695306786119 1.0 428000
1695306823438 1.0 432000
1695306860243 1.0 436000
1695306893588 1.0 440000
1695306927065 1.0 444000
1695306961139 1.0 448000
1695306995357 1.0 452000
1695307028959 1.0 456000
1695307061199 1.0 460000
1695307093413 1.0 464000
1695307128227 1.0 468000
1695307160946 1.0 472000
1695307193776 1.0 476000
1695307226932 1.0 480000
1695307261343 1.0 484000
1695307295811 1.0 488000
1695307328605 1.0 492000
1695307362235 1.0 496000
1695307398573 1.0 500000
1695307433822 1.0 504000
1695307466857 1.0 508000
1695307502353 1.0 512000
1695307540919 1.0 516000
1695307575807 1.0 520000
1695307615233 1.0 524000
1695307652955 1.0 528000
1695307689020 1.0 532000
1695307724794 1.0 536000
1695307759423 1.0 540000
1695307803671 1.0 544000
1695307846251 1.0 548000
1695307880732 1.0 552000
1695307919659 1.0 556000
1695307956831 1.0 560000
1695307994904 1.0 564000
1695308028057 1.0 568000
1695308062930 1.0 572000
1695308098132 1.0 576000
1695308132148 1.0 580000
1695308167257 1.0 584000
1695308204646 1.0 588000
1695308240261 1.0 592000
1695308275307 1.0 596000
1695308317671 1.0 600000
1695308353442 1.0 604000
1695308394795 1.0 608000
1695308433163 1.0 612000
1695308469790 1.0 616000
1695308516223 1.0 620000
1695308552800 1.0 624000
1695308589984 1.0 628000
1695308629766 1.0 632000
1695308665828 1.0 636000
1695308704003 1.0 640000
1695308741070 1.0 644000
1695308776481 1.0 648000
1695308813158 1.0 652000
1695308854545 1.0 656000
1695308889201 1.0 660000
1695308922296 1.0 664000
1695308955670 1.0 668000
1695308990687 1.0 672000
1695309025623 1.0 676000
1695309064321 1.0 680000
1695309102483 1.0 684000
1695309138097 1.0 688000
1695309173210 1.0 692000
1695309207222 1.0 696000
1695309241641 1.0 700000
1695309278151 1.0 704000
1695309314298 1.0 708000
1695309350760 1.0 712000
1695309387611 1.0 716000
1695309422322 1.0 720000
1695309457167 1.0 724000
1695309489556 1.0 728000
1695309522327 1.0 732000
1695309555503 1.0 736000
1695309590363 1.0 740000
1695309624622 1.0 744000
1695309658593 1.0 748000
1695309692384 1.0 752000
1695309730480 1.0 756000
1695309765033 1.0 760000
1695309797521 1.0 764000
1695309829879 1.0 768000
1695309863446 1.0 772000
1695309897353 1.0 776000
1695309932718 1.0 780000
1695309969984 1.0 784000
1695310015871 1.0 788000
1695310052609 1.0 792000
1695310087783 1.0 796000
1695310125685 1.0 800000
1695310160790 1.0 804000
1695310197786 1.0 808000
1695310240377 1.0 812000
1695310277600 1.0 816000
1695310312709 1.0 820000
1695310348351 1.0 824000
1695310386690 1.0 828000
1695310421536 1.0 832000
1695310455204 1.0 836000
1695310494040 1.0 840000
1695310538740 1.0 844000
1695310575972 1.0 848000
1695310616906 1.0 852000
1695310655491 1.0 856000
1695310690354 1.0 860000
1695310724070 1.0 864000
1695310758958 1.0 868000
