1695303109732 0.0 4000
1695303138419 0.0 8000
1695303167554 0.0 12000
1695303196326 0.0 16000
1695303230394 0.0 20000
1695303262718 0.0 24000
1695303295864 0.0 28000
1695303328695 0.0 32000
1695303360588 0.0 36000
1695303392716 0.0 40000
1695303425081 0.0 44000
1695303456269 0.0 48000
1695303487993 0.0 52000
1695303518736 0.0 56000
1695303550448 0.0 60000
1695303581639 0.0 64000
1695303615377 0.0 68000
1695303648110 0.0 72000
1695303680781 0.0 76000
1695303712530 0.0 80000
1695303753732 0.0 84000
1695303786241 0.0 88000
1695303816969 0.0 92000
1695303852672 0.0 96000
1695303897846 0.0 100000
1695303939931 0.0 104000
1695303972656 0.0 108000
1695304013192 0.0 112000
1695304058367 0.0 116000
1695304101569 0.0 120000
1695304142332 0.0 124000
1695304192069 0.0 128000
1695304235752 0.0 132000
1695304278865 0.0 136000
1695304323120 0.0 140000
1695304364726 0.0 144000
1695304406602 0.0 148000
1695304450473 0.0 152000
1695304491939 0.0 156000
1695304533298 0.0 160000
1695304577740 0.0 164000
1695304622894 0.0 168000
1695304666374 0.0 172000
1695304711482 0.0 176000
1695304751060 0.0 180000
1695304788769 0.0 184000
1695304832572 0.0 188000
1695304872688 0.0 192000
1695304909410 0.0 196000
1695304945266 0.0 200000
1695304982352 0.0 204000
1695305025031 0.0 208000
1695305061260 0.0 212000
1695305097720 0.0 216000
1695305135890 0.0 220000
1695305173108 0.0 224000
1695305208319 0.0 228000
1695305242162 0.0 232000
1695305273010 0.0 236000
1695305303694 0.0 240000
1695305335043 0.0 244000
1695305365451 0.0 248000
1695305395885 0.0 252000
1695305426396 0.0 256000
1695305457134 0.0 260000
1695305487747 0.0 264000
1695305518409 0.0 268000
1695305548812 0.0 272000
1695305579514 0.0 276000
1695305610975 0.0 280000
1695305641301 0.0 284000
1695305672132 0.0 288000
1695305702374 0.0 292000
1695305733788 0.0 296000
1695305763964 0.0 300000
1695305794973 0.0 304000
1695305825378 0.0 308000
1695305856234 0.0 312000
1695305886495 0.0 316000
1695305917121 0.0 320000
1695305947607 0.0 324000
1695305978530 0.0 328000
1695306008689 0.0 332000
1695306039551 0.0 336000
1695306070919 0.0 340000
1695306101823 0.0 344000
1695306132286 0.0 348000
1695306162912 0.0 352000
1695306193402 0.0 356000
1695306224324 0.0 360000
1695306254740 0.0 364000
1695306287159 0.0 368000
1695306318526 0.0 372000
1695306351102 0.0 376000
1695306382551 0.0 380000
1695306417685 0.0 384000
1695306452242 0.0 388000
1695306486491 0.0 392000
1695306519938 0.0 396000
1695306554113 0.0 400000
1695306586117 0.0 404000
1695306620821 0.0 408000
1695306653714 0.0 412000
1695306687410 0.0 416000
1695306720495 0.0 420000
1695306752967 0.0 424000
1695306786119 0.0 428000
1695306823437 0.0 432000
1695306860243 0.0 436000
1695306893588 0.0 440000
1695306927065 0.0 444000
1695306961138 0.0 448000
1695306995357 0.0 452000
1695307028959 0.0 456000
1695307061198 0.0 460000
1695307093413 0.0 464000
1695307128226 0.0 468000
1695307160946 0.0 472000
1695307193776 0.0 476000
1695307226932 0.0 480000
1695307261343 0.0 484000
1695307295811 0.0 488000
1695307328604 0.0 492000
1695307362235 0.0 496000
1695307398573 0.0 500000
1695307433822 0.0 504000
1695307466856 0.0 508000
1695307502353 0.0 512000
1695307540919 0.0 516000
1695307575807 0.0 520000
1695307615232 0.0 524000
1695307652954 0.0 528000
1695307689019 0.0 532000
1695307724794 0.0 536000
1695307759423 0.0 540000
1695307803671 0.0 544000
1695307846250 0.0 548000
1695307880732 0.0 552000
1695307919659 0.0 556000
1695307956830 0.0 560000
1695307994903 0.0 564000
1695308028056 0.0 568000
1695308062929 0.0 572000
1695308098132 0.0 576000
1695308132148 0.0 580000
1695308167257 0.0 584000
1695308204645 0.0 588000
1695308240260 0.0 592000
1695308275307 0.0 596000
1695308317671 0.0 600000
1695308353441 0.0 604000
1695308394795 0.0 608000
1695308433162 0.0 612000
1695308469790 0.0 616000
1695308516222 0.0 620000
1695308552800 0.0 624000
1695308589983 0.0 628000
1695308629765 0.0 632000
1695308665827 0.0 636000
1695308704003 0.0 640000
1695308741069 0.0 644000
1695308776481 0.0 648000
1695308813158 0.0 652000
1695308854545 0.0 656000
1695308889200 0.0 660000
1695308922295 0.0 664000
1695308955670 0.0 668000
1695308990686 0.0 672000
1695309025622 0.0 676000
1695309064320 0.0 680000
1695309102482 0.0 684000
1695309138096 0.0 688000
1695309173209 0.0 692000
1695309207222 0.0 696000
1695309241641 0.0 700000
1695309278150 0.0 704000
1695309314298 0.0 708000
1695309350760 0.0 712000
1695309387611 0.0 716000
1695309422322 0.0 720000
1695309457166 0.0 724000
1695309489556 0.0 728000
1695309522326 0.0 732000
1695309555503 0.0 736000
1695309590363 0.0 740000
1695309624622 0.0 744000
1695309658593 0.0 748000
1695309692383 0.0 752000
1695309730480 0.0 756000
1695309765033 0.0 760000
1695309797521 0.0 764000
1695309829878 0.0 768000
1695309863446 0.0 772000
1695309897353 0.0 776000
1695309932718 0.0 780000
1695309969983 0.0 784000
1695310015871 0.0 788000
1695310052609 0.0 792000
1695310087782 0.0 796000
1695310125685 0.0 800000
1695310160790 0.0 804000
1695310197785 0.0 808000
1695310240377 0.0 812000
1695310277600 0.0 816000
1695310312709 0.0 820000
1695310348351 0.0 824000
1695310386689 0.0 828000
1695310421536 0.0 832000
1695310455203 0.0 836000
1695310494039 0.0 840000
1695310538740 0.0 844000
1695310575972 0.0 848000
1695310616906 0.0 852000
1695310655490 0.0 856000
1695310690354 0.0 860000
1695310724070 0.0 864000
1695310758957 0.0 868000
