1695303109764 1.0 4000
1695303138451 1.0 8000
1695303167585 1.0 12000
1695303196358 1.0 16000
1695303230429 1.0 20000
1695303262749 1.0 24000
1695303295894 1.0 28000
1695303328726 1.0 32000
1695303360621 1.0 36000
1695303392747 1.0 40000
1695303425111 1.0 44000
1695303456300 1.0 48000
1695303488023 1.0 52000
1695303518767 1.0 56000
1695303550478 1.0 60000
1695303581668 1.0 64000
1695303615409 1.0 68000
1695303648140 1.0 72000
1695303680811 1.0 76000
1695303712560 1.0 80000
1695303753763 1.0 84000
1695303786272 1.0 88000
1695303817001 1.0 92000
1695303852711 1.0 96000
1695303897905 1.0 100000
1695303939961 1.0 104000
1695303972698 1.0 108000
1695304013229 1.0 112000
1695304058408 1.0 116000
1695304101609 1.0 120000
1695304142372 1.0 124000
1695304192116 1.0 128000
1695304235792 1.0 132000
1695304278905 1.0 136000
1695304323161 1.0 140000
1695304364765 1.0 144000
1695304406648 1.0 148000
1695304450514 1.0 152000
1695304491973 1.0 156000
1695304533336 1.0 160000
1695304577778 1.0 164000
1695304622934 1.0 168000
1695304666410 1.0 172000
1695304711513 1.0 176000
1695304751095 1.0 180000
1695304788803 1.0 184000
1695304832602 1.0 188000
1695304872723 1.0 192000
1695304909444 1.0 196000
1695304945299 1.0 200000
1695304982386 1.0 204000
1695305025069 1.0 208000
1695305061293 1.0 212000
1695305097756 1.0 216000
1695305135925 1.0 220000
1695305173143 1.0 224000
1695305208352 1.0 228000
1695305242191 1.0 232000
1695305273038 1.0 236000
1695305303728 1.0 240000
1695305335072 1.0 244000
1695305365482 1.0 248000
1695305395913 1.0 252000
1695305426427 1.0 256000
1695305457163 1.0 260000
1695305487777 1.0 264000
1695305518438 1.0 268000
1695305548843 1.0 272000
1695305579542 1.0 276000
1695305611004 1.0 280000
1695305641329 1.0 284000
1695305672160 1.0 288000
1695305702403 1.0 292000
1695305733817 1.0 296000
1695305763996 1.0 300000
1695305795001 1.0 304000
1695305825407 1.0 308000
1695305856262 1.0 312000
1695305886522 1.0 316000
1695305917149 1.0 320000
1695305947636 1.0 324000
1695305978557 1.0 328000
1695306008718 1.0 332000
1695306039580 1.0 336000
1695306070948 1.0 340000
1695306101853 1.0 344000
1695306132314 1.0 348000
1695306162941 1.0 352000
1695306193430 1.0 356000
1695306224353 1.0 360000
1695306254768 1.0 364000
1695306287188 1.0 368000
1695306318555 1.0 372000
1695306351135 1.0 376000
1695306382578 1.0 380000
1695306417717 1.0 384000
1695306452279 1.0 388000
1695306486523 1.0 392000
1695306519967 1.0 396000
1695306554145 1.0 400000
1695306586147 1.0 404000
1695306620853 1.0 408000
1695306653743 1.0 412000
1695306687443 1.0 416000
1695306720525 1.0 420000
1695306752997 1.0 424000
1695306786149 1.0 428000
1695306823471 1.0 432000
1695306860274 1.0 436000
1695306893618 1.0 440000
1695306927098 1.0 444000
1695306961169 1.0 448000
1695306995386 1.0 452000
1695307028989 1.0 456000
1695307061229 1.0 460000
1695307093444 1.0 464000
1695307128257 1.0 468000
1695307160979 1.0 472000
1695307193807 1.0 476000
1695307226965 1.0 480000
1695307261373 1.0 484000
1695307295840 1.0 488000
1695307328635 1.0 492000
1695307362266 1.0 496000
1695307398609 1.0 500000
1695307433850 1.0 504000
1695307466891 1.0 508000
1695307502396 1.0 512000
1695307540952 1.0 516000
1695307575838 1.0 520000
1695307615274 1.0 524000
1695307652984 1.0 528000
1695307689062 1.0 532000
1695307724825 1.0 536000
1695307759453 1.0 540000
1695307803714 1.0 544000
1695307846281 1.0 548000
1695307880767 1.0 552000
1695307919691 1.0 556000
1695307956866 1.0 560000
1695307994934 1.0 564000
1695308028087 1.0 568000
1695308062961 1.0 572000
1695308098161 1.0 576000
1695308132180 1.0 580000
1695308167288 1.0 584000
1695308204680 1.0 588000
1695308240291 1.0 592000
1695308275341 1.0 596000
1695308317706 1.0 600000
1695308353476 1.0 604000
1695308394838 1.0 608000
1695308433192 1.0 612000
1695308469826 1.0 616000
1695308516257 1.0 620000
1695308552833 1.0 624000
1695308590020 1.0 628000
1695308629800 1.0 632000
1695308665870 1.0 636000
1695308704038 1.0 640000
1695308741101 1.0 644000
1695308776513 1.0 648000
1695308813195 1.0 652000
1695308854575 1.0 656000
1695308889231 1.0 660000
1695308922326 1.0 664000
1695308955701 1.0 668000
1695308990720 1.0 672000
1695309025661 1.0 676000
1695309064357 1.0 680000
1695309102515 1.0 684000
1695309138131 1.0 688000
1695309173241 1.0 692000
1695309207255 1.0 696000
1695309241672 1.0 700000
1695309278183 1.0 704000
1695309314335 1.0 708000
1695309350790 1.0 712000
1695309387643 1.0 716000
1695309422352 1.0 720000
1695309457197 1.0 724000
1695309489584 1.0 728000
1695309522356 1.0 732000
1695309555534 1.0 736000
1695309590395 1.0 740000
1695309624653 1.0 744000
1695309658623 1.0 748000
1695309692413 1.0 752000
1695309730523 1.0 756000
1695309765063 1.0 760000
1695309797550 1.0 764000
1695309829909 1.0 768000
1695309863476 1.0 772000
1695309897386 1.0 776000
1695309932749 1.0 780000
1695309970017 1.0 784000
1695310015902 1.0 788000
1695310052642 1.0 792000
1695310087817 1.0 796000
1695310125721 1.0 800000
1695310160819 1.0 804000
1695310197821 1.0 808000
1695310240412 1.0 812000
1695310277631 1.0 816000
1695310312741 1.0 820000
1695310348385 1.0 824000
1695310386730 1.0 828000
1695310421566 1.0 832000
1695310455235 1.0 836000
1695310494074 1.0 840000
1695310538770 1.0 844000
1695310576005 1.0 848000
1695310616961 1.0 852000
1695310655521 1.0 856000
1695310690385 1.0 860000
1695310724099 1.0 864000
1695310758988 1.0 868000
