1695303109658 0.0 4000
1695303138346 0.0 8000
1695303167483 0.0 12000
1695303196252 0.0 16000
1695303230310 0.0 20000
1695303262646 0.0 24000
1695303295793 0.0 28000
1695303328626 0.0 32000
1695303360514 0.0 36000
1695303392644 0.0 40000
1695303425011 0.0 44000
1695303456197 0.0 48000
1695303487922 0.0 52000
1695303518666 0.0 56000
1695303550379 0.0 60000
1695303581569 0.0 64000
1695303615302 0.0 68000
1695303648044 0.0 72000
1695303680711 0.0 76000
1695303712462 0.0 80000
1695303753658 0.0 84000
1695303786173 0.0 88000
1695303816895 0.0 92000
1695303852583 0.0 96000
1695303897694 0.0 100000
1695303939864 0.0 104000
1695303972582 0.0 108000
1695304013105 0.0 112000
1695304058273 0.0 116000
1695304101489 0.0 120000
1695304142251 0.0 124000
1695304191958 0.0 128000
1695304235663 0.0 132000
1695304278773 0.0 136000
1695304323031 0.0 140000
1695304364627 0.0 144000
1695304406491 0.0 148000
1695304450381 0.0 152000
1695304491861 0.0 156000
1695304533209 0.0 160000
1695304577655 0.0 164000
1695304622797 0.0 168000
1695304666293 0.0 172000
1695304711415 0.0 176000
1695304750981 0.0 180000
1695304788688 0.0 184000
1695304832493 0.0 188000
1695304872606 0.0 192000
1695304909324 0.0 196000
1695304945191 0.0 200000
1695304982274 0.0 204000
1695305024946 0.0 208000
1695305061183 0.0 212000
1695305097642 0.0 216000
1695305135812 0.0 220000
1695305173030 0.0 224000
1695305208245 0.0 228000
1695305242097 0.0 232000
1695305272944 0.0 236000
1695305303617 0.0 240000
1695305334978 0.0 244000
1695305365382 0.0 248000
1695305395820 0.0 252000
1695305426325 0.0 256000
1695305457071 0.0 260000
1695305487676 0.0 264000
1695305518345 0.0 268000
1695305548742 0.0 272000
1695305579451 0.0 276000
1695305610908 0.0 280000
1695305641235 0.0 284000
1695305672071 0.0 288000
1695305702308 0.0 292000
1695305733724 0.0 296000
1695305763885 0.0 300000
1695305794907 0.0 304000
1695305825312 0.0 308000
1695305856169 0.0 312000
1695305886432 0.0 316000
1695305917056 0.0 320000
1695305947541 0.0 324000
1695305978469 0.0 328000
1695306008623 0.0 332000
1695306039484 0.0 336000
1695306070853 0.0 340000
1695306101756 0.0 344000
1695306132222 0.0 348000
1695306162847 0.0 352000
1695306193335 0.0 356000
1695306224259 0.0 360000
1695306254674 0.0 364000
1695306287093 0.0 368000
1695306318460 0.0 372000
1695306351029 0.0 376000
1695306382488 0.0 380000
1695306417614 0.0 384000
1695306452166 0.0 388000
1695306486419 0.0 392000
1695306519873 0.0 396000
1695306554042 0.0 400000
1695306586048 0.0 404000
1695306620747 0.0 408000
1695306653647 0.0 412000
1695306687334 0.0 416000
1695306720425 0.0 420000
1695306752899 0.0 424000
1695306786053 0.0 428000
1695306823340 0.0 432000
1695306860172 0.0 436000
1695306893519 0.0 440000
1695306926988 0.0 444000
1695306961070 0.0 448000
1695306995288 0.0 452000
1695307028890 0.0 456000
1695307061127 0.0 460000
1695307093342 0.0 464000
1695307128157 0.0 468000
1695307160871 0.0 472000
1695307193707 0.0 476000
1695307226860 0.0 480000
1695307261272 0.0 484000
1695307295744 0.0 488000
1695307328534 0.0 492000
1695307362163 0.0 496000
1695307398496 0.0 500000
1695307433751 0.0 504000
1695307466779 0.0 508000
1695307502276 0.0 512000
1695307540835 0.0 516000
1695307575737 0.0 520000
1695307615154 0.0 524000
1695307652885 0.0 528000
1695307688938 0.0 532000
1695307724720 0.0 536000
1695307759354 0.0 540000
1695307803555 0.0 544000
1695307846181 0.0 548000
1695307880654 0.0 552000
1695307919585 0.0 556000
1695307956746 0.0 560000
1695307994826 0.0 564000
1695308027986 0.0 568000
1695308062857 0.0 572000
1695308098063 0.0 576000
1695308132073 0.0 580000
1695308167186 0.0 584000
1695308204562 0.0 588000
1695308240191 0.0 592000
1695308275228 0.0 596000
1695308317591 0.0 600000
1695308353368 0.0 604000
1695308394698 0.0 608000
1695308433093 0.0 612000
1695308469710 0.0 616000
1695308516144 0.0 620000
1695308552723 0.0 624000
1695308589901 0.0 628000
1695308629685 0.0 632000
1695308665735 0.0 636000
1695308703922 0.0 640000
1695308741000 0.0 644000
1695308776404 0.0 648000
1695308813075 0.0 652000
1695308854476 0.0 656000
1695308889130 0.0 660000
1695308922225 0.0 664000
1695308955598 0.0 668000
1695308990609 0.0 672000
1695309025538 0.0 676000
1695309064231 0.0 680000
1695309102404 0.0 684000
1695309138019 0.0 688000
1695309173137 0.0 692000
1695309207148 0.0 696000
1695309241571 0.0 700000
1695309278075 0.0 704000
1695309314216 0.0 708000
1695309350692 0.0 712000
1695309387536 0.0 716000
1695309422253 0.0 720000
1695309457097 0.0 724000
1695309489490 0.0 728000
1695309522258 0.0 732000
1695309555432 0.0 736000
1695309590291 0.0 740000
1695309624552 0.0 744000
1695309658523 0.0 748000
1695309692316 0.0 752000
1695309730389 0.0 756000
1695309764964 0.0 760000
1695309797455 0.0 764000
1695309829808 0.0 768000
1695309863376 0.0 772000
1695309897282 0.0 776000
1695309932647 0.0 780000
1695309969903 0.0 784000
1695310015798 0.0 788000
1695310052535 0.0 792000
1695310087706 0.0 796000
1695310125611 0.0 800000
1695310160723 0.0 804000
1695310197707 0.0 808000
1695310240295 0.0 812000
1695310277529 0.0 816000
1695310312635 0.0 820000
1695310348272 0.0 824000
1695310386596 0.0 828000
1695310421469 0.0 832000
1695310455130 0.0 836000
1695310493963 0.0 840000
1695310538671 0.0 844000
1695310575896 0.0 848000
1695310616807 0.0 852000
1695310655420 0.0 856000
1695310690284 0.0 860000
1695310724001 0.0 864000
1695310758888 0.0 868000
