1695303109659 15.0 4000
1695303138347 31.0 8000
1695303167484 52.0 12000
1695303196253 72.0 16000
1695303230310 93.0 20000
1695303262646 113.0 24000
1695303295793 134.0 28000
1695303328626 159.0 32000
1695303360514 193.0 36000
1695303392645 216.0 40000
1695303425011 248.0 44000
1695303456197 289.0 48000
1695303487923 324.0 52000
1695303518667 363.0 56000
1695303550379 420.0 60000
1695303581569 476.0 64000
1695303615302 546.0 68000
1695303648045 616.0 72000
1695303680712 719.0 76000
1695303712463 825.0 80000
1695303753658 936.0 84000
1695303786173 1076.0 88000
1695303816896 1193.0 92000
1695303852584 1340.0 96000
1695303897694 1504.0 100000
1695303939865 1708.0 104000
1695303972582 1923.0 108000
1695304013106 2154.0 112000
1695304058274 2373.0 116000
1695304101490 2617.0 120000
1695304142251 2866.0 124000
1695304191959 3127.0 128000
1695304235663 3389.0 132000
1695304278774 3663.0 136000
1695304323031 3923.0 140000
1695304364628 4225.0 144000
1695304406492 4512.0 148000
1695304450382 4793.0 152000
1695304491862 5093.0 156000
1695304533209 5388.0 160000
1695304577655 5700.0 164000
1695304622797 5982.0 168000
1695304666293 6275.0 172000
1695304711415 6551.0 176000
1695304750982 6839.0 180000
1695304788689 7129.0 184000
1695304832494 7427.0 188000
1695304872607 7737.0 192000
1695304909325 8016.0 196000
1695304945191 8313.0 200000
1695304982275 8601.0 204000
1695305024946 8901.0 208000
1695305061184 9177.0 212000
1695305097643 9485.0 216000
1695305135812 9772.0 220000
1695305173031 10065.0 224000
1695305208245 10358.0 228000
1695305242098 10613.0 232000
1695305272945 10898.0 236000
1695305303617 11197.0 240000
1695305334978 11462.0 244000
1695305365382 11749.0 248000
1695305395820 12035.0 252000
1695305426325 12330.0 256000
1695305457072 12611.0 260000
1695305487676 12887.0 264000
1695305518345 13171.0 268000
1695305548742 13459.0 272000
1695305579451 13747.0 276000
1695305610908 14050.0 280000
1695305641235 14344.0 284000
1695305672071 14638.0 288000
1695305702309 14910.0 292000
1695305733724 15207.0 296000
1695305763885 15507.0 300000
1695305794908 15785.0 304000
1695305825313 16056.0 308000
1695305856169 16359.0 312000
1695305886432 16655.0 316000
1695305917056 16958.0 320000
1695305947542 17256.0 324000
1695305978469 17559.0 328000
1695306008623 17856.0 332000
1695306039484 18159.0 336000
1695306070853 18467.0 340000
1695306101757 18781.0 344000
1695306132222 19074.0 348000
1695306162848 19370.0 352000
1695306193336 19678.0 356000
1695306224259 19974.0 360000
1695306254674 20263.0 364000
1695306287093 20551.0 368000
1695306318460 20845.0 372000
1695306351030 21145.0 376000
1695306382488 21454.0 380000
1695306417614 21753.0 384000
1695306452166 22058.0 388000
1695306486420 22370.0 392000
1695306519873 22684.0 396000
1695306554042 22975.0 400000
1695306586048 23279.0 404000
1695306620747 23566.0 408000
1695306653648 23858.0 412000
1695306687335 24167.0 416000
1695306720425 24481.0 420000
1695306752900 24768.0 424000
1695306786054 25068.0 428000
1695306823341 25345.0 432000
1695306860172 25646.0 436000
1695306893519 25952.0 440000
1695306926988 26257.0 444000
1695306961070 26553.0 448000
1695306995288 26856.0 452000
1695307028891 27166.0 456000
1695307061127 27458.0 460000
1695307093343 27749.0 464000
1695307128157 28056.0 468000
1695307160871 28352.0 472000
1695307193707 28649.0 476000
1695307226860 28952.0 480000
1695307261272 29264.0 484000
1695307295744 29549.0 488000
1695307328534 29841.0 492000
1695307362163 30126.0 496000
1695307398497 30429.0 500000
1695307433751 30733.0 504000
1695307466780 31026.0 508000
1695307502277 31332.0 512000
1695307540835 31633.0 516000
1695307575737 31941.0 520000
1695307615155 32251.0 524000
1695307652886 32552.0 528000
1695307688938 32860.0 532000
1695307724721 33176.0 536000
1695307759355 33483.0 540000
1695307803556 33799.0 544000
1695307846182 34107.0 548000
1695307880654 34409.0 552000
1695307919586 34718.0 556000
1695307956746 35022.0 560000
1695307994827 35333.0 564000
1695308027987 35639.0 568000
1695308062857 35943.0 572000
1695308098064 36229.0 576000
1695308132073 36546.0 580000
1695308167187 36853.0 584000
1695308204563 37158.0 588000
1695308240191 37469.0 592000
1695308275228 37777.0 596000
1695308317592 38090.0 600000
1695308353368 38407.0 604000
1695308394698 38714.0 608000
1695308433094 39022.0 612000
1695308469710 39318.0 616000
1695308516145 39623.0 620000
1695308552723 39934.0 624000
1695308589901 40241.0 628000
1695308629685 40554.0 632000
1695308665736 40841.0 636000
1695308703922 41150.0 640000
1695308741000 41464.0 644000
1695308776404 41779.0 648000
1695308813076 42086.0 652000
1695308854477 42392.0 656000
1695308889130 42710.0 660000
1695308922226 43017.0 664000
1695308955598 43318.0 668000
1695308990609 43625.0 672000
1695309025539 43931.0 676000
1695309064232 44235.0 680000
1695309102405 44529.0 684000
1695309138020 44842.0 688000
1695309173137 45151.0 692000
1695309207148 45462.0 696000
1695309241572 45768.0 700000
1695309278075 46072.0 704000
1695309314216 46378.0 708000
1695309350692 46684.0 712000
1695309387537 46995.0 716000
1695309422253 47306.0 720000
1695309457098 47621.0 724000
1695309489491 47936.0 728000
1695309522258 48222.0 732000
1695309555433 48535.0 736000
1695309590291 48841.0 740000
1695309624552 49144.0 744000
1695309658524 49464.0 748000
1695309692316 49760.0 752000
1695309730389 50073.0 756000
1695309764964 50393.0 760000
1695309797456 50682.0 764000
1695309829809 50976.0 768000
1695309863377 51284.0 772000
1695309897282 51601.0 776000
1695309932647 51896.0 780000
1695309969903 52201.0 784000
1695310015799 52513.0 788000
1695310052535 52830.0 792000
1695310087707 53136.0 796000
1695310125612 53439.0 800000
1695310160724 53749.0 804000
1695310197708 54065.0 808000
1695310240296 54378.0 812000
1695310277530 54694.0 816000
1695310312636 55008.0 820000
1695310348272 55328.0 824000
1695310386596 55631.0 828000
1695310421469 55930.0 832000
1695310455130 56248.0 836000
1695310493963 56557.0 840000
1695310538671 56868.0 844000
1695310575897 57179.0 848000
1695310616807 57492.0 852000
1695310655420 57808.0 856000
1695310690285 58126.0 860000
1695310724002 58439.0 864000
1695310758888 58749.0 868000
