1695303109651 -0.1388 4000
1695303138339 0.031903225806451566 8000
1695303167476 -0.014653846153846208 12000
1695303196245 -0.009722222222222262 16000
1695303230301 -0.027344086021505412 20000
1695303262638 0.0037399999999999543 24000
1695303295786 0.005319999999999953 28000
1695303328619 0.05966999999999996 32000
1695303360506 0.06337999999999998 36000
1695303392637 0.06734999999999997 40000
1695303425003 0.06917999999999998 44000
1695303456190 0.08972999999999999 48000
1695303487915 0.15333999999999998 52000
1695303518659 0.14281999999999997 56000
1695303550372 0.06534 60000
1695303581562 0.04221 64000
1695303615294 0.060589999999999984 68000
1695303648038 0.12641 72000
1695303680705 0.08807766990291262 76000
1695303712455 0.06978301886792453 80000
1695303753651 0.0474954954954955 84000
1695303786166 0.15912857142857142 88000
1695303816886 0.11494017094017095 92000
1695303852575 0.11125850340136052 96000
1695303897684 0.1195060975609756 100000
1695303939858 0.12983333333333333 104000
1695303972575 0.10239069767441861 108000
1695304013097 0.09704761904761904 112000
1695304058264 0.14432876712328765 116000
1695304101481 0.13120901639344262 120000
1695304142243 0.1401566265060241 124000
1695304191948 0.1487432950191571 128000
1695304235654 0.13074045801526718 132000
1695304278763 0.13217153284671534 136000
1695304323021 0.15778076923076922 140000
1695304364616 0.15619867549668873 144000
1695304406477 0.18508013937282228 148000
1695304450372 0.16438078291814948 152000
1695304491853 0.20245999999999995 156000
1695304533201 0.2062915254237288 160000
1695304577646 0.20286538461538461 164000
1695304622788 0.20368439716312056 168000
1695304666285 0.21929010238907848 172000
1695304711408 0.24503985507246376 176000
1695304750973 0.26435416666666667 180000
1695304788681 0.2951793103448276 184000
1695304832482 0.2931375838926174 188000
1695304872599 0.30774193548387097 192000
1695304909316 0.31470250896057345 196000
1695304945183 0.30972727272727274 200000
1695304982266 0.3237395833333333 204000
1695305024937 0.38159666666666664 208000
1695305061176 0.383518115942029 212000
1695305097635 0.38418506493506493 216000
1695305135804 0.45228571428571424 220000
1695305173023 0.4157372013651877 224000
1695305208237 0.42934812286689417 228000
1695305242091 0.4544509803921568 232000
1695305272938 0.4793157894736842 236000
1695305303609 0.4648662207357859 240000
1695305334971 0.484532075471698 244000
1695305365375 0.47969337979094073 248000
1695305395814 0.527451048951049 252000
1695305426318 0.5058881355932204 256000
1695305457065 0.494459074733096 260000
1695305487669 0.5177463768115942 264000
1695305518338 0.5629929577464788 268000
1695305548735 0.6019895833333333 272000
1695305579445 0.5948854166666666 276000
1695305610901 0.5543795379537954 280000
1695305641228 0.6065748299319728 284000
1695305672065 0.604904761904762 288000
1695305702302 0.5786580882352941 292000
1695305733717 0.597087542087542 296000
1695305763878 0.5730766666666667 300000
1695305794901 0.5820863309352518 304000
1695305825306 0.606380073800738 308000
1695305856162 0.5989867986798679 312000
1695305886425 0.5625371621621621 316000
1695305917049 0.6079075907590759 320000
1695305947535 0.6173154362416107 324000
1695305978463 0.6272442244224423 328000
1695306008616 0.6194814814814814 332000
1695306039477 0.62406600660066 336000
1695306070846 0.6249512987012987 340000
1695306101750 0.6491464968152866 344000
1695306132216 0.6550204778156996 348000
1695306162841 0.6316858108108109 352000
1695306193329 0.5856493506493506 356000
1695306224253 0.6465168918918918 360000
1695306254667 0.6312422145328719 364000
1695306287087 0.6243680555555556 368000
1695306318454 0.6239421768707484 372000
1695306351023 0.6575866666666667 376000
1695306382482 0.6276763754045307 380000
1695306417607 0.675628762541806 384000
1695306452159 0.6306622950819673 388000
1695306486412 0.6153878205128205 392000
1695306519866 0.6282165605095541 396000
1695306554035 0.6690721649484536 400000
1695306586041 0.658578947368421 404000
1695306620740 0.7106933797909408 408000
1695306653641 0.7151232876712329 412000
1695306687327 0.6175857605177993 416000
1695306720418 0.627076433121019 420000
1695306752893 0.6792090592334494 424000
1695306786047 0.6369333333333334 428000
1695306823333 0.6133754512635379 432000
1695306860165 0.6841960132890365 436000
1695306893511 0.674702614379085 440000
1695306926980 0.6718360655737705 444000
1695306961063 0.6545675675675675 448000
1695306995281 0.6533135313531353 452000
1695307028883 0.6414967741935483 456000
1695307061119 0.6621643835616438 460000
1695307093335 0.6662920962199312 464000
1695307128150 0.5992442996742671 468000
1695307160863 0.6787567567567567 472000
1695307193700 0.6359124579124579 476000
1695307226853 0.6598052805280528 480000
1695307261265 0.6566185897435898 484000
1695307295737 0.6597087719298246 488000
1695307328527 0.6575582191780822 492000
1695307362156 0.6430526315789473 496000
1695307398489 0.6597623762376238 500000
1695307433744 0.6507927631578948 504000
1695307466772 0.6314163822525597 508000
1695307502269 0.652954248366013 512000
1695307540827 0.6460631229235879 516000
1695307575730 0.6635357142857143 520000
1695307615146 0.6433096774193549 524000
1695307652878 0.7242823920265781 528000
1695307688931 0.6564772727272727 532000
1695307724713 0.6278797468354431 536000
1695307759347 0.687214983713355 540000
1695307803543 0.638743670886076 544000
1695307846175 0.6476071428571428 548000
1695307880643 0.7248543046357616 552000
1695307919578 0.6438543689320388 556000
1695307956738 0.6734572368421052 560000
1695307994819 0.6443536977491962 564000
1695308027979 0.6663039215686275 568000
1695308062850 0.6787565789473684 572000
1695308098056 0.6505209790209789 576000
1695308132066 0.6668296529968454 580000
1695308167180 0.5778110749185668 584000
1695308204554 0.6355737704918033 588000
1695308240184 0.6557234726688103 592000
1695308275220 0.6330844155844156 596000
1695308317583 0.6607795527156549 600000
1695308353359 0.6479589905362777 604000
1695308394687 0.6626938110749185 608000
1695308433086 0.7022727272727273 612000
1695308469702 0.6686722972972973 616000
1695308516137 0.6385934426229509 620000
1695308552715 0.6621318327974277 624000
1695308589892 0.6396221498371336 628000
1695308629677 0.608188498402556 632000
1695308665723 0.6566655052264809 636000
1695308703914 0.6349546925566343 640000
1695308740993 0.6286974522292994 644000
1695308776396 0.6219174603174603 648000
1695308813067 0.6608664495114006 652000
1695308854469 0.6304183006535947 656000
1695308889122 0.5891069182389936 660000
1695308922218 0.5959934853420196 664000
1695308955591 0.6040764119601328 668000
1695308990601 0.6299218241042346 672000
1695309025530 0.6403169934640524 676000
1695309064223 0.662328947368421 680000
1695309102397 0.666860544217687 684000
1695309138012 0.6604025559105432 688000
1695309173130 0.6196537216828479 692000
1695309207140 0.6730064308681672 696000
1695309241564 0.6662581699346405 700000
1695309278067 0.7169078947368421 704000
1695309314208 0.6743660130718954 708000
1695309350685 0.6484673202614378 712000
1695309387529 0.642604501607717 716000
1695309422246 0.6572636655948553 720000
1695309457090 0.6532412698412698 724000
1695309489483 0.6428285714285714 728000
1695309522251 0.7023111888111888 732000
1695309555425 0.6529488817891373 736000
1695309590284 0.6264084967320261 740000
1695309624545 0.6140924092409241 744000
1695309658516 0.64328125 748000
1695309692309 0.7099763513513513 752000
1695309730380 0.6636198083067093 756000
1695309764957 0.6151500000000001 760000
1695309797449 0.6794256055363321 764000
1695309829801 0.6512619047619047 768000
1695309863370 0.6714448051948052 772000
1695309897275 0.6133123028391166 776000
1695309932640 0.6364983050847457 780000
1695309969895 0.662272131147541 784000
1695310015791 0.6331185897435898 788000
1695310052527 0.6255394321766561 792000
1695310087699 0.6530947712418301 796000
1695310125604 0.6237326732673267 800000
1695310160716 0.6091161290322581 804000
1695310197700 0.6342088607594938 808000
1695310240284 0.6260638977635784 812000
1695310277522 0.6088797468354431 816000
1695310312628 0.6539235668789809 820000
1695310348264 0.620246875 824000
1695310386589 0.6904587458745874 828000
1695310421462 0.6319297658862877 832000
1695310455122 0.6252672955974843 836000
1695310493955 0.6305792880258899 840000
1695310538664 0.6395016077170418 844000
1695310575889 0.6807491961414792 848000
1695310616792 0.6420862619808307 852000
1695310655413 0.6769462025316455 856000
1695310690278 0.6286132075471698 860000
1695310723995 0.6766645367412141 864000
1695310758881 0.6289709677419355 868000
