1695303109650 0.9279999999999999 4000
1695303138338 0.9279999999999999 8000
1695303167476 1.0179999999999998 12000
1695303196244 1.0179999999999998 16000
1695303230300 1.0179999999999998 20000
1695303262638 1.0179999999999998 24000
1695303295785 1.0179999999999998 28000
1695303328618 0.9189999999999999 32000
1695303360505 0.9189999999999999 36000
1695303392636 0.9259999999999999 40000
1695303425003 1.0829999999999997 44000
1695303456189 1.0829999999999997 48000
1695303487914 0.9319999999999999 52000
1695303518659 0.9319999999999999 56000
1695303550371 0.9259999999999999 60000
1695303581561 0.9390000000000001 64000
1695303615293 1.835 68000
1695303648037 1.835 72000
1695303680704 1.4449999999999998 76000
1695303712454 1.4329999999999998 80000
1695303753650 1.33 84000
1695303786165 1.173 88000
1695303816885 0.9249999999999998 92000
1695303852573 0.968 96000
1695303897683 1.412 100000
1695303939857 1.885 104000
1695303972574 0.873 108000
1695304013096 0.962 112000
1695304058263 1.346 116000
1695304101480 0.9609999999999999 120000
1695304142242 1.458 124000
1695304191947 1.442 128000
1695304235653 0.9660000000000002 132000
1695304278762 1.432 136000
1695304323020 1.436 140000
1695304364615 1.4580000000000002 144000
1695304406475 1.448 148000
1695304450371 1.443 152000
1695304491852 1.46 156000
1695304533199 1.4449999999999998 160000
1695304577645 1.459 164000
1695304622786 1.453 168000
1695304666284 1.4569999999999999 172000
1695304711407 1.454 176000
1695304750972 0.97 180000
1695304788680 1.94 184000
1695304832481 1.448 188000
1695304872598 1.46 192000
1695304909315 1.46 196000
1695304945182 1.9529999999999998 200000
1695304982265 1.459 204000
1695305024936 1.46 208000
1695305061175 1.459 212000
1695305097634 1.954 216000
1695305135803 1.946 220000
1695305173022 1.958 224000
1695305208236 1.46 228000
1695305242090 1.4609999999999999 232000
1695305272937 1.46 236000
1695305303608 1.954 240000
1695305334970 1.46 244000
1695305365374 1.46 248000
1695305395813 1.959 252000
1695305426317 1.954 256000
1695305457064 1.955 260000
1695305487668 1.955 264000
1695305518337 1.9609999999999999 268000
1695305548734 1.956 272000
1695305579444 1.9529999999999998 276000
1695305610901 1.955 280000
1695305641227 1.9569999999999999 284000
1695305672064 1.96 288000
1695305702301 1.956 292000
1695305733717 1.958 296000
1695305763877 1.46 300000
1695305794900 1.9609999999999999 304000
1695305825305 1.948 308000
1695305856162 1.9609999999999999 312000
1695305886424 1.9569999999999999 316000
1695305917049 1.9609999999999999 320000
1695305947534 1.9569999999999999 324000
1695305978462 1.952 328000
1695306008615 1.9609999999999999 332000
1695306039476 1.932 336000
1695306070845 1.952 340000
1695306101749 1.9529999999999998 344000
1695306132215 1.954 348000
1695306162840 1.954 352000
1695306193328 1.956 356000
1695306224252 1.9369999999999998 360000
1695306254666 1.96 364000
1695306287086 1.955 368000
1695306318453 1.948 372000
1695306351022 1.929 376000
1695306382481 1.96 380000
1695306417606 1.9609999999999999 384000
1695306452158 1.4609999999999999 388000
1695306486411 1.954 392000
1695306519865 1.96 396000
1695306554034 1.9609999999999999 400000
1695306586040 1.9529999999999998 404000
1695306620739 1.955 408000
1695306653640 1.955 412000
1695306687326 1.959 416000
1695306720417 1.959 420000
1695306752892 1.958 424000
1695306786046 1.948 428000
1695306823332 1.959 432000
1695306860164 1.96 436000
1695306893510 1.9609999999999999 440000
1695306926979 1.9609999999999999 444000
1695306961062 1.955 448000
1695306995280 1.9609999999999999 452000
1695307028882 1.9529999999999998 456000
1695307061118 1.955 460000
1695307093334 1.955 464000
1695307128149 1.9580000000000002 468000
1695307160862 1.956 472000
1695307193699 1.958 476000
1695307226852 1.956 480000
1695307261264 1.4609999999999999 484000
1695307295736 1.96 488000
1695307328526 1.943 492000
1695307362155 1.957 496000
1695307398488 1.9569999999999999 500000
1695307433743 1.4609999999999999 504000
1695307466771 1.951 508000
1695307502268 1.952 512000
1695307540826 1.96 516000
1695307575729 1.954 520000
1695307615145 1.9569999999999999 524000
1695307652878 1.9609999999999999 528000
1695307688930 1.9609999999999999 532000
1695307724711 1.9609999999999999 536000
1695307759346 1.9609999999999999 540000
1695307803542 1.9609999999999999 544000
1695307846174 1.96 548000
1695307880641 1.96 552000
1695307919577 1.959 556000
1695307956737 1.948 560000
1695307994818 1.96 564000
1695308027978 1.96 568000
1695308062849 1.96 572000
1695308098055 1.956 576000
1695308132065 1.96 580000
1695308167179 1.459 584000
1695308204553 1.9529999999999998 588000
1695308240183 1.955 592000
1695308275219 1.959 596000
1695308317582 1.96 600000
1695308353357 1.955 604000
1695308394686 1.96 608000
1695308433085 1.959 612000
1695308469701 1.9609999999999999 616000
1695308516136 1.943 620000
1695308552714 1.9609999999999999 624000
1695308589891 1.96 628000
1695308629676 1.9180000000000001 632000
1695308665722 1.96 636000
1695308703913 1.957 640000
1695308740993 1.9609999999999999 644000
1695308776395 1.954 648000
1695308813065 1.954 652000
1695308854468 1.96 656000
1695308889122 1.9540000000000002 660000
1695308922217 1.954 664000
1695308955590 1.96 668000
1695308990600 1.9569999999999999 672000
1695309025529 1.96 676000
1695309064222 1.9609999999999999 680000
1695309102396 1.9609999999999999 684000
1695309138011 1.96 688000
1695309173129 1.955 692000
1695309207139 1.959 696000
1695309241563 1.959 700000
1695309278066 1.959 704000
1695309314207 1.959 708000
1695309350684 1.9529999999999998 712000
1695309387528 1.959 716000
1695309422245 1.948 720000
1695309457089 1.96 724000
1695309489482 1.4609999999999999 728000
1695309522250 1.9609999999999999 732000
1695309555424 1.959 736000
1695309590283 1.943 740000
1695309624544 1.959 744000
1695309658515 1.9609999999999999 748000
1695309692308 1.959 752000
1695309730379 1.959 756000
1695309764956 1.954 760000
1695309797448 1.959 764000
1695309829800 1.946 768000
1695309863369 1.9529999999999998 772000
1695309897274 1.959 776000
1695309932639 1.9529999999999998 780000
1695309969894 1.9489999999999998 784000
1695310015791 1.959 788000
1695310052527 1.954 792000
1695310087698 1.96 796000
1695310125603 1.4609999999999999 800000
1695310160716 1.9540000000000002 804000
1695310197699 1.9609999999999999 808000
1695310240283 1.96 812000
1695310277521 1.96 816000
1695310312627 1.96 820000
1695310348263 1.9569999999999999 824000
1695310386588 1.9609999999999999 828000
1695310421461 1.9609999999999999 832000
1695310455121 1.955 836000
1695310493954 1.4609999999999999 840000
1695310538663 1.959 844000
1695310575888 1.959 848000
1695310616790 1.947 852000
1695310655412 1.96 856000
1695310690277 1.96 860000
1695310723994 1.96 864000
1695310758880 1.9609999999999999 868000
