1695303109652 15.0 4000
1695303138340 16.0 8000
1695303167477 21.0 12000
1695303196246 20.0 16000
1695303230302 21.0 20000
1695303262639 20.0 24000
1695303295786 21.0 28000
1695303328620 25.0 32000
1695303360507 34.0 36000
1695303392638 23.0 40000
1695303425004 32.0 44000
1695303456191 41.0 48000
1695303487916 35.0 52000
1695303518660 39.0 56000
1695303550372 57.0 60000
1695303581563 56.0 64000
1695303615295 70.0 68000
1695303648038 70.0 72000
1695303680705 103.0 76000
1695303712456 106.0 80000
1695303753651 111.0 84000
1695303786167 140.0 88000
1695303816887 117.0 92000
1695303852575 147.0 96000
1695303897685 164.0 100000
1695303939859 204.0 104000
1695303972576 215.0 108000
1695304013098 231.0 112000
1695304058265 219.0 116000
1695304101482 244.0 120000
1695304142244 249.0 124000
1695304191950 261.0 128000
1695304235655 262.0 132000
1695304278764 274.0 136000
1695304323023 260.0 140000
1695304364617 302.0 144000
1695304406479 287.0 148000
1695304450373 281.0 152000
1695304491854 300.0 156000
1695304533202 295.0 160000
1695304577647 312.0 164000
1695304622789 282.0 168000
1695304666286 293.0 172000
1695304711409 276.0 176000
1695304750974 288.0 180000
1695304788682 290.0 184000
1695304832483 298.0 188000
1695304872599 310.0 192000
1695304909317 279.0 196000
1695304945184 297.0 200000
1695304982267 288.0 204000
1695305024938 300.0 208000
1695305061177 276.0 212000
1695305097635 308.0 216000
1695305135805 287.0 220000
1695305173023 293.0 224000
1695305208238 293.0 228000
1695305242092 255.0 232000
1695305272939 285.0 236000
1695305303610 299.0 240000
1695305334972 265.0 244000
1695305365376 287.0 248000
1695305395814 286.0 252000
1695305426319 295.0 256000
1695305457066 281.0 260000
1695305487670 276.0 264000
1695305518339 284.0 268000
1695305548736 288.0 272000
1695305579446 288.0 276000
1695305610902 303.0 280000
1695305641229 294.0 284000
1695305672066 294.0 288000
1695305702302 272.0 292000
1695305733718 297.0 296000
1695305763879 300.0 300000
1695305794901 278.0 304000
1695305825306 271.0 308000
1695305856163 303.0 312000
1695305886426 296.0 316000
1695305917050 303.0 320000
1695305947536 298.0 324000
1695305978464 303.0 328000
1695306008617 297.0 332000
1695306039478 303.0 336000
1695306070847 308.0 340000
1695306101750 314.0 344000
1695306132216 293.0 348000
1695306162842 296.0 352000
1695306193329 308.0 356000
1695306224253 296.0 360000
1695306254668 289.0 364000
1695306287088 288.0 368000
1695306318454 294.0 372000
1695306351024 300.0 376000
1695306382482 309.0 380000
1695306417607 299.0 384000
1695306452160 305.0 388000
1695306486413 312.0 392000
1695306519867 314.0 396000
1695306554036 291.0 400000
1695306586041 304.0 404000
1695306620741 287.0 408000
1695306653642 292.0 412000
1695306687327 309.0 416000
1695306720419 314.0 420000
1695306752893 287.0 424000
1695306786048 300.0 428000
1695306823333 277.0 432000
1695306860166 301.0 436000
1695306893512 306.0 440000
1695306926981 305.0 444000
1695306961063 296.0 448000
1695306995282 303.0 452000
1695307028884 310.0 456000
1695307061120 292.0 460000
1695307093336 291.0 464000
1695307128151 307.0 468000
1695307160864 296.0 472000
1695307193701 297.0 476000
1695307226854 303.0 480000
1695307261265 312.0 484000
1695307295738 285.0 488000
1695307328528 292.0 492000
1695307362157 285.0 496000
1695307398490 303.0 500000
1695307433745 304.0 504000
1695307466773 293.0 508000
1695307502270 306.0 512000
1695307540828 301.0 516000
1695307575731 308.0 520000
1695307615147 310.0 524000
1695307652879 301.0 528000
1695307688931 308.0 532000
1695307724714 316.0 536000
1695307759348 307.0 540000
1695307803544 316.0 544000
1695307846175 308.0 548000
1695307880644 302.0 552000
1695307919579 309.0 556000
1695307956739 304.0 560000
1695307994820 311.0 564000
1695308027980 306.0 568000
1695308062850 304.0 572000
1695308098057 286.0 576000
1695308132066 317.0 580000
1695308167180 307.0 584000
1695308204555 305.0 588000
1695308240185 311.0 592000
1695308275221 308.0 596000
1695308317584 313.0 600000
1695308353360 317.0 604000
1695308394688 307.0 608000
1695308433087 308.0 612000
1695308469703 296.0 616000
1695308516138 305.0 620000
1695308552716 311.0 624000
1695308589893 307.0 628000
1695308629678 313.0 632000
1695308665723 287.0 636000
1695308703915 309.0 640000
1695308740994 314.0 644000
1695308776397 315.0 648000
1695308813068 307.0 652000
1695308854470 306.0 656000
1695308889123 318.0 660000
1695308922219 307.0 664000
1695308955591 301.0 668000
1695308990602 307.0 672000
1695309025531 306.0 676000
1695309064224 304.0 680000
1695309102398 294.0 684000
1695309138012 313.0 688000
1695309173130 309.0 692000
1695309207141 311.0 696000
1695309241565 306.0 700000
1695309278068 304.0 704000
1695309314209 306.0 708000
1695309350686 306.0 712000
1695309387530 311.0 716000
1695309422246 311.0 720000
1695309457091 315.0 724000
1695309489484 315.0 728000
1695309522252 286.0 732000
1695309555426 313.0 736000
1695309590284 306.0 740000
1695309624545 303.0 744000
1695309658517 320.0 748000
1695309692310 296.0 752000
1695309730381 313.0 756000
1695309764958 320.0 760000
1695309797449 289.0 764000
1695309829802 294.0 768000
1695309863370 308.0 772000
1695309897276 317.0 776000
1695309932640 295.0 780000
1695309969896 305.0 784000
1695310015792 312.0 788000
1695310052528 317.0 792000
1695310087700 306.0 796000
1695310125605 303.0 800000
1695310160717 310.0 804000
1695310197701 316.0 808000
1695310240285 313.0 812000
1695310277523 316.0 816000
1695310312629 314.0 820000
1695310348265 320.0 824000
1695310386589 303.0 828000
1695310421463 299.0 832000
1695310455123 318.0 836000
1695310493956 309.0 840000
1695310538665 311.0 844000
1695310575890 311.0 848000
1695310616793 313.0 852000
1695310655414 316.0 856000
1695310690278 318.0 860000
1695310723996 313.0 864000
1695310758882 310.0 868000
