1695303109651 -0.6100000000000001 4000
1695303138339 -0.81 8000
1695303167476 -0.81 12000
1695303196244 -0.81 16000
1695303230301 -0.8670000000000001 20000
1695303262638 -0.923 24000
1695303295785 -0.923 28000
1695303328618 -0.923 32000
1695303360506 -0.923 36000
1695303392637 -0.739 40000
1695303425003 -0.739 44000
1695303456189 -0.739 48000
1695303487915 -0.6060000000000001 52000
1695303518659 -0.4610000000000001 56000
1695303550371 -0.4690000000000001 60000
1695303581561 -0.732 64000
1695303615294 -0.854 68000
1695303648037 -0.854 72000
1695303680704 -0.8690000000000001 76000
1695303712455 -0.7090000000000001 80000
1695303753650 -0.469 84000
1695303786166 -0.33899999999999997 88000
1695303816886 -0.4810000000000001 92000
1695303852574 -0.4910000000000001 96000
1695303897684 -0.43100000000000005 100000
1695303939858 -0.28400000000000003 104000
1695303972575 -0.20600000000000007 108000
1695304013096 -0.30499999999999994 112000
1695304058264 -0.33000000000000007 116000
1695304101481 -0.29900000000000004 120000
1695304142243 -0.3410000000000001 124000
1695304191948 -0.14200000000000002 128000
1695304235654 -0.16899999999999993 132000
1695304278763 -0.11999999999999988 136000
1695304323021 -0.8990000000000001 140000
1695304364615 -0.20199999999999996 144000
1695304406476 -0.29599999999999993 148000
1695304450371 -0.388 152000
1695304491853 -0.16400000000000003 156000
1695304533200 -0.14200000000000002 160000
1695304577646 -0.2400000000000001 164000
1695304622787 -0.1499999999999999 168000
1695304666285 -0.20000000000000007 172000
1695304711408 -0.10099999999999998 176000
1695304750973 -0.928 180000
1695304788680 -0.14100000000000001 184000
1695304832482 -0.15100000000000002 188000
1695304872598 -0.09899999999999998 192000
1695304909316 -0.368 196000
1695304945183 -0.18300000000000005 200000
1695304982266 -0.16900000000000004 204000
1695305024937 -0.06700000000000006 208000
1695305061175 -0.22899999999999987 212000
1695305097634 -0.11299999999999999 216000
1695305135803 -0.10999999999999999 220000
1695305173022 -0.14800000000000002 224000
1695305208237 -0.25 228000
1695305242091 -0.271 232000
1695305272937 -0.09599999999999997 236000
1695305303608 -0.12 240000
1695305334971 -0.16500000000000004 244000
1695305365375 -0.32799999999999985 248000
1695305395813 -0.08299999999999996 252000
1695305426318 -0.08499999999999996 256000
1695305457065 -0.07899999999999996 260000
1695305487668 -0.19100000000000006 264000
1695305518338 -0.267 268000
1695305548734 -0.09599999999999997 272000
1695305579445 -0.06000000000000005 276000
1695305610901 -0.06299999999999994 280000
1695305641228 -0.061000000000000054 284000
1695305672065 -0.16900000000000004 288000
1695305702301 -0.7970000000000002 292000
1695305733717 -0.06800000000000006 296000
1695305763878 -0.051000000000000045 300000
1695305794900 -0.08199999999999985 304000
1695305825305 -0.274 308000
1695305856162 -0.07299999999999984 312000
1695305886425 -0.19699999999999995 316000
1695305917049 -0.41000000000000003 320000
1695305947535 -0.05900000000000005 324000
1695305978463 -0.04999999999999993 328000
1695306008616 -0.18900000000000006 332000
1695306039476 -0.06000000000000005 336000
1695306070846 -0.051000000000000045 340000
1695306101749 -0.04600000000000004 344000
1695306132215 -0.26 348000
1695306162840 -0.09899999999999998 352000
1695306193328 -0.07000000000000006 356000
1695306224252 -0.253 360000
1695306254667 -0.04899999999999993 364000
1695306287087 -0.09599999999999986 368000
1695306318453 -0.07499999999999996 372000
1695306351023 -0.07899999999999996 376000
1695306382481 -0.06500000000000006 380000
1695306417606 -0.04200000000000004 384000
1695306452158 -0.052000000000000046 388000
1695306486412 -0.05500000000000005 392000
1695306519866 -0.05900000000000005 396000
1695306554035 -0.04600000000000004 400000
1695306586040 -0.3580000000000001 404000
1695306620739 -0.05800000000000005 408000
1695306653640 -0.05700000000000005 412000
1695306687326 -0.1439999999999999 416000
1695306720417 -0.04800000000000004 420000
1695306752892 -0.04600000000000004 424000
1695306786046 -0.13000000000000012 428000
1695306823332 -0.127 432000
1695306860164 -0.09799999999999998 436000
1695306893511 -0.05300000000000005 440000
1695306926980 -0.061000000000000054 444000
1695306961062 -0.11399999999999999 448000
1695306995281 -0.04300000000000004 452000
1695307028883 -0.03700000000000003 456000
1695307061118 -0.119 460000
1695307093335 -0.05300000000000005 464000
1695307128149 -0.11699999999999999 468000
1695307160863 -0.07700000000000007 472000
1695307193699 -0.10699999999999987 476000
1695307226852 -0.041000000000000036 480000
1695307261264 -0.06999999999999995 484000
1695307295736 -0.11299999999999999 488000
1695307328526 -0.04999999999999993 492000
1695307362155 -0.10300000000000008 496000
1695307398488 -0.1469999999999999 500000
1695307433744 -0.04999999999999993 504000
1695307466771 -0.17500000000000004 508000
1695307502269 -0.050000000000000044 512000
1695307540827 -0.03700000000000003 516000
1695307575730 -0.09999999999999998 520000
1695307615146 -0.04500000000000004 524000
1695307652878 -0.134 528000
1695307688930 -0.038000000000000034 532000
1695307724713 -0.04800000000000004 536000
1695307759347 -0.03699999999999992 540000
1695307803542 -0.03600000000000003 544000
1695307846174 -0.05900000000000005 548000
1695307880642 -0.05700000000000005 552000
1695307919577 -0.05400000000000005 556000
1695307956738 -0.04600000000000004 560000
1695307994819 -0.09199999999999997 564000
1695308027979 -0.04600000000000004 568000
1695308062849 -0.06499999999999995 572000
1695308098056 -0.06400000000000006 576000
1695308132065 -0.04500000000000004 580000
1695308167179 -0.127 584000
1695308204553 -0.06600000000000006 588000
1695308240184 -0.06700000000000006 592000
1695308275219 -0.08399999999999996 596000
1695308317583 -0.038000000000000034 600000
1695308353358 -0.050000000000000044 604000
1695308394686 -0.07599999999999996 608000
1695308433086 -0.038000000000000034 612000
1695308469701 -0.04800000000000004 616000
1695308516136 -0.09999999999999998 620000
1695308552715 -0.06300000000000006 624000
1695308589892 -0.10099999999999998 628000
1695308629676 -0.15700000000000003 632000
1695308665722 -0.19899999999999995 636000
1695308703913 -0.060000000000000046 640000
1695308740993 -0.049000000000000044 644000
1695308776396 -0.05400000000000005 648000
1695308813066 -0.050999999999999934 652000
1695308854469 -0.04400000000000004 656000
1695308889122 -0.052999999999999936 660000
1695308922218 -0.08399999999999996 664000
1695308955590 -0.19800000000000006 668000
1695308990600 -0.07299999999999984 672000
1695309025530 -0.08499999999999996 676000
1695309064223 -0.09799999999999998 680000
1695309102396 -0.673 684000
1695309138011 -0.04800000000000004 688000
1695309173129 -0.041999999999999926 692000
1695309207140 -0.11599999999999999 696000
1695309241564 -0.08099999999999996 700000
1695309278067 -0.028000000000000025 704000
1695309314207 -0.278 708000
1695309350684 -0.08299999999999996 712000
1695309387528 -0.05599999999999994 716000
1695309422245 -0.06600000000000006 720000
1695309457090 -0.07599999999999996 724000
1695309489483 -0.05500000000000005 728000
1695309522251 -0.04500000000000004 732000
1695309555425 -0.09099999999999997 736000
1695309590283 -0.04400000000000004 740000
1695309624544 -0.07999999999999996 744000
1695309658516 -0.04600000000000004 748000
1695309692308 -0.039000000000000035 752000
1695309730380 -0.05500000000000005 756000
1695309764957 -0.07199999999999995 760000
1695309797448 -0.15700000000000003 764000
1695309829801 -0.63 768000
1695309863369 -0.139 772000
1695309897274 -0.04500000000000004 776000
1695309932639 -0.061000000000000054 780000
1695309969895 -0.587 784000
1695310015791 -0.04500000000000004 788000
1695310052527 -0.05800000000000005 792000
1695310087698 -0.06400000000000006 796000
1695310125603 -0.09699999999999998 800000
1695310160716 -0.16500000000000004 804000
1695310197699 -0.04899999999999993 808000
1695310240284 -0.049000000000000044 812000
1695310277522 -0.04499999999999993 816000
1695310312628 -0.07099999999999995 820000
1695310348263 -0.05500000000000005 824000
1695310386588 -0.05700000000000005 828000
1695310421462 -0.07300000000000006 832000
1695310455122 -0.04600000000000004 836000
1695310493955 -0.07399999999999984 840000
1695310538664 -0.11099999999999999 844000
1695310575889 -0.09599999999999997 848000
1695310616791 -0.038000000000000034 852000
1695310655413 -0.10099999999999998 856000
1695310690277 -0.134 860000
1695310723994 -0.12 864000
1695310758881 -0.11399999999999988 868000
