1695303109661 1.0 4000
1695303138350 2.0 8000
1695303167486 3.0 12000
1695303196256 4.0 16000
1695303230314 5.0 20000
1695303262649 6.0 24000
1695303295796 7.0 28000
1695303328629 8.0 32000
1695303360517 9.0 36000
1695303392648 10.0 40000
1695303425014 11.0 44000
1695303456200 12.0 48000
1695303487926 13.0 52000
1695303518669 14.0 56000
1695303550382 15.0 60000
1695303581572 16.0 64000
1695303615305 17.0 68000
1695303648047 18.0 72000
1695303680714 19.0 76000
1695303712465 20.0 80000
1695303753661 21.0 84000
1695303786176 22.0 88000
1695303816900 23.0 92000
1695303852587 24.0 96000
1695303897700 25.0 100000
1695303939867 26.0 104000
1695303972585 27.0 108000
1695304013109 28.0 112000
1695304058278 29.0 116000
1695304101493 30.0 120000
1695304142255 31.0 124000
1695304191963 32.0 128000
1695304235666 33.0 132000
1695304278778 34.0 136000
1695304323034 35.0 140000
1695304364633 36.0 144000
1695304406497 37.0 148000
1695304450385 38.0 152000
1695304491864 39.0 156000
1695304533213 40.0 160000
1695304577658 41.0 164000
1695304622801 42.0 168000
1695304666296 43.0 172000
1695304711418 44.0 176000
1695304750985 45.0 180000
1695304788692 46.0 184000
1695304832497 47.0 188000
1695304872610 48.0 192000
1695304909328 49.0 196000
1695304945194 50.0 200000
1695304982278 51.0 204000
1695305024949 52.0 208000
1695305061187 53.0 212000
1695305097646 54.0 216000
1695305135815 55.0 220000
1695305173034 56.0 224000
1695305208248 57.0 228000
1695305242100 58.0 232000
1695305272947 59.0 236000
1695305303620 60.0 240000
1695305334980 61.0 244000
1695305365385 62.0 248000
1695305395823 63.0 252000
1695305426328 64.0 256000
1695305457074 65.0 260000
1695305487679 66.0 264000
1695305518348 67.0 268000
1695305548745 68.0 272000
1695305579454 69.0 276000
1695305610911 70.0 280000
1695305641238 71.0 284000
1695305672073 72.0 288000
1695305702311 73.0 292000
1695305733727 74.0 296000
1695305763888 75.0 300000
1695305794910 76.0 304000
1695305825315 77.0 308000
1695305856172 78.0 312000
1695305886434 79.0 316000
1695305917059 80.0 320000
1695305947544 81.0 324000
1695305978472 82.0 328000
1695306008625 83.0 332000
1695306039487 84.0 336000
1695306070856 85.0 340000
1695306101759 86.0 344000
1695306132225 87.0 348000
1695306162850 88.0 352000
1695306193338 89.0 356000
1695306224262 90.0 360000
1695306254677 91.0 364000
1695306287096 92.0 368000
1695306318463 93.0 372000
1695306351032 94.0 376000
1695306382491 95.0 380000
1695306417617 96.0 384000
1695306452169 97.0 388000
1695306486422 98.0 392000
1695306519876 99.0 396000
1695306554045 100.0 400000
1695306586051 101.0 404000
1695306620750 102.0 408000
1695306653651 103.0 412000
1695306687337 104.0 416000
1695306720428 105.0 420000
1695306752902 106.0 424000
1695306786056 107.0 428000
1695306823344 108.0 432000
1695306860175 109.0 436000
1695306893522 110.0 440000
1695306926991 111.0 444000
1695306961073 112.0 448000
1695306995291 113.0 452000
1695307028893 114.0 456000
1695307061130 115.0 460000
1695307093345 116.0 464000
1695307128160 117.0 468000
1695307160874 118.0 472000
1695307193710 119.0 476000
1695307226863 120.0 480000
1695307261275 121.0 484000
1695307295747 122.0 488000
1695307328537 123.0 492000
1695307362166 124.0 496000
1695307398500 125.0 500000
1695307433754 126.0 504000
1695307466783 127.0 508000
1695307502280 128.0 512000
1695307540838 129.0 516000
1695307575740 130.0 520000
1695307615157 131.0 524000
1695307652888 132.0 528000
1695307688941 133.0 532000
1695307724724 134.0 536000
1695307759357 135.0 540000
1695307803561 136.0 544000
1695307846184 137.0 548000
1695307880657 138.0 552000
1695307919588 139.0 556000
1695307956749 140.0 560000
1695307994830 141.0 564000
1695308027989 142.0 568000
1695308062860 143.0 572000
1695308098066 144.0 576000
1695308132076 145.0 580000
1695308167190 146.0 584000
1695308204566 147.0 588000
1695308240194 148.0 592000
1695308275231 149.0 596000
1695308317595 150.0 600000
1695308353371 151.0 604000
1695308394702 152.0 608000
1695308433096 153.0 612000
1695308469713 154.0 616000
1695308516148 155.0 620000
1695308552726 156.0 624000
1695308589904 157.0 628000
1695308629688 158.0 632000
1695308665741 159.0 636000
1695308703926 160.0 640000
1695308741003 161.0 644000
1695308776407 162.0 648000
1695308813079 163.0 652000
1695308854479 164.0 656000
1695308889133 165.0 660000
1695308922228 166.0 664000
1695308955601 167.0 668000
1695308990612 168.0 672000
1695309025542 169.0 676000
1695309064235 170.0 680000
1695309102408 171.0 684000
1695309138023 172.0 688000
1695309173141 173.0 692000
1695309207151 174.0 696000
1695309241574 175.0 700000
1695309278078 176.0 704000
1695309314219 177.0 708000
1695309350695 178.0 712000
1695309387539 179.0 716000
1695309422256 180.0 720000
1695309457101 181.0 724000
1695309489493 182.0 728000
1695309522261 183.0 732000
1695309555435 184.0 736000
1695309590294 185.0 740000
1695309624555 186.0 744000
1695309658526 187.0 748000
1695309692319 188.0 752000
1695309730393 189.0 756000
1695309764967 190.0 760000
1695309797458 191.0 764000
1695309829811 192.0 768000
1695309863379 193.0 772000
1695309897285 194.0 776000
1695309932650 195.0 780000
1695309969906 196.0 784000
1695310015801 197.0 788000
1695310052538 198.0 792000
1695310087710 199.0 796000
1695310125614 200.0 800000
1695310160726 201.0 804000
1695310197711 202.0 808000
1695310240301 203.0 812000
1695310277532 204.0 816000
1695310312638 205.0 820000
1695310348275 206.0 824000
1695310386599 207.0 828000
1695310421472 208.0 832000
1695310455133 209.0 836000
1695310493966 210.0 840000
1695310538674 211.0 844000
1695310575900 212.0 848000
1695310616811 213.0 852000
1695310655423 214.0 856000
1695310690288 215.0 860000
1695310724004 216.0 864000
1695310758891 217.0 868000
