1695303109653 0.0 4000
1695303138340 0.0 8000
1695303167477 0.0 12000
1695303196246 0.0 16000
1695303230303 0.0 20000
1695303262640 0.0 24000
1695303295787 0.0 28000
1695303328620 0.0 32000
1695303360507 0.0 36000
1695303392638 0.0 40000
1695303425005 0.0 44000
1695303456191 0.0 48000
1695303487916 0.0 52000
1695303518661 0.0 56000
1695303550373 0.0 60000
1695303581563 0.0 64000
1695303615296 0.0 68000
1695303648039 0.0 72000
1695303680706 0.0 76000
1695303712456 0.0 80000
1695303753652 0.0 84000
1695303786167 0.0 88000
1695303816888 0.0 92000
1695303852576 0.0 96000
1695303897686 0.0 100000
1695303939859 0.0 104000
1695303972576 0.0 108000
1695304013098 0.0 112000
1695304058266 0.0 116000
1695304101483 0.0 120000
1695304142244 0.0 124000
1695304191950 0.0 128000
1695304235656 0.0 132000
1695304278765 0.0 136000
1695304323023 0.0 140000
1695304364617 0.0 144000
1695304406480 0.0 148000
1695304450373 0.0 152000
1695304491855 0.0 156000
1695304533202 0.0 160000
1695304577648 0.0 164000
1695304622789 0.0 168000
1695304666286 0.0 172000
1695304711409 0.0 176000
1695304750975 0.0 180000
1695304788682 0.0 184000
1695304832484 0.0 188000
1695304872600 0.0 192000
1695304909318 0.0 196000
1695304945184 0.0 200000
1695304982268 0.0 204000
1695305024939 0.0 208000
1695305061177 0.0 212000
1695305097636 0.0 216000
1695305135805 0.0 220000
1695305173024 0.0 224000
1695305208239 0.0 228000
1695305242092 0.0 232000
1695305272939 0.0 236000
1695305303610 0.0 240000
1695305334972 0.0 244000
1695305365376 0.0 248000
1695305395815 0.0 252000
1695305426319 0.0 256000
1695305457066 0.0 260000
1695305487670 0.0 264000
1695305518339 0.0 268000
1695305548736 0.0 272000
1695305579446 0.0 276000
1695305610903 0.0 280000
1695305641229 0.0 284000
1695305672066 0.0 288000
1695305702303 0.0 292000
1695305733718 0.0 296000
1695305763879 0.0 300000
1695305794902 0.0 304000
1695305825307 0.0 308000
1695305856164 0.0 312000
1695305886426 0.0 316000
1695305917050 0.0 320000
1695305947536 0.0 324000
1695305978464 0.0 328000
1695306008617 0.0 332000
1695306039478 0.0 336000
1695306070847 0.0 340000
1695306101751 0.0 344000
1695306132217 0.0 348000
1695306162842 0.0 352000
1695306193330 0.0 356000
1695306224254 0.0 360000
1695306254668 0.0 364000
1695306287088 0.0 368000
1695306318455 0.0 372000
1695306351024 0.0 376000
1695306382483 0.0 380000
1695306417608 0.0 384000
1695306452160 0.0 388000
1695306486413 0.0 392000
1695306519867 0.0 396000
1695306554036 0.0 400000
1695306586042 0.0 404000
1695306620741 0.0 408000
1695306653642 0.0 412000
1695306687328 0.0 416000
1695306720419 0.0 420000
1695306752894 0.0 424000
1695306786048 0.0 428000
1695306823334 0.0 432000
1695306860166 0.0 436000
1695306893513 0.0 440000
1695306926982 0.0 444000
1695306961064 0.0 448000
1695306995282 0.0 452000
1695307028885 0.0 456000
1695307061120 0.0 460000
1695307093336 0.0 464000
1695307128151 0.0 468000
1695307160864 0.0 472000
1695307193701 0.0 476000
1695307226854 0.0 480000
1695307261266 0.0 484000
1695307295738 0.0 488000
1695307328528 0.0 492000
1695307362157 0.0 496000
1695307398490 0.0 500000
1695307433745 0.0 504000
1695307466773 0.0 508000
1695307502270 0.0 512000
1695307540829 0.0 516000
1695307575731 0.0 520000
1695307615147 0.0 524000
1695307652880 0.0 528000
1695307688932 0.0 532000
1695307724714 0.0 536000
1695307759348 0.0 540000
1695307803545 0.0 544000
1695307846176 0.0 548000
1695307880645 0.0 552000
1695307919579 0.0 556000
1695307956739 0.0 560000
1695307994820 0.0 564000
1695308027980 0.0 568000
1695308062851 0.0 572000
1695308098057 0.0 576000
1695308132067 0.0 580000
1695308167181 0.0 584000
1695308204555 0.0 588000
1695308240185 0.0 592000
1695308275221 0.0 596000
1695308317584 0.0 600000
1695308353360 0.0 604000
1695308394688 0.0 608000
1695308433087 0.0 612000
1695308469703 0.0 616000
1695308516138 0.0 620000
1695308552717 0.0 624000
1695308589894 0.0 628000
1695308629678 0.0 632000
1695308665724 0.0 636000
1695308703915 0.0 640000
1695308740994 0.0 644000
1695308776398 0.0 648000
1695308813068 0.0 652000
1695308854470 0.0 656000
1695308889124 0.0 660000
1695308922219 0.0 664000
1695308955592 0.0 668000
1695308990602 0.0 672000
1695309025532 0.0 676000
1695309064225 0.0 680000
1695309102398 0.0 684000
1695309138013 0.0 688000
1695309173131 0.0 692000
1695309207142 0.0 696000
1695309241565 0.0 700000
1695309278068 0.0 704000
1695309314209 0.0 708000
1695309350686 0.0 712000
1695309387530 0.0 716000
1695309422247 0.0 720000
1695309457092 0.0 724000
1695309489484 0.0 728000
1695309522252 0.0 732000
1695309555426 0.0 736000
1695309590285 0.0 740000
1695309624546 0.0 744000
1695309658517 0.0 748000
1695309692310 0.0 752000
1695309730382 0.0 756000
1695309764958 0.0 760000
1695309797450 0.0 764000
1695309829802 0.0 768000
1695309863371 0.0 772000
1695309897276 0.0 776000
1695309932641 0.0 780000
1695309969896 0.0 784000
1695310015793 0.0 788000
1695310052529 0.0 792000
1695310087700 0.0 796000
1695310125605 0.0 800000
1695310160718 0.0 804000
1695310197701 0.0 808000
1695310240285 0.0 812000
1695310277523 0.0 816000
1695310312629 0.0 820000
1695310348265 0.0 824000
1695310386590 0.0 828000
1695310421463 0.0 832000
1695310455124 0.0 836000
1695310493957 0.0 840000
1695310538665 0.0 844000
1695310575890 0.0 848000
1695310616794 0.0 852000
1695310655414 0.0 856000
1695310690279 0.0 860000
1695310723996 0.0 864000
1695310758882 0.0 868000
