1695303109655 4000.0 4000
1695303138343 8000.0 8000
1695303167480 12000.0 12000
1695303196249 16000.0 16000
1695303230306 20000.0 20000
1695303262642 24000.0 24000
1695303295789 28000.0 28000
1695303328622 32000.0 32000
1695303360510 36000.0 36000
1695303392641 40000.0 40000
1695303425007 44000.0 44000
1695303456193 48000.0 48000
1695303487919 52000.0 52000
1695303518663 56000.0 56000
1695303550375 60000.0 60000
1695303581565 64000.0 64000
1695303615298 68000.0 68000
1695303648041 72000.0 72000
1695303680708 76000.0 76000
1695303712459 80000.0 80000
1695303753654 84000.0 84000
1695303786170 88000.0 88000
1695303816890 92000.0 92000
1695303852579 96000.0 96000
1695303897689 100000.0 100000
1695303939861 104000.0 104000
1695303972579 108000.0 108000
1695304013101 112000.0 112000
1695304058269 116000.0 116000
1695304101485 120000.0 120000
1695304142247 124000.0 124000
1695304191953 128000.0 128000
1695304235658 132000.0 132000
1695304278768 136000.0 136000
1695304323026 140000.0 140000
1695304364620 144000.0 144000
1695304406485 148000.0 148000
1695304450376 152000.0 152000
1695304491857 156000.0 156000
1695304533205 160000.0 160000
1695304577650 164000.0 164000
1695304622792 168000.0 168000
1695304666289 172000.0 172000
1695304711412 176000.0 176000
1695304750977 180000.0 180000
1695304788685 184000.0 184000
1695304832487 188000.0 188000
1695304872602 192000.0 192000
1695304909320 196000.0 196000
1695304945187 200000.0 200000
1695304982270 204000.0 204000
1695305024942 208000.0 208000
1695305061180 212000.0 212000
1695305097638 216000.0 216000
1695305135808 220000.0 220000
1695305173026 224000.0 224000
1695305208241 228000.0 228000
1695305242094 232000.0 232000
1695305272941 236000.0 236000
1695305303612 240000.0 240000
1695305334974 244000.0 244000
1695305365379 248000.0 248000
1695305395817 252000.0 252000
1695305426321 256000.0 256000
1695305457068 260000.0 260000
1695305487672 264000.0 264000
1695305518342 268000.0 268000
1695305548738 272000.0 272000
1695305579448 276000.0 276000
1695305610905 280000.0 280000
1695305641231 284000.0 284000
1695305672068 288000.0 288000
1695305702305 292000.0 292000
1695305733721 296000.0 296000
1695305763881 300000.0 300000
1695305794904 304000.0 304000
1695305825309 308000.0 308000
1695305856166 312000.0 312000
1695305886428 316000.0 316000
1695305917053 320000.0 320000
1695305947538 324000.0 324000
1695305978466 328000.0 328000
1695306008619 332000.0 332000
1695306039481 336000.0 336000
1695306070849 340000.0 340000
1695306101753 344000.0 344000
1695306132219 348000.0 348000
1695306162844 352000.0 352000
1695306193332 356000.0 356000
1695306224256 360000.0 360000
1695306254671 364000.0 364000
1695306287090 368000.0 368000
1695306318457 372000.0 372000
1695306351026 376000.0 376000
1695306382485 380000.0 380000
1695306417610 384000.0 384000
1695306452163 388000.0 388000
1695306486416 392000.0 392000
1695306519870 396000.0 396000
1695306554038 400000.0 400000
1695306586044 404000.0 404000
1695306620744 408000.0 408000
1695306653644 412000.0 412000
1695306687330 416000.0 416000
1695306720421 420000.0 420000
1695306752896 424000.0 424000
1695306786050 428000.0 428000
1695306823336 432000.0 432000
1695306860168 436000.0 436000
1695306893515 440000.0 440000
1695306926984 444000.0 444000
1695306961066 448000.0 448000
1695306995284 452000.0 452000
1695307028887 456000.0 456000
1695307061123 460000.0 460000
1695307093339 464000.0 464000
1695307128153 468000.0 468000
1695307160867 472000.0 472000
1695307193703 476000.0 476000
1695307226856 480000.0 480000
1695307261268 484000.0 484000
1695307295740 488000.0 488000
1695307328531 492000.0 492000
1695307362159 496000.0 496000
1695307398493 500000.0 500000
1695307433747 504000.0 504000
1695307466776 508000.0 508000
1695307502273 512000.0 512000
1695307540831 516000.0 516000
1695307575734 520000.0 520000
1695307615150 524000.0 524000
1695307652882 528000.0 528000
1695307688934 532000.0 532000
1695307724717 536000.0 536000
1695307759350 540000.0 540000
1695307803549 544000.0 544000
1695307846178 548000.0 548000
1695307880649 552000.0 552000
1695307919582 556000.0 556000
1695307956742 560000.0 560000
1695307994823 564000.0 564000
1695308027983 568000.0 568000
1695308062853 572000.0 572000
1695308098060 576000.0 576000
1695308132069 580000.0 580000
1695308167183 584000.0 584000
1695308204558 588000.0 588000
1695308240187 592000.0 592000
1695308275224 596000.0 596000
1695308317587 600000.0 600000
1695308353364 604000.0 604000
1695308394692 608000.0 608000
1695308433090 612000.0 612000
1695308469706 616000.0 616000
1695308516141 620000.0 620000
1695308552719 624000.0 624000
1695308589897 628000.0 628000
1695308629681 632000.0 632000
1695308665728 636000.0 636000
1695308703918 640000.0 640000
1695308740997 644000.0 644000
1695308776400 648000.0 648000
1695308813071 652000.0 652000
1695308854473 656000.0 656000
1695308889126 660000.0 660000
1695308922221 664000.0 664000
1695308955594 668000.0 668000
1695308990605 672000.0 672000
1695309025534 676000.0 676000
1695309064227 680000.0 680000
1695309102400 684000.0 684000
1695309138015 688000.0 688000
1695309173133 692000.0 692000
1695309207144 696000.0 696000
1695309241568 700000.0 700000
1695309278071 704000.0 704000
1695309314212 708000.0 708000
1695309350688 712000.0 712000
1695309387533 716000.0 716000
1695309422249 720000.0 720000
1695309457094 724000.0 724000
1695309489487 728000.0 728000
1695309522255 732000.0 732000
1695309555429 736000.0 736000
1695309590287 740000.0 740000
1695309624548 744000.0 744000
1695309658520 748000.0 748000
1695309692312 752000.0 752000
1695309730384 756000.0 756000
1695309764960 760000.0 760000
1695309797452 764000.0 764000
1695309829805 768000.0 768000
1695309863373 772000.0 772000
1695309897278 776000.0 776000
1695309932643 780000.0 780000
1695309969899 784000.0 784000
1695310015795 788000.0 788000
1695310052531 792000.0 792000
1695310087703 796000.0 796000
1695310125608 800000.0 800000
1695310160720 804000.0 804000
1695310197704 808000.0 808000
1695310240289 812000.0 812000
1695310277526 816000.0 816000
1695310312632 820000.0 820000
1695310348268 824000.0 824000
1695310386592 828000.0 828000
1695310421465 832000.0 832000
1695310455126 836000.0 836000
1695310493959 840000.0 840000
1695310538667 844000.0 844000
1695310575893 848000.0 848000
1695310616799 852000.0 852000
1695310655416 856000.0 856000
1695310690281 860000.0 860000
1695310723998 864000.0 864000
1695310758885 868000.0 868000
