1695303109656 130.62453646579868 4000
1695303138344 140.4615130655614 8000
1695303167481 138.25832192801332 12000
1695303196250 140.0590158702178 16000
1695303230307 118.24073776308869 20000
1695303262644 124.63331166993524 24000
1695303295791 121.466578593852 28000
1695303328624 122.62976103899233 32000
1695303360512 126.30427415327915 36000
1695303392642 125.38885777729381 40000
1695303425009 124.48485288820729 44000
1695303456195 129.1570280969387 48000
1695303487920 126.98293424166275 52000
1695303518664 131.0310927070651 56000
1695303550377 127.02557355979579 60000
1695303581567 129.163469475051 64000
1695303615300 119.37612422869373 68000
1695303648042 123.0174398531324 72000
1695303680710 123.26790779449969 76000
1695303712460 126.88258774405611 80000
1695303753656 97.66878321748115 84000
1695303786171 123.89438863418427 88000
1695303816892 131.13818892730976 92000
1695303852581 112.90798293511725 96000
1695303897691 89.32617729315746 100000
1695303939863 95.74382325610752 104000
1695303972580 123.13802557129249 108000
1695304013103 99.38463769997303 112000
1695304058271 89.1689274359818 116000
1695304101487 93.21801422016192 120000
1695304142249 98.88563973195895 124000
1695304191956 81.00178191486935 128000
1695304235660 92.2773514011935 132000
1695304278770 93.48671398548028 136000
1695304323028 91.05050261108119 140000
1695304364623 96.9346528163158 144000
1695304406488 96.32239603172684 148000
1695304450378 91.924911185006 152000
1695304491859 97.14979984891568 156000
1695304533207 97.45069714280987 160000
1695304577652 90.67380693841284 164000
1695304622794 89.27327915518437 168000
1695304666291 92.64208097023464 172000
1695304711413 89.20953073067652 176000
1695304750979 101.76955981419619 180000
1695304788686 106.88136252698868 184000
1695304832490 91.94276120839456 188000
1695304872604 100.4142283471792 192000
1695304909322 109.78714361526353 196000
1695304945189 112.41387596184673 200000
1695304982272 108.73532246782645 204000
1695305024943 94.39649435840091 208000
1695305061181 111.31232556585618 212000
1695305097640 110.59461695592398 216000
1695305135810 105.58222200775027 220000
1695305173028 108.32161698971407 224000
1695305208243 114.51891059181372 228000
1695305242096 119.06968378183271 232000
1695305272943 130.70165889174368 236000
1695305303614 131.55072026522518 240000
1695305334976 128.71479270522045 244000
1695305365380 132.63199891992127 248000
1695305395818 132.5008445961221 252000
1695305426323 132.2029674672835 256000
1695305457070 131.12057402639988 260000
1695305487674 131.74488701040565 264000
1695305518343 131.52407289931864 268000
1695305548740 132.6952359409084 272000
1695305579449 131.2963896328948 276000
1695305610906 128.14187093811938 280000
1695305641233 133.05719252224557 284000
1695305672069 130.72831729645756 288000
1695305702306 133.33432940061599 292000
1695305733722 128.339537937561 296000
1695305763883 133.73024914660084 300000
1695305794905 130.09041698726196 304000
1695305825311 132.6279412715195 308000
1695305856167 130.69801070560055 312000
1695305886430 133.23188030049903 316000
1695305917054 131.67575493945094 320000
1695305947540 132.36915567759874 324000
1695305978467 130.36147699104876 328000
1695306008621 133.74369753794232 332000
1695306039482 130.73737870060157 336000
1695306070851 128.58987780984083 340000
1695306101755 130.53636747183288 344000
1695306132220 132.4198948681499 348000
1695306162845 131.6844427386988 352000
1695306193333 132.3138899009926 356000
1695306224257 130.42258721903087 360000
1695306254672 132.68595988111295 364000
1695306287091 124.31976062385264 368000
1695306318458 128.57327680422495 372000
1695306351027 123.80176367388076 376000
1695306382486 128.2083581450286 380000
1695306417612 114.73183002401083 384000
1695306452164 116.68074950013684 388000
1695306486417 117.77227012524021 392000
1695306519871 120.55917495499425 396000
1695306554040 117.9965397786133 400000
1695306586046 126.21396911033185 404000
1695306620745 116.24367122954905 408000
1695306653646 122.62730243281557 412000
1695306687332 119.76359568787505 416000
1695306720423 121.94988648891956 420000
1695306752898 124.23687811799392 424000
1695306786051 121.62244617627236 428000
1695306823338 108.1415973935845 432000
1695306860170 109.51951943738203 436000
1695306893517 121.00398622114328 440000
1695306926986 120.63562196565985 444000
1695306961068 118.41305929670226 448000
1695306995286 117.87833062684601 452000
1695307028888 120.05399748474478 456000
1695307061125 125.1939400943404 460000
1695307093340 125.28566118355856 464000
1695307128155 115.86352873292884 468000
1695307160868 123.44620155475903 472000
1695307193705 122.91786236273546 476000
1695307226858 121.70094190253039 480000
1695307261270 117.307099691285 484000
1695307295742 117.00200766360607 488000
1695307328532 123.04539060863985 492000
1695307362161 119.99212669534974 496000
1695307398494 111.01181029499038 500000
1695307433749 114.44811607810585 504000
1695307466777 122.24348301874664 508000
1695307502274 113.70990856416395 512000
1695307540833 104.68473997739196 516000
1695307575735 115.66338605901241 520000
1695307615152 102.3309927852242 524000
1695307652883 106.9118231477284 528000
1695307688936 111.91943142805668 532000
1695307724718 112.91836423705466 536000
1695307759352 116.48485949608703 540000
1695307803552 91.18194397923489 544000
1695307846180 94.64565716205472 548000
1695307880651 117.13488588132128 552000
1695307919583 103.58840188134664 556000
1695307956744 108.59862793352094 560000
1695307994824 105.98430590807045 564000
1695308027984 121.74972265774605 568000
1695308062855 115.71598601455439 572000
1695308098061 114.59023338097084 576000
1695308132071 118.67392295393692 580000
1695308167185 114.94279585073976 584000
1695308204560 107.96936134502724 588000
1695308240189 113.30315943652971 592000
1695308275225 115.29130295032122 596000
1695308317589 95.20425777331168 600000
1695308353366 112.90312160696065 604000
1695308394695 97.63582749826087 608000
1695308433091 105.16486083117081 612000
1695308469707 110.19822472334737 616000
1695308516142 86.77752940814955 620000
1695308552721 110.36066997122134 624000
1695308589899 108.61788041846499 628000
1695308629683 101.44106861314921 632000
1695308665731 112.0989205280869 636000
1695308703919 105.78476111728858 640000
1695308740998 108.8836491457173 644000
1695308776402 114.03631996095423 648000
1695308813073 110.06090323420004 652000
1695308854474 97.4234169442964 656000
1695308889128 116.46982094889047 660000
1695308922223 122.02875588029998 664000
1695308955596 120.99404316283776 668000
1695308990606 115.34221371466232 672000
1695309025536 115.76375629805342 676000
1695309064229 104.39326138319906 680000
1695309102402 105.82578622857075 684000
1695309138017 113.40719015852136 688000
1695309173135 115.01606389082372 692000
1695309207146 118.76166413777257 696000
1695309241569 117.31494148876374 700000
1695309278072 110.58431009774672 704000
1695309314213 111.76806955206044 708000
1695309350690 110.6953927398481 712000
1695309387534 109.5262637818067 716000
1695309422251 116.31858504953324 720000
1695309457095 115.90259902273613 724000
1695309489488 124.68641328591134 728000
1695309522256 123.22280729390893 732000
1695309555431 121.72124642286562 736000
1695309590289 115.83111955967094 740000
1695309624550 117.87046798821012 744000
1695309658521 118.85017923852593 748000
1695309692314 119.47577465266161 752000
1695309730386 106.03572449693532 756000
1695309764962 116.91092328796586 760000
1695309797453 124.30875954103014 764000
1695309829806 124.83835939848375 768000
1695309863375 120.31943987643567 772000
1695309897280 119.12316905157856 776000
1695309932645 114.18208360733698 780000
1695309969901 108.36756375600513 784000
1695310015796 87.8067193879817 788000
1695310052533 109.89713866370192 792000
1695310087704 114.90001892329707 796000
1695310125609 106.51202600330313 800000
1695310160721 115.0656403751156 804000
1695310197705 109.15871039476511 808000
1695310240292 94.75496749783235 812000
1695310277527 108.46296943659931 816000
1695310312633 115.04384679618154 820000
1695310348269 113.38718041051592 824000
1695310386594 105.36006809123091 828000
1695310421467 115.92549137503545 832000
1695310455128 120.00550228551495 836000
1695310493961 103.94625124223371 840000
1695310538669 90.21403476035309 844000
1695310575894 108.45310302104747 848000
1695310616804 98.80052978120685 852000
1695310655418 104.71161172538005 856000
1695310690283 115.83304048647842 860000
1695310724000 119.7941988294336 864000
1695310758886 115.75709568337501 868000
