1695303109654 0.0 4000
1695303138342 0.0 8000
1695303167479 0.0 12000
1695303196247 0.0 16000
1695303230304 0.0 20000
1695303262641 0.0 24000
1695303295788 0.0 28000
1695303328621 0.0 32000
1695303360509 0.0 36000
1695303392640 0.0 40000
1695303425006 0.0 44000
1695303456192 0.0 48000
1695303487918 0.0 52000
1695303518662 0.0 56000
1695303550374 0.0 60000
1695303581564 0.0 64000
1695303615297 0.0 68000
1695303648040 0.0 72000
1695303680707 0.0 76000
1695303712457 0.0 80000
1695303753653 0.0 84000
1695303786168 0.0 88000
1695303816889 0.0 92000
1695303852577 0.0 96000
1695303897687 0.0 100000
1695303939860 0.0 104000
1695303972577 0.0 108000
1695304013099 0.0 112000
1695304058267 0.0 116000
1695304101484 0.0 120000
1695304142246 0.0 124000
1695304191952 0.0 128000
1695304235657 0.0 132000
1695304278766 0.0 136000
1695304323024 0.0 140000
1695304364619 0.0 144000
1695304406482 0.0 148000
1695304450375 0.0 152000
1695304491856 0.0 156000
1695304533203 0.0 160000
1695304577649 0.0 164000
1695304622791 0.0 168000
1695304666288 0.0 172000
1695304711411 0.0 176000
1695304750976 0.0 180000
1695304788684 0.0 184000
1695304832486 0.0 188000
1695304872601 0.0 192000
1695304909319 0.0 196000
1695304945186 0.0 200000
1695304982269 0.0 204000
1695305024940 0.0 208000
1695305061178 0.0 212000
1695305097637 0.0 216000
1695305135806 0.0 220000
1695305173025 0.0 224000
1695305208240 0.0 228000
1695305242093 0.0 232000
1695305272940 0.0 236000
1695305303611 0.0 240000
1695305334973 0.0 244000
1695305365377 0.0 248000
1695305395816 0.0 252000
1695305426320 0.0 256000
1695305457067 0.0 260000
1695305487671 0.0 264000
1695305518340 0.0 268000
1695305548737 0.0 272000
1695305579447 0.0 276000
1695305610904 0.0 280000
1695305641230 0.0 284000
1695305672067 0.0 288000
1695305702304 0.0 292000
1695305733720 0.0 296000
1695305763880 0.0 300000
1695305794903 0.0 304000
1695305825308 0.0 308000
1695305856165 0.0 312000
1695305886427 0.0 316000
1695305917052 0.0 320000
1695305947537 0.0 324000
1695305978465 0.0 328000
1695306008618 0.0 332000
1695306039479 0.0 336000
1695306070848 0.0 340000
1695306101752 0.0 344000
1695306132218 0.0 348000
1695306162843 0.0 352000
1695306193331 0.0 356000
1695306224255 0.0 360000
1695306254669 0.0 364000
1695306287089 0.0 368000
1695306318456 0.0 372000
1695306351025 0.0 376000
1695306382484 0.0 380000
1695306417609 0.0 384000
1695306452161 0.0 388000
1695306486415 0.0 392000
1695306519869 0.0 396000
1695306554037 0.0 400000
1695306586043 0.0 404000
1695306620742 0.0 408000
1695306653643 0.0 412000
1695306687329 0.0 416000
1695306720420 0.0 420000
1695306752895 0.0 424000
1695306786049 0.0 428000
1695306823335 0.0 432000
1695306860167 0.0 436000
1695306893514 0.0 440000
1695306926983 0.0 444000
1695306961065 0.0 448000
1695306995283 0.0 452000
1695307028886 0.0 456000
1695307061121 0.0 460000
1695307093338 0.0 464000
1695307128152 0.0 468000
1695307160865 0.0 472000
1695307193702 0.0 476000
1695307226855 0.0 480000
1695307261267 0.0 484000
1695307295739 0.0 488000
1695307328529 0.0 492000
1695307362158 0.0 496000
1695307398491 0.0 500000
1695307433746 0.0 504000
1695307466774 0.0 508000
1695307502271 0.0 512000
1695307540830 0.0 516000
1695307575732 0.0 520000
1695307615149 0.0 524000
1695307652881 0.0 528000
1695307688933 0.0 532000
1695307724716 0.0 536000
1695307759349 0.0 540000
1695307803547 0.0 544000
1695307846177 0.0 548000
1695307880647 0.0 552000
1695307919580 0.0 556000
1695307956741 0.0 560000
1695307994822 0.0 564000
1695308027982 0.0 568000
1695308062852 0.0 572000
1695308098059 0.0 576000
1695308132068 0.0 580000
1695308167182 0.0 584000
1695308204556 0.0 588000
1695308240186 0.0 592000
1695308275222 0.0 596000
1695308317586 0.0 600000
1695308353362 0.0 604000
1695308394690 0.0 608000
1695308433089 0.0 612000
1695308469704 0.0 616000
1695308516139 0.0 620000
1695308552718 0.0 624000
1695308589895 0.0 628000
1695308629680 0.0 632000
1695308665725 0.0 636000
1695308703916 0.0 640000
1695308740996 0.0 644000
1695308776399 0.0 648000
1695308813070 0.0 652000
1695308854471 0.0 656000
1695308889125 0.0 660000
1695308922220 0.0 664000
1695308955593 0.0 668000
1695308990603 0.0 672000
1695309025533 0.0 676000
1695309064226 0.0 680000
1695309102399 0.0 684000
1695309138014 0.0 688000
1695309173132 0.0 692000
1695309207143 0.0 696000
1695309241567 0.0 700000
1695309278070 0.0 704000
1695309314210 0.0 708000
1695309350687 0.0 712000
1695309387531 0.0 716000
1695309422248 0.0 720000
1695309457093 0.0 724000
1695309489486 0.0 728000
1695309522254 0.0 732000
1695309555428 0.0 736000
1695309590286 0.0 740000
1695309624547 0.0 744000
1695309658518 0.0 748000
1695309692311 0.0 752000
1695309730383 0.0 756000
1695309764959 0.0 760000
1695309797451 0.0 764000
1695309829804 0.0 768000
1695309863372 0.0 772000
1695309897277 0.0 776000
1695309932642 0.0 780000
1695309969898 0.0 784000
1695310015794 0.0 788000
1695310052530 0.0 792000
1695310087701 0.0 796000
1695310125606 0.0 800000
1695310160719 0.0 804000
1695310197702 0.0 808000
1695310240287 0.0 812000
1695310277524 0.0 816000
1695310312631 0.0 820000
1695310348266 0.0 824000
1695310386591 0.0 828000
1695310421464 0.0 832000
1695310455125 0.0 836000
1695310493958 0.0 840000
1695310538666 0.0 844000
1695310575892 0.0 848000
1695310616797 0.0 852000
1695310655415 0.0 856000
1695310690280 0.0 860000
1695310723997 0.0 864000
1695310758883 0.0 868000
