1695303109656 4000.0 4000
1695303138344 4000.0 8000
1695303167481 4000.0 12000
1695303196250 4000.0 16000
1695303230307 4000.0 20000
1695303262643 4000.0 24000
1695303295790 4000.0 28000
1695303328623 4000.0 32000
1695303360511 4000.0 36000
1695303392642 4000.0 40000
1695303425008 4000.0 44000
1695303456195 4000.0 48000
1695303487920 4000.0 52000
1695303518664 4000.0 56000
1695303550376 4000.0 60000
1695303581567 4000.0 64000
1695303615299 4000.0 68000
1695303648042 4000.0 72000
1695303680709 4000.0 76000
1695303712460 4000.0 80000
1695303753655 4000.0 84000
1695303786171 4000.0 88000
1695303816891 4000.0 92000
1695303852580 4000.0 96000
1695303897691 4000.0 100000
1695303939862 4000.0 104000
1695303972580 4000.0 108000
1695304013102 4000.0 112000
1695304058270 4000.0 116000
1695304101487 4000.0 120000
1695304142248 4000.0 124000
1695304191955 4000.0 128000
1695304235660 4000.0 132000
1695304278769 4000.0 136000
1695304323027 4000.0 140000
1695304364622 4000.0 144000
1695304406487 4000.0 148000
1695304450378 4000.0 152000
1695304491859 4000.0 156000
1695304533206 4000.0 160000
1695304577652 4000.0 164000
1695304622794 4000.0 168000
1695304666290 4000.0 172000
1695304711413 4000.0 176000
1695304750979 4000.0 180000
1695304788686 4000.0 184000
1695304832489 4000.0 188000
1695304872604 4000.0 192000
1695304909322 4000.0 196000
1695304945188 4000.0 200000
1695304982272 4000.0 204000
1695305024943 4000.0 208000
1695305061181 4000.0 212000
1695305097640 4000.0 216000
1695305135809 4000.0 220000
1695305173028 4000.0 224000
1695305208242 4000.0 228000
1695305242095 4000.0 232000
1695305272942 4000.0 236000
1695305303614 4000.0 240000
1695305334975 4000.0 244000
1695305365380 4000.0 248000
1695305395818 4000.0 252000
1695305426323 4000.0 256000
1695305457069 4000.0 260000
1695305487674 4000.0 264000
1695305518343 4000.0 268000
1695305548740 4000.0 272000
1695305579449 4000.0 276000
1695305610906 4000.0 280000
1695305641233 4000.0 284000
1695305672069 4000.0 288000
1695305702306 4000.0 292000
1695305733722 4000.0 296000
1695305763883 4000.0 300000
1695305794905 4000.0 304000
1695305825310 4000.0 308000
1695305856167 4000.0 312000
1695305886429 4000.0 316000
1695305917054 4000.0 320000
1695305947539 4000.0 324000
1695305978467 4000.0 328000
1695306008620 4000.0 332000
1695306039482 4000.0 336000
1695306070850 4000.0 340000
1695306101754 4000.0 344000
1695306132220 4000.0 348000
1695306162845 4000.0 352000
1695306193333 4000.0 356000
1695306224257 4000.0 360000
1695306254672 4000.0 364000
1695306287091 4000.0 368000
1695306318458 4000.0 372000
1695306351027 4000.0 376000
1695306382486 4000.0 380000
1695306417611 4000.0 384000
1695306452164 4000.0 388000
1695306486417 4000.0 392000
1695306519871 4000.0 396000
1695306554040 4000.0 400000
1695306586045 4000.0 404000
1695306620745 4000.0 408000
1695306653645 4000.0 412000
1695306687332 4000.0 416000
1695306720423 4000.0 420000
1695306752897 4000.0 424000
1695306786051 4000.0 428000
1695306823338 4000.0 432000
1695306860169 4000.0 436000
1695306893516 4000.0 440000
1695306926985 4000.0 444000
1695306961067 4000.0 448000
1695306995286 4000.0 452000
1695307028888 4000.0 456000
1695307061124 4000.0 460000
1695307093340 4000.0 464000
1695307128154 4000.0 468000
1695307160868 4000.0 472000
1695307193704 4000.0 476000
1695307226857 4000.0 480000
1695307261269 4000.0 484000
1695307295741 4000.0 488000
1695307328532 4000.0 492000
1695307362161 4000.0 496000
1695307398494 4000.0 500000
1695307433748 4000.0 504000
1695307466777 4000.0 508000
1695307502274 4000.0 512000
1695307540832 4000.0 516000
1695307575735 4000.0 520000
1695307615152 4000.0 524000
1695307652883 4000.0 528000
1695307688936 4000.0 532000
1695307724718 4000.0 536000
1695307759352 4000.0 540000
1695307803551 4000.0 544000
1695307846179 4000.0 548000
1695307880651 4000.0 552000
1695307919583 4000.0 556000
1695307956743 4000.0 560000
1695307994824 4000.0 564000
1695308027984 4000.0 568000
1695308062854 4000.0 572000
1695308098061 4000.0 576000
1695308132070 4000.0 580000
1695308167184 4000.0 584000
1695308204560 4000.0 588000
1695308240189 4000.0 592000
1695308275225 4000.0 596000
1695308317588 4000.0 600000
1695308353365 4000.0 604000
1695308394694 4000.0 608000
1695308433091 4000.0 612000
1695308469707 4000.0 616000
1695308516142 4000.0 620000
1695308552721 4000.0 624000
1695308589898 4000.0 628000
1695308629682 4000.0 632000
1695308665730 4000.0 636000
1695308703919 4000.0 640000
1695308740998 4000.0 644000
1695308776401 4000.0 648000
1695308813072 4000.0 652000
1695308854474 4000.0 656000
1695308889127 4000.0 660000
1695308922223 4000.0 664000
1695308955595 4000.0 668000
1695308990606 4000.0 672000
1695309025536 4000.0 676000
1695309064229 4000.0 680000
1695309102402 4000.0 684000
1695309138017 4000.0 688000
1695309173135 4000.0 692000
1695309207145 4000.0 696000
1695309241569 4000.0 700000
1695309278072 4000.0 704000
1695309314213 4000.0 708000
1695309350690 4000.0 712000
1695309387534 4000.0 716000
1695309422250 4000.0 720000
1695309457095 4000.0 724000
1695309489488 4000.0 728000
1695309522256 4000.0 732000
1695309555430 4000.0 736000
1695309590288 4000.0 740000
1695309624549 4000.0 744000
1695309658521 4000.0 748000
1695309692313 4000.0 752000
1695309730386 4000.0 756000
1695309764962 4000.0 760000
1695309797453 4000.0 764000
1695309829806 4000.0 768000
1695309863374 4000.0 772000
1695309897279 4000.0 776000
1695309932644 4000.0 780000
1695309969901 4000.0 784000
1695310015796 4000.0 788000
1695310052532 4000.0 792000
1695310087704 4000.0 796000
1695310125609 4000.0 800000
1695310160721 4000.0 804000
1695310197705 4000.0 808000
1695310240291 4000.0 812000
1695310277527 4000.0 816000
1695310312633 4000.0 820000
1695310348269 4000.0 824000
1695310386593 4000.0 828000
1695310421466 4000.0 832000
1695310455127 4000.0 836000
1695310493960 4000.0 840000
1695310538668 4000.0 844000
1695310575894 4000.0 848000
1695310616803 4000.0 852000
1695310655418 4000.0 856000
1695310690282 4000.0 860000
1695310723999 4000.0 864000
1695310758886 4000.0 868000
