1695303109657 4000.0 4000
1695303138346 4000.0 8000
1695303167482 4000.0 12000
1695303196252 4000.0 16000
1695303230309 4000.0 20000
1695303262645 4000.0 24000
1695303295792 4000.0 28000
1695303328625 4000.0 32000
1695303360513 4000.0 36000
1695303392644 4000.0 40000
1695303425010 4000.0 44000
1695303456196 4000.0 48000
1695303487922 4000.0 52000
1695303518666 4000.0 56000
1695303550378 4000.0 60000
1695303581568 4000.0 64000
1695303615301 4000.0 68000
1695303648043 4000.0 72000
1695303680711 4000.0 76000
1695303712461 4000.0 80000
1695303753657 4000.0 84000
1695303786172 4000.0 88000
1695303816894 4000.0 92000
1695303852582 4000.0 96000
1695303897693 4000.0 100000
1695303939864 4000.0 104000
1695303972581 4000.0 108000
1695304013104 4000.0 112000
1695304058272 4000.0 116000
1695304101488 4000.0 120000
1695304142250 4000.0 124000
1695304191957 4000.0 128000
1695304235662 4000.0 132000
1695304278772 4000.0 136000
1695304323030 4000.0 140000
1695304364625 4000.0 144000
1695304406490 4000.0 148000
1695304450380 4000.0 152000
1695304491860 4000.0 156000
1695304533208 4000.0 160000
1695304577654 4000.0 164000
1695304622796 4000.0 168000
1695304666292 4000.0 172000
1695304711414 4000.0 176000
1695304750980 4000.0 180000
1695304788688 4000.0 184000
1695304832492 4000.0 188000
1695304872605 4000.0 192000
1695304909323 4000.0 196000
1695304945190 4000.0 200000
1695304982273 4000.0 204000
1695305024945 4000.0 208000
1695305061182 4000.0 212000
1695305097641 4000.0 216000
1695305135811 4000.0 220000
1695305173029 4000.0 224000
1695305208244 4000.0 228000
1695305242097 4000.0 232000
1695305272944 4000.0 236000
1695305303616 4000.0 240000
1695305334977 4000.0 244000
1695305365381 4000.0 248000
1695305395819 4000.0 252000
1695305426324 4000.0 256000
1695305457071 4000.0 260000
1695305487675 4000.0 264000
1695305518344 4000.0 268000
1695305548741 4000.0 272000
1695305579450 4000.0 276000
1695305610907 4000.0 280000
1695305641234 4000.0 284000
1695305672070 4000.0 288000
1695305702308 4000.0 292000
1695305733723 4000.0 296000
1695305763884 4000.0 300000
1695305794906 4000.0 304000
1695305825312 4000.0 308000
1695305856168 4000.0 312000
1695305886431 4000.0 316000
1695305917055 4000.0 320000
1695305947541 4000.0 324000
1695305978468 4000.0 328000
1695306008622 4000.0 332000
1695306039483 4000.0 336000
1695306070852 4000.0 340000
1695306101756 4000.0 344000
1695306132221 4000.0 348000
1695306162847 4000.0 352000
1695306193334 4000.0 356000
1695306224258 4000.0 360000
1695306254673 4000.0 364000
1695306287092 4000.0 368000
1695306318459 4000.0 372000
1695306351029 4000.0 376000
1695306382487 4000.0 380000
1695306417613 4000.0 384000
1695306452165 4000.0 388000
1695306486419 4000.0 392000
1695306519872 4000.0 396000
1695306554041 4000.0 400000
1695306586047 4000.0 404000
1695306620746 4000.0 408000
1695306653647 4000.0 412000
1695306687333 4000.0 416000
1695306720424 4000.0 420000
1695306752899 4000.0 424000
1695306786052 4000.0 428000
1695306823339 4000.0 432000
1695306860171 4000.0 436000
1695306893518 4000.0 440000
1695306926987 4000.0 444000
1695306961069 4000.0 448000
1695306995287 4000.0 452000
1695307028890 4000.0 456000
1695307061126 4000.0 460000
1695307093342 4000.0 464000
1695307128156 4000.0 468000
1695307160870 4000.0 472000
1695307193706 4000.0 476000
1695307226859 4000.0 480000
1695307261271 4000.0 484000
1695307295743 4000.0 488000
1695307328533 4000.0 492000
1695307362162 4000.0 496000
1695307398496 4000.0 500000
1695307433750 4000.0 504000
1695307466779 4000.0 508000
1695307502276 4000.0 512000
1695307540834 4000.0 516000
1695307575736 4000.0 520000
1695307615153 4000.0 524000
1695307652884 4000.0 528000
1695307688937 4000.0 532000
1695307724720 4000.0 536000
1695307759353 4000.0 540000
1695307803554 4000.0 544000
1695307846181 4000.0 548000
1695307880653 4000.0 552000
1695307919584 4000.0 556000
1695307956745 4000.0 560000
1695307994825 4000.0 564000
1695308027986 4000.0 568000
1695308062856 4000.0 572000
1695308098062 4000.0 576000
1695308132072 4000.0 580000
1695308167186 4000.0 584000
1695308204561 4000.0 588000
1695308240190 4000.0 592000
1695308275227 4000.0 596000
1695308317590 4000.0 600000
1695308353367 4000.0 604000
1695308394696 4000.0 608000
1695308433092 4000.0 612000
1695308469709 4000.0 616000
1695308516144 4000.0 620000
1695308552722 4000.0 624000
1695308589900 4000.0 628000
1695308629684 4000.0 632000
1695308665733 4000.0 636000
1695308703921 4000.0 640000
1695308740999 4000.0 644000
1695308776403 4000.0 648000
1695308813074 4000.0 652000
1695308854475 4000.0 656000
1695308889129 4000.0 660000
1695308922224 4000.0 664000
1695308955597 4000.0 668000
1695308990608 4000.0 672000
1695309025538 4000.0 676000
1695309064230 4000.0 680000
1695309102403 4000.0 684000
1695309138019 4000.0 688000
1695309173136 4000.0 692000
1695309207147 4000.0 696000
1695309241570 4000.0 700000
1695309278074 4000.0 704000
1695309314215 4000.0 708000
1695309350691 4000.0 712000
1695309387535 4000.0 716000
1695309422252 4000.0 720000
1695309457097 4000.0 724000
1695309489490 4000.0 728000
1695309522257 4000.0 732000
1695309555432 4000.0 736000
1695309590290 4000.0 740000
1695309624551 4000.0 744000
1695309658522 4000.0 748000
1695309692315 4000.0 752000
1695309730388 4000.0 756000
1695309764963 4000.0 760000
1695309797454 4000.0 764000
1695309829808 4000.0 768000
1695309863376 4000.0 772000
1695309897281 4000.0 776000
1695309932646 4000.0 780000
1695309969902 4000.0 784000
1695310015798 4000.0 788000
1695310052534 4000.0 792000
1695310087706 4000.0 796000
1695310125610 4000.0 800000
1695310160722 4000.0 804000
1695310197706 4000.0 808000
1695310240294 4000.0 812000
1695310277528 4000.0 816000
1695310312635 4000.0 820000
1695310348271 4000.0 824000
1695310386595 4000.0 828000
1695310421468 4000.0 832000
1695310455129 4000.0 836000
1695310493962 4000.0 840000
1695310538670 4000.0 844000
1695310575896 4000.0 848000
1695310616806 4000.0 852000
1695310655419 4000.0 856000
1695310690284 4000.0 860000
1695310724001 4000.0 864000
1695310758887 4000.0 868000
