1695303109653 10.0 4000
1695303138341 10.0 8000
1695303167478 10.0 12000
1695303196247 10.0 16000
1695303230303 10.0 20000
1695303262640 10.0 24000
1695303295787 10.0 28000
1695303328620 10.0 32000
1695303360508 10.0 36000
1695303392639 10.0 40000
1695303425005 10.0 44000
1695303456191 10.0 48000
1695303487917 10.0 52000
1695303518661 10.0 56000
1695303550373 10.0 60000
1695303581563 10.0 64000
1695303615296 10.0 68000
1695303648039 10.0 72000
1695303680706 10.0 76000
1695303712457 10.0 80000
1695303753652 10.0 84000
1695303786168 10.0 88000
1695303816888 10.0 92000
1695303852576 10.0 96000
1695303897686 10.0 100000
1695303939859 10.0 104000
1695303972577 10.0 108000
1695304013099 10.0 112000
1695304058266 10.0 116000
1695304101483 10.0 120000
1695304142245 10.0 124000
1695304191951 10.0 128000
1695304235656 10.0 132000
1695304278765 10.0 136000
1695304323024 10.0 140000
1695304364618 10.0 144000
1695304406481 10.0 148000
1695304450374 10.0 152000
1695304491855 10.0 156000
1695304533203 10.0 160000
1695304577648 10.0 164000
1695304622790 10.0 168000
1695304666287 10.0 172000
1695304711410 10.0 176000
1695304750975 10.0 180000
1695304788683 10.0 184000
1695304832484 10.0 188000
1695304872600 10.0 192000
1695304909318 10.0 196000
1695304945185 10.0 200000
1695304982268 10.0 204000
1695305024939 10.0 208000
1695305061178 10.0 212000
1695305097636 10.0 216000
1695305135805 10.0 220000
1695305173024 10.0 224000
1695305208239 10.0 228000
1695305242092 10.0 232000
1695305272939 10.0 236000
1695305303610 10.0 240000
1695305334972 10.0 244000
1695305365377 10.0 248000
1695305395815 10.0 252000
1695305426320 10.0 256000
1695305457066 10.0 260000
1695305487670 10.0 264000
1695305518340 10.0 268000
1695305548736 10.0 272000
1695305579446 10.0 276000
1695305610903 10.0 280000
1695305641230 10.0 284000
1695305672066 10.0 288000
1695305702303 10.0 292000
1695305733719 10.0 296000
1695305763880 10.0 300000
1695305794902 10.0 304000
1695305825307 10.0 308000
1695305856164 10.0 312000
1695305886427 10.0 316000
1695305917051 10.0 320000
1695305947536 10.0 324000
1695305978464 10.0 328000
1695306008618 10.0 332000
1695306039478 10.0 336000
1695306070848 10.0 340000
1695306101751 10.0 344000
1695306132217 10.0 348000
1695306162842 10.0 352000
1695306193330 10.0 356000
1695306224254 10.0 360000
1695306254669 10.0 364000
1695306287088 10.0 368000
1695306318455 10.0 372000
1695306351024 10.0 376000
1695306382483 10.0 380000
1695306417608 10.0 384000
1695306452161 10.0 388000
1695306486414 10.0 392000
1695306519868 10.0 396000
1695306554037 10.0 400000
1695306586042 10.0 404000
1695306620741 10.0 408000
1695306653642 10.0 412000
1695306687328 10.0 416000
1695306720419 10.0 420000
1695306752894 10.0 424000
1695306786048 10.0 428000
1695306823334 10.0 432000
1695306860166 10.0 436000
1695306893513 10.0 440000
1695306926982 10.0 444000
1695306961064 10.0 448000
1695306995283 10.0 452000
1695307028885 10.0 456000
1695307061120 10.0 460000
1695307093337 10.0 464000
1695307128151 10.0 468000
1695307160865 10.0 472000
1695307193701 10.0 476000
1695307226854 10.0 480000
1695307261266 10.0 484000
1695307295738 10.0 488000
1695307328528 10.0 492000
1695307362158 10.0 496000
1695307398490 10.0 500000
1695307433745 10.0 504000
1695307466773 10.0 508000
1695307502271 10.0 512000
1695307540829 10.0 516000
1695307575732 10.0 520000
1695307615148 10.0 524000
1695307652880 10.0 528000
1695307688932 10.0 532000
1695307724715 10.0 536000
1695307759348 10.0 540000
1695307803546 10.0 544000
1695307846176 10.0 548000
1695307880645 10.0 552000
1695307919579 10.0 556000
1695307956740 10.0 560000
1695307994821 10.0 564000
1695308027981 10.0 568000
1695308062851 10.0 572000
1695308098058 10.0 576000
1695308132067 10.0 580000
1695308167181 10.0 584000
1695308204555 10.0 588000
1695308240185 10.0 592000
1695308275222 10.0 596000
1695308317585 10.0 600000
1695308353361 10.0 604000
1695308394689 10.0 608000
1695308433088 10.0 612000
1695308469703 10.0 616000
1695308516138 10.0 620000
1695308552717 10.0 624000
1695308589894 10.0 628000
1695308629678 10.0 632000
1695308665724 10.0 636000
1695308703915 10.0 640000
1695308740995 10.0 644000
1695308776398 10.0 648000
1695308813069 10.0 652000
1695308854471 10.0 656000
1695308889124 10.0 660000
1695308922220 10.0 664000
1695308955592 10.0 668000
1695308990603 10.0 672000
1695309025532 10.0 676000
1695309064225 10.0 680000
1695309102398 10.0 684000
1695309138013 10.0 688000
1695309173131 10.0 692000
1695309207142 10.0 696000
1695309241566 10.0 700000
1695309278069 10.0 704000
1695309314209 10.0 708000
1695309350686 10.0 712000
1695309387530 10.0 716000
1695309422247 10.0 720000
1695309457092 10.0 724000
1695309489485 10.0 728000
1695309522253 10.0 732000
1695309555427 10.0 736000
1695309590285 10.0 740000
1695309624546 10.0 744000
1695309658518 10.0 748000
1695309692310 10.0 752000
1695309730382 10.0 756000
1695309764959 10.0 760000
1695309797450 10.0 764000
1695309829803 10.0 768000
1695309863371 10.0 772000
1695309897276 10.0 776000
1695309932641 10.0 780000
1695309969897 10.0 784000
1695310015793 10.0 788000
1695310052529 10.0 792000
1695310087700 10.0 796000
1695310125606 10.0 800000
1695310160718 10.0 804000
1695310197702 10.0 808000
1695310240286 10.0 812000
1695310277524 10.0 816000
1695310312630 10.0 820000
1695310348266 10.0 824000
1695310386590 10.0 828000
1695310421463 10.0 832000
1695310455124 10.0 836000
1695310493957 10.0 840000
1695310538665 10.0 844000
1695310575891 10.0 848000
1695310616795 10.0 852000
1695310655415 10.0 856000
1695310690279 10.0 860000
1695310723996 10.0 864000
1695310758882 10.0 868000
