1695303109660 22211.0 4000
1695303138349 22211.0 8000
1695303167485 22211.0 12000
1695303196255 22211.0 16000
1695303230313 22211.0 20000
1695303262648 22211.0 24000
1695303295795 22211.0 28000
1695303328628 22211.0 32000
1695303360516 22211.0 36000
1695303392647 22211.0 40000
1695303425013 22211.0 44000
1695303456199 22211.0 48000
1695303487925 22211.0 52000
1695303518669 22211.0 56000
1695303550381 22211.0 60000
1695303581571 22211.0 64000
1695303615304 22211.0 68000
1695303648046 22211.0 72000
1695303680714 22211.0 76000
1695303712464 22211.0 80000
1695303753660 22211.0 84000
1695303786175 22211.0 88000
1695303816899 22211.0 92000
1695303852586 22211.0 96000
1695303897698 22211.0 100000
1695303939867 22211.0 104000
1695303972584 22211.0 108000
1695304013108 22211.0 112000
1695304058277 22211.0 116000
1695304101492 22211.0 120000
1695304142254 22211.0 124000
1695304191962 22211.0 128000
1695304235665 22211.0 132000
1695304278777 22211.0 136000
1695304323033 22211.0 140000
1695304364632 22211.0 144000
1695304406496 22211.0 148000
1695304450384 22211.0 152000
1695304491864 22211.0 156000
1695304533212 22211.0 160000
1695304577657 22211.0 164000
1695304622800 22211.0 168000
1695304666295 22211.0 172000
1695304711417 22211.0 176000
1695304750984 22211.0 180000
1695304788691 22211.0 184000
1695304832497 22211.0 188000
1695304872609 22211.0 192000
1695304909327 22211.0 196000
1695304945193 22211.0 200000
1695304982277 22211.0 204000
1695305024948 22211.0 208000
1695305061186 22211.0 212000
1695305097645 22211.0 216000
1695305135814 22211.0 220000
1695305173033 22211.0 224000
1695305208247 22211.0 228000
1695305242100 22211.0 232000
1695305272947 22211.0 236000
1695305303619 22211.0 240000
1695305334980 22211.0 244000
1695305365384 22211.0 248000
1695305395822 22211.0 252000
1695305426327 22211.0 256000
1695305457073 22211.0 260000
1695305487678 22211.0 264000
1695305518347 22211.0 268000
1695305548744 22211.0 272000
1695305579453 22211.0 276000
1695305610910 22211.0 280000
1695305641237 22211.0 284000
1695305672073 22211.0 288000
1695305702310 22211.0 292000
1695305733726 22211.0 296000
1695305763887 22211.0 300000
1695305794909 22211.0 304000
1695305825315 22211.0 308000
1695305856171 22211.0 312000
1695305886434 22211.0 316000
1695305917058 22211.0 320000
1695305947544 22211.0 324000
1695305978471 22211.0 328000
1695306008625 22211.0 332000
1695306039486 22211.0 336000
1695306070855 22211.0 340000
1695306101759 22211.0 344000
1695306132224 22211.0 348000
1695306162849 22211.0 352000
1695306193337 22211.0 356000
1695306224261 22211.0 360000
1695306254676 22211.0 364000
1695306287095 22211.0 368000
1695306318462 22211.0 372000
1695306351031 22211.0 376000
1695306382490 22211.0 380000
1695306417616 22211.0 384000
1695306452168 22211.0 388000
1695306486422 22211.0 392000
1695306519875 22211.0 396000
1695306554044 22211.0 400000
1695306586050 22211.0 404000
1695306620749 22211.0 408000
1695306653650 22211.0 412000
1695306687337 22211.0 416000
1695306720427 22211.0 420000
1695306752902 22211.0 424000
1695306786055 22211.0 428000
1695306823343 22211.0 432000
1695306860174 22211.0 436000
1695306893521 22211.0 440000
1695306926990 22211.0 444000
1695306961072 22211.0 448000
1695306995290 22211.0 452000
1695307028893 22211.0 456000
1695307061129 22211.0 460000
1695307093345 22211.0 464000
1695307128159 22211.0 468000
1695307160873 22211.0 472000
1695307193709 22211.0 476000
1695307226862 22211.0 480000
1695307261274 22211.0 484000
1695307295746 22211.0 488000
1695307328536 22211.0 492000
1695307362165 22211.0 496000
1695307398499 22211.0 500000
1695307433753 22211.0 504000
1695307466782 22211.0 508000
1695307502279 22211.0 512000
1695307540837 22211.0 516000
1695307575739 22211.0 520000
1695307615157 22211.0 524000
1695307652887 22211.0 528000
1695307688940 22211.0 532000
1695307724723 22211.0 536000
1695307759356 22211.0 540000
1695307803559 22211.0 544000
1695307846184 22211.0 548000
1695307880656 22211.0 552000
1695307919588 22211.0 556000
1695307956749 22211.0 560000
1695307994829 22211.0 564000
1695308027989 22211.0 568000
1695308062859 22211.0 572000
1695308098065 22211.0 576000
1695308132075 22211.0 580000
1695308167189 22211.0 584000
1695308204565 22211.0 588000
1695308240193 22211.0 592000
1695308275230 22211.0 596000
1695308317594 22211.0 600000
1695308353370 22211.0 604000
1695308394700 22211.0 608000
1695308433096 22211.0 612000
1695308469712 22211.0 616000
1695308516147 22211.0 620000
1695308552725 22211.0 624000
1695308589903 22211.0 628000
1695308629687 22211.0 632000
1695308665740 22211.0 636000
1695308703925 22211.0 640000
1695308741002 22211.0 644000
1695308776406 22211.0 648000
1695308813078 22211.0 652000
1695308854479 22211.0 656000
1695308889132 22211.0 660000
1695308922227 22211.0 664000
1695308955600 22211.0 668000
1695308990611 22211.0 672000
1695309025541 22211.0 676000
1695309064234 22211.0 680000
1695309102407 22211.0 684000
1695309138022 22211.0 688000
1695309173140 22211.0 692000
1695309207150 22211.0 696000
1695309241574 22211.0 700000
1695309278077 22211.0 704000
1695309314218 22211.0 708000
1695309350694 22211.0 712000
1695309387539 22211.0 716000
1695309422255 22211.0 720000
1695309457100 22211.0 724000
1695309489493 22211.0 728000
1695309522260 22211.0 732000
1695309555435 22211.0 736000
1695309590293 22211.0 740000
1695309624554 22211.0 744000
1695309658526 22211.0 748000
1695309692318 22211.0 752000
1695309730392 22211.0 756000
1695309764966 22211.0 760000
1695309797457 22211.0 764000
1695309829811 22211.0 768000
1695309863379 22211.0 772000
1695309897284 22211.0 776000
1695309932649 22211.0 780000
1695309969906 22211.0 784000
1695310015801 22211.0 788000
1695310052537 22211.0 792000
1695310087709 22211.0 796000
1695310125614 22211.0 800000
1695310160726 22211.0 804000
1695310197710 22211.0 808000
1695310240299 22211.0 812000
1695310277532 22211.0 816000
1695310312638 22211.0 820000
1695310348274 22211.0 824000
1695310386598 22211.0 828000
1695310421471 22211.0 832000
1695310455132 22211.0 836000
1695310493965 22211.0 840000
1695310538673 22211.0 844000
1695310575899 22211.0 848000
1695310616810 22211.0 852000
1695310655422 22211.0 856000
1695310690287 22211.0 860000
1695310724004 22211.0 864000
1695310758890 22211.0 868000
