1695303109659 1695303109.0 4000
1695303138348 1695303138.0 8000
1695303167484 1695303167.0 12000
1695303196254 1695303196.0 16000
1695303230311 1695303230.0 20000
1695303262647 1695303262.0 24000
1695303295794 1695303295.0 28000
1695303328627 1695303328.0 32000
1695303360515 1695303360.0 36000
1695303392646 1695303392.0 40000
1695303425012 1695303424.0 44000
1695303456198 1695303456.0 48000
1695303487924 1695303487.0 52000
1695303518667 1695303518.0 56000
1695303550380 1695303550.0 60000
1695303581570 1695303581.0 64000
1695303615303 1695303615.0 68000
1695303648045 1695303647.0 72000
1695303680713 1695303680.0 76000
1695303712463 1695303712.0 80000
1695303753659 1695303753.0 84000
1695303786174 1695303786.0 88000
1695303816897 1695303816.0 92000
1695303852585 1695303852.0 96000
1695303897696 1695303897.0 100000
1695303939865 1695303939.0 104000
1695303972583 1695303972.0 108000
1695304013107 1695304013.0 112000
1695304058275 1695304058.0 116000
1695304101490 1695304101.0 120000
1695304142252 1695304142.0 124000
1695304191960 1695304191.0 128000
1695304235664 1695304235.0 132000
1695304278775 1695304278.0 136000
1695304323032 1695304322.0 140000
1695304364629 1695304364.0 144000
1695304406494 1695304406.0 148000
1695304450383 1695304450.0 152000
1695304491862 1695304491.0 156000
1695304533210 1695304533.0 160000
1695304577656 1695304577.0 164000
1695304622798 1695304622.0 168000
1695304666294 1695304666.0 172000
1695304711416 1695304711.0 176000
1695304750982 1695304750.0 180000
1695304788690 1695304788.0 184000
1695304832495 1695304832.0 188000
1695304872608 1695304872.0 192000
1695304909326 1695304909.0 196000
1695304945192 1695304945.0 200000
1695304982275 1695304982.0 204000
1695305024947 1695305024.0 208000
1695305061184 1695305061.0 212000
1695305097643 1695305097.0 216000
1695305135813 1695305135.0 220000
1695305173032 1695305172.0 224000
1695305208246 1695305208.0 228000
1695305242098 1695305242.0 232000
1695305272945 1695305272.0 236000
1695305303618 1695305303.0 240000
1695305334979 1695305334.0 244000
1695305365383 1695305365.0 248000
1695305395821 1695305395.0 252000
1695305426326 1695305426.0 256000
1695305457072 1695305456.0 260000
1695305487677 1695305487.0 264000
1695305518346 1695305518.0 268000
1695305548743 1695305548.0 272000
1695305579452 1695305579.0 276000
1695305610909 1695305610.0 280000
1695305641236 1695305641.0 284000
1695305672072 1695305671.0 288000
1695305702309 1695305702.0 292000
1695305733725 1695305733.0 296000
1695305763886 1695305763.0 300000
1695305794908 1695305794.0 304000
1695305825314 1695305825.0 308000
1695305856170 1695305856.0 312000
1695305886433 1695305886.0 316000
1695305917057 1695305916.0 320000
1695305947543 1695305947.0 324000
1695305978470 1695305978.0 328000
1695306008624 1695306008.0 332000
1695306039485 1695306039.0 336000
1695306070854 1695306070.0 340000
1695306101758 1695306101.0 344000
1695306132223 1695306132.0 348000
1695306162848 1695306162.0 352000
1695306193336 1695306193.0 356000
1695306224260 1695306224.0 360000
1695306254675 1695306254.0 364000
1695306287094 1695306287.0 368000
1695306318461 1695306318.0 372000
1695306351030 1695306350.0 376000
1695306382489 1695306382.0 380000
1695306417615 1695306417.0 384000
1695306452167 1695306452.0 388000
1695306486421 1695306486.0 392000
1695306519874 1695306519.0 396000
1695306554043 1695306553.0 400000
1695306586049 1695306585.0 404000
1695306620748 1695306620.0 408000
1695306653649 1695306653.0 412000
1695306687335 1695306687.0 416000
1695306720426 1695306720.0 420000
1695306752901 1695306752.0 424000
1695306786054 1695306785.0 428000
1695306823341 1695306823.0 432000
1695306860173 1695306860.0 436000
1695306893520 1695306893.0 440000
1695306926989 1695306926.0 444000
1695306961071 1695306960.0 448000
1695306995289 1695306995.0 452000
1695307028891 1695307028.0 456000
1695307061128 1695307061.0 460000
1695307093343 1695307093.0 464000
1695307128158 1695307128.0 468000
1695307160872 1695307160.0 472000
1695307193708 1695307193.0 476000
1695307226861 1695307226.0 480000
1695307261273 1695307261.0 484000
1695307295745 1695307295.0 488000
1695307328535 1695307328.0 492000
1695307362164 1695307362.0 496000
1695307398498 1695307398.0 500000
1695307433752 1695307433.0 504000
1695307466781 1695307466.0 508000
1695307502278 1695307502.0 512000
1695307540836 1695307540.0 516000
1695307575738 1695307575.0 520000
1695307615155 1695307615.0 524000
1695307652886 1695307652.0 528000
1695307688939 1695307688.0 532000
1695307724722 1695307724.0 536000
1695307759355 1695307759.0 540000
1695307803557 1695307803.0 544000
1695307846182 1695307846.0 548000
1695307880655 1695307880.0 552000
1695307919586 1695307919.0 556000
1695307956747 1695307956.0 560000
1695307994827 1695307994.0 564000
1695308027987 1695308027.0 568000
1695308062858 1695308062.0 572000
1695308098064 1695308097.0 576000
1695308132074 1695308131.0 580000
1695308167188 1695308167.0 584000
1695308204564 1695308204.0 588000
1695308240192 1695308240.0 592000
1695308275229 1695308275.0 596000
1695308317593 1695308317.0 600000
1695308353369 1695308353.0 604000
1695308394699 1695308394.0 608000
1695308433094 1695308432.0 612000
1695308469711 1695308469.0 616000
1695308516146 1695308516.0 620000
1695308552724 1695308552.0 624000
1695308589902 1695308589.0 628000
1695308629686 1695308629.0 632000
1695308665737 1695308665.0 636000
1695308703923 1695308703.0 640000
1695308741001 1695308740.0 644000
1695308776405 1695308776.0 648000
1695308813077 1695308812.0 652000
1695308854478 1695308854.0 656000
1695308889131 1695308888.0 660000
1695308922226 1695308922.0 664000
1695308955599 1695308955.0 668000
1695308990610 1695308990.0 672000
1695309025540 1695309025.0 676000
1695309064233 1695309064.0 680000
1695309102405 1695309102.0 684000
1695309138021 1695309137.0 688000
1695309173138 1695309172.0 692000
1695309207149 1695309207.0 696000
1695309241572 1695309241.0 700000
1695309278076 1695309277.0 704000
1695309314217 1695309314.0 708000
1695309350693 1695309350.0 712000
1695309387537 1695309387.0 716000
1695309422254 1695309422.0 720000
1695309457099 1695309456.0 724000
1695309489491 1695309489.0 728000
1695309522259 1695309522.0 732000
1695309555434 1695309555.0 736000
1695309590292 1695309590.0 740000
1695309624553 1695309624.0 744000
1695309658524 1695309658.0 748000
1695309692317 1695309692.0 752000
1695309730390 1695309730.0 756000
1695309764965 1695309764.0 760000
1695309797456 1695309797.0 764000
1695309829810 1695309829.0 768000
1695309863377 1695309863.0 772000
1695309897283 1695309897.0 776000
1695309932648 1695309932.0 780000
1695309969904 1695309969.0 784000
1695310015800 1695310015.0 788000
1695310052536 1695310052.0 792000
1695310087708 1695310087.0 796000
1695310125612 1695310125.0 800000
1695310160724 1695310160.0 804000
1695310197709 1695310197.0 808000
1695310240297 1695310240.0 812000
1695310277530 1695310277.0 816000
1695310312636 1695310312.0 820000
1695310348273 1695310348.0 824000
1695310386597 1695310386.0 828000
1695310421470 1695310421.0 832000
1695310455131 1695310454.0 836000
1695310493964 1695310493.0 840000
1695310538672 1695310538.0 844000
1695310575898 1695310575.0 848000
1695310616808 1695310616.0 852000
1695310655421 1695310655.0 856000
1695310690286 1695310690.0 860000
1695310724003 1695310723.0 864000
1695310758889 1695310758.0 868000
