1695303109657 4000.0 4000
1695303138345 8000.0 8000
1695303167482 12000.0 12000
1695303196251 16000.0 16000
1695303230308 20000.0 20000
1695303262645 24000.0 24000
1695303295792 28000.0 28000
1695303328625 32000.0 32000
1695303360512 36000.0 36000
1695303392643 40000.0 40000
1695303425010 44000.0 44000
1695303456196 48000.0 48000
1695303487921 52000.0 52000
1695303518665 56000.0 56000
1695303550377 60000.0 60000
1695303581568 64000.0 64000
1695303615301 68000.0 68000
1695303648043 72000.0 72000
1695303680710 76000.0 76000
1695303712461 80000.0 80000
1695303753657 84000.0 84000
1695303786172 88000.0 88000
1695303816893 92000.0 92000
1695303852582 96000.0 96000
1695303897692 100000.0 100000
1695303939863 104000.0 104000
1695303972581 108000.0 108000
1695304013104 112000.0 112000
1695304058272 116000.0 116000
1695304101488 120000.0 120000
1695304142250 124000.0 124000
1695304191957 128000.0 128000
1695304235661 132000.0 132000
1695304278771 136000.0 136000
1695304323029 140000.0 140000
1695304364625 144000.0 144000
1695304406489 148000.0 148000
1695304450380 152000.0 152000
1695304491860 156000.0 156000
1695304533208 160000.0 160000
1695304577653 164000.0 164000
1695304622795 168000.0 168000
1695304666291 172000.0 172000
1695304711414 176000.0 176000
1695304750980 180000.0 180000
1695304788687 184000.0 184000
1695304832491 188000.0 188000
1695304872605 192000.0 192000
1695304909323 196000.0 196000
1695304945189 200000.0 200000
1695304982273 204000.0 204000
1695305024944 208000.0 208000
1695305061182 212000.0 212000
1695305097641 216000.0 216000
1695305135810 220000.0 220000
1695305173029 224000.0 224000
1695305208243 228000.0 228000
1695305242096 232000.0 232000
1695305272943 236000.0 236000
1695305303615 240000.0 240000
1695305334977 244000.0 244000
1695305365381 248000.0 248000
1695305395819 252000.0 252000
1695305426324 256000.0 256000
1695305457070 260000.0 260000
1695305487675 264000.0 264000
1695305518344 268000.0 268000
1695305548741 272000.0 272000
1695305579450 276000.0 276000
1695305610907 280000.0 280000
1695305641234 284000.0 284000
1695305672070 288000.0 288000
1695305702307 292000.0 292000
1695305733723 296000.0 296000
1695305763884 300000.0 300000
1695305794906 304000.0 304000
1695305825311 308000.0 308000
1695305856168 312000.0 312000
1695305886431 316000.0 316000
1695305917055 320000.0 320000
1695305947540 324000.0 324000
1695305978468 328000.0 328000
1695306008622 332000.0 332000
1695306039483 336000.0 336000
1695306070852 340000.0 340000
1695306101755 344000.0 344000
1695306132221 348000.0 348000
1695306162846 352000.0 352000
1695306193334 356000.0 356000
1695306224258 360000.0 360000
1695306254673 364000.0 364000
1695306287092 368000.0 368000
1695306318459 372000.0 372000
1695306351028 376000.0 376000
1695306382487 380000.0 380000
1695306417612 384000.0 384000
1695306452165 388000.0 388000
1695306486418 392000.0 392000
1695306519872 396000.0 396000
1695306554041 400000.0 400000
1695306586046 404000.0 404000
1695306620746 408000.0 408000
1695306653646 412000.0 412000
1695306687333 416000.0 416000
1695306720424 420000.0 420000
1695306752898 424000.0 424000
1695306786052 428000.0 428000
1695306823339 432000.0 432000
1695306860171 436000.0 436000
1695306893517 440000.0 440000
1695306926987 444000.0 444000
1695306961068 448000.0 448000
1695306995287 452000.0 452000
1695307028889 456000.0 456000
1695307061125 460000.0 460000
1695307093341 464000.0 464000
1695307128156 468000.0 468000
1695307160869 472000.0 472000
1695307193706 476000.0 476000
1695307226859 480000.0 480000
1695307261271 484000.0 484000
1695307295742 488000.0 488000
1695307328533 492000.0 492000
1695307362162 496000.0 496000
1695307398495 500000.0 500000
1695307433750 504000.0 504000
1695307466778 508000.0 508000
1695307502275 512000.0 512000
1695307540834 516000.0 516000
1695307575736 520000.0 520000
1695307615153 524000.0 524000
1695307652884 528000.0 528000
1695307688937 532000.0 532000
1695307724719 536000.0 536000
1695307759353 540000.0 540000
1695307803553 544000.0 544000
1695307846180 548000.0 548000
1695307880652 552000.0 552000
1695307919584 556000.0 556000
1695307956745 560000.0 560000
1695307994825 564000.0 564000
1695308027985 568000.0 568000
1695308062856 572000.0 572000
1695308098062 576000.0 576000
1695308132072 580000.0 580000
1695308167185 584000.0 584000
1695308204561 588000.0 588000
1695308240190 592000.0 592000
1695308275226 596000.0 596000
1695308317590 600000.0 600000
1695308353367 604000.0 604000
1695308394696 608000.0 608000
1695308433092 612000.0 612000
1695308469708 616000.0 616000
1695308516143 620000.0 620000
1695308552722 624000.0 624000
1695308589899 628000.0 628000
1695308629683 632000.0 632000
1695308665733 636000.0 636000
1695308703920 640000.0 640000
1695308740999 644000.0 644000
1695308776402 648000.0 648000
1695308813074 652000.0 652000
1695308854475 656000.0 656000
1695308889129 660000.0 660000
1695308922224 664000.0 664000
1695308955597 668000.0 668000
1695308990607 672000.0 672000
1695309025537 676000.0 676000
1695309064230 680000.0 680000
1695309102403 684000.0 684000
1695309138018 688000.0 688000
1695309173136 692000.0 692000
1695309207146 696000.0 696000
1695309241570 700000.0 700000
1695309278073 704000.0 704000
1695309314214 708000.0 708000
1695309350691 712000.0 712000
1695309387535 716000.0 716000
1695309422251 720000.0 720000
1695309457096 724000.0 724000
1695309489489 728000.0 728000
1695309522257 732000.0 732000
1695309555431 736000.0 736000
1695309590289 740000.0 740000
1695309624550 744000.0 744000
1695309658522 748000.0 748000
1695309692315 752000.0 752000
1695309730387 756000.0 756000
1695309764963 760000.0 760000
1695309797454 764000.0 764000
1695309829807 768000.0 768000
1695309863375 772000.0 772000
1695309897281 776000.0 776000
1695309932645 780000.0 780000
1695309969902 784000.0 784000
1695310015797 788000.0 788000
1695310052534 792000.0 792000
1695310087705 796000.0 796000
1695310125610 800000.0 800000
1695310160722 804000.0 804000
1695310197706 808000.0 808000
1695310240293 812000.0 812000
1695310277528 816000.0 816000
1695310312634 820000.0 820000
1695310348270 824000.0 824000
1695310386595 828000.0 828000
1695310421467 832000.0 832000
1695310455129 836000.0 836000
1695310493962 840000.0 840000
1695310538670 844000.0 844000
1695310575895 848000.0 848000
1695310616805 852000.0 852000
1695310655419 856000.0 856000
1695310690283 860000.0 860000
1695310724000 864000.0 864000
1695310758887 868000.0 868000
