1695303109660 30.628714323043823 4000
1695303138348 59.11265206336975 8000
1695303167485 88.05272388458252 12000
1695303196255 116.62256240844727 16000
1695303230312 150.4649622440338 20000
1695303262648 182.57166171073914 24000
1695303295795 215.51481938362122 28000
1695303328628 248.14475274085999 32000
1695303360516 279.82689237594604 36000
1695303392647 311.7393114566803 40000
1695303425013 343.8842487335205 44000
1695303456199 374.86738181114197 48000
1695303487924 406.38013458251953 52000
1695303518668 436.9195022583008 56000
1695303550381 468.42256569862366 60000
1695303581571 499.4034614562988 64000
1695303615304 532.925092458725 68000
1695303648046 565.452535867691 72000
1695303680713 597.9165966510773 76000
1695303712464 629.4555649757385 80000
1695303753660 670.4269139766693 84000
1695303786175 702.7289917469025 88000
1695303816898 733.2456793785095 92000
1695303852586 768.6949925422668 96000
1695303897698 813.508264541626 100000
1695303939866 855.3060138225555 104000
1695303972584 887.811648607254 108000
1695304013107 928.0856785774231 112000
1695304058276 972.9773232936859 116000
1695304101491 1015.9195804595947 120000
1695304142253 1056.398857831955 124000
1695304191961 1105.8167612552643 128000
1695304235665 1149.195262670517 132000
1695304278776 1192.0187458992004 136000
1695304323033 1235.9816267490387 140000
1695304364631 1277.2820098400116 144000
1695304406495 1318.8433258533478 148000
1695304450384 1362.3986475467682 152000
1695304491863 1403.602445602417 156000
1695304533211 1444.691534280777 160000
1695304577657 1488.8388459682465 164000
1695304622799 1533.67906498909 168000
1695304666295 1576.8866419792175 172000
1695304711417 1621.7529125213623 176000
1695304750983 1661.0864412784576 180000
1695304788691 1698.5401661396027 184000
1695304832496 1742.0719997882843 188000
1695304872608 1781.9376361370087 192000
1695304909326 1818.3992347717285 196000
1695304945193 1854.0100581645966 200000
1695304982276 1890.825621843338 204000
1695305024948 1933.232743024826 208000
1695305061185 1969.1948499679565 212000
1695305097644 2005.3931648731232 216000
1695305135814 2043.3064498901367 220000
1695305173033 2080.2630400657654 224000
1695305208247 2115.220447540283 228000
1695305242099 2148.8370475769043 232000
1695305272946 2179.466019630432 236000
1695305303619 2209.905612230301 240000
1695305334979 2241.005537509918 244000
1695305365384 2271.1900260448456 248000
1695305395822 2301.403299808502 252000
1695305426327 2331.686893224716 256000
1695305457073 2362.2151062488556 260000
1695305487678 2392.602152109146 264000
1695305518347 2423.039533853531 268000
1695305548744 2453.210376024246 272000
1695305579453 2483.6983077526093 276000
1695305610910 2514.9400675296783 280000
1695305641237 2545.028867006302 284000
1695305672072 2575.6496720314026 288000
1695305702310 2605.6737327575684 292000
1695305733726 2636.868019104004 296000
1695305763887 2666.8046057224274 300000
1695305794909 2697.5769724845886 304000
1695305825314 2727.760129213333 308000
1695305856171 2758.3924539089203 312000
1695305886433 2788.438199043274 316000
1695305917058 2818.8429596424103 320000
1695305947543 2849.090548992157 324000
1695305978471 2879.797280073166 328000
1695306008624 2909.7311346530914 332000
1695306039486 2940.3532865047455 336000
1695306070854 2971.4869961738586 340000
1695306101758 3002.1572687625885 344000
1695306132224 3032.39044380188 348000
1695306162849 3062.791511774063 352000
1695306193337 3093.0499906539917 356000
1695306224261 3123.7455682754517 360000
1695306254676 3153.917717695236 364000
1695306287095 3186.115287542343 368000
1695306318462 3217.251153945923 372000
1695306351031 3249.5882654190063 376000
1695306382490 3280.810429096222 380000
1695306417615 3315.7021920681 384000
1695306452168 3350.009788751602 388000
1695306486421 3384.0034308433533 392000
1695306519875 3417.2089054584503 396000
1695306554044 3451.134654045105 400000
1695306586050 3482.854979991913 404000
1695306620749 3517.2989313602448 408000
1695306653650 3549.9443311691284 412000
1695306687336 3583.375082015991 416000
1695306720427 3616.2038328647614 420000
1695306752901 3648.4266040325165 424000
1695306786055 3681.339991569519 428000
1695306823342 3718.3562457561493 432000
1695306860174 3754.9081127643585 436000
1695306893521 3787.993763446808 440000
1695306926990 3821.181836128235 444000
1695306961071 3854.9911892414093 448000
1695306995290 3888.9527802467346 452000
1695307028892 3922.300445795059 456000
1695307061129 3954.277663707733 460000
1695307093344 3986.2330305576324 464000
1695307128159 4020.783929824829 468000
1695307160873 4053.224241733551 472000
1695307193709 4085.793632745743 476000
1695307226862 4118.68842792511 480000
1695307261274 4152.816916704178 484000
1695307295745 4187.030432224274 488000
1695307328536 4219.565397262573 492000
1695307362165 4252.928370714188 496000
1695307398498 4288.990362644196 500000
1695307433753 4323.9681968688965 504000
1695307466782 4356.719321489334 508000
1695307502278 4391.927654743195 512000
1695307540837 4430.180040359497 516000
1695307575739 4464.790521621704 520000
1695307615156 4503.912949562073 524000
1695307652887 4541.354901313782 528000
1695307688940 4577.127358913422 532000
1695307724722 4612.5859375 536000
1695307759356 4646.951625585556 540000
1695307803559 4690.855836868286 544000
1695307846183 4733.14598274231 548000
1695307880656 4767.32635974884 552000
1695307919587 4805.969788789749 556000
1695307956748 4842.835411071777 560000
1695307994828 4880.604270458221 564000
1695308027988 4913.487022638321 568000
1695308062859 4948.084317684174 572000
1695308098065 4983.017684936523 576000
1695308132075 5016.7535309791565 580000
1695308167188 5051.5820388793945 584000
1695308204564 5088.664676904678 588000
1695308240193 5123.996851444244 592000
1695308275230 5158.721585273743 596000
1695308317594 5200.770487308502 600000
1695308353370 5236.228255033493 604000
1695308394700 5277.237494945526 608000
1695308433095 5315.301052331924 612000
1695308469712 5351.631374120712 616000
1695308516147 5397.757497787476 620000
1695308552725 5434.032888412476 624000
1695308589903 5470.894685745239 628000
1695308629687 5510.358013868332 632000
1695308665739 5546.0786809921265 636000
1695308703924 5583.923131465912 640000
1695308741002 5620.685631036758 644000
1695308776406 5655.792499303818 648000
1695308813078 5692.1649878025055 652000
1695308854478 5733.252160787582 656000
1695308889132 5767.625112056732 660000
1695308922227 5800.433497428894 664000
1695308955600 5833.521935224533 668000
1695308990611 5868.230434179306 672000
1695309025541 5902.826671123505 676000
1695309064234 5941.176872253418 680000
1695309102406 5979.004994153976 684000
1695309138022 6014.30521440506 688000
1695309173139 6049.111732959747 692000
1695309207150 6082.822661399841 696000
1695309241573 6116.948036909103 700000
1695309278077 6153.151291370392 704000
1695309314218 6188.970913171768 708000
1695309350694 6225.133074760437 712000
1695309387538 6261.6847541332245 716000
1695309422255 6296.105353116989 720000
1695309457099 6330.646942615509 724000
1695309489492 6362.75700545311 728000
1695309522260 6395.245464324951 732000
1695309555434 6428.135622262955 736000
1695309590293 6462.700138568878 740000
1695309624553 6496.664973497391 744000
1695309658525 6530.349086284637 748000
1695309692317 6563.855570554733 752000
1695309730391 6601.612509489059 756000
1695309764966 6635.855251073837 760000
1695309797457 6668.057606220245 764000
1695309829810 6700.126979589462 768000
1695309863378 6733.400918722153 772000
1695309897284 6767.01069521904 776000
1695309932648 6802.070894956589 780000
1695309969905 6839.013437509537 784000
1695310015800 6884.596766471863 788000
1695310052537 6921.023803949356 792000
1695310087709 6955.8685739040375 796000
1695310125613 6993.4519464969635 800000
1695310160725 7028.239461898804 804000
1695310197709 7064.914986610413 808000
1695310240299 7107.162391662598 812000
1695310277531 7144.07070016861 816000
1695310312637 7178.869579315186 820000
1695310348274 7214.180929660797 824000
1695310386598 7252.175133228302 828000
1695310421470 7286.707214355469 832000
1695310455132 7320.0704798698425 836000
1695310493965 7358.582357645035 840000
1695310538673 7402.951332330704 844000
1695310575898 7439.86420083046 848000
1695310616809 7480.3954112529755 852000
1695310655422 7518.621963977814 856000
1695310690286 7553.183195590973 860000
1695310724003 7586.601866483688 864000
1695310758890 7621.186928272247 868000
