1695303109660 30.628714323043823 4000
1695303138348 28.483937740325928 8000
1695303167485 28.94007182121277 12000
1695303196254 28.569838523864746 16000
1695303230312 33.84239983558655 20000
1695303262648 32.10669946670532 24000
1695303295794 32.94315767288208 28000
1695303328627 32.62993335723877 32000
1695303360515 31.68213963508606 36000
1695303392646 31.912419080734253 40000
1695303425012 32.14493727684021 44000
1695303456198 30.98313307762146 48000
1695303487924 31.512752771377563 52000
1695303518668 30.53936767578125 56000
1695303550380 31.503063440322876 60000
1695303581571 30.98089575767517 64000
1695303615304 33.52163100242615 68000
1695303648046 32.527443408966064 72000
1695303680713 32.46406078338623 76000
1695303712464 31.538968324661255 80000
1695303753659 40.971349000930786 84000
1695303786175 32.302077770233154 88000
1695303816898 30.516687631607056 92000
1695303852585 35.449313163757324 96000
1695303897697 44.81327199935913 100000
1695303939866 41.797749280929565 104000
1695303972584 32.505634784698486 108000
1695304013107 40.27402997016907 112000
1695304058276 44.89164471626282 116000
1695304101491 42.94225716590881 120000
1695304142253 40.47927737236023 124000
1695304191961 49.417903423309326 128000
1695304235664 43.378501415252686 132000
1695304278776 42.82348322868347 136000
1695304323032 43.96288084983826 140000
1695304364630 41.3003830909729 144000
1695304406494 41.56131601333618 148000
1695304450383 43.55532169342041 152000
1695304491863 41.203798055648804 156000
1695304533211 41.089088678359985 160000
1695304577656 44.14731168746948 164000
1695304622799 44.840219020843506 168000
1695304666294 43.20757699012756 172000
1695304711417 44.866270542144775 176000
1695304750983 39.33352875709534 180000
1695304788690 37.45372486114502 184000
1695304832495 43.53183364868164 188000
1695304872608 39.865636348724365 192000
1695304909326 36.46159863471985 196000
1695304945192 35.61082339286804 200000
1695304982276 36.815563678741455 204000
1695305024948 42.40712118148804 208000
1695305061185 35.96210694313049 212000
1695305097644 36.198314905166626 216000
1695305135813 37.91328501701355 220000
1695305173032 36.95659017562866 224000
1695305208246 34.95740747451782 228000
1695305242099 33.616600036621094 232000
1695305272946 30.628972053527832 236000
1695305303618 30.439592599868774 240000
1695305334979 31.09992527961731 244000
1695305365384 30.184488534927368 248000
1695305395822 30.213273763656616 252000
1695305426327 30.28359341621399 256000
1695305457073 30.528213024139404 260000
1695305487678 30.387045860290527 264000
1695305518346 30.437381744384766 268000
1695305548744 30.170842170715332 272000
1695305579452 30.487931728363037 276000
1695305610910 31.241759777069092 280000
1695305641236 30.088799476623535 284000
1695305672072 30.620805025100708 288000
1695305702310 30.02406072616577 292000
1695305733725 31.194286346435547 296000
1695305763886 29.936586618423462 300000
1695305794909 30.772366762161255 304000
1695305825314 30.183156728744507 308000
1695305856170 30.632324695587158 312000
1695305886433 30.045745134353638 316000
1695305917057 30.404760599136353 320000
1695305947543 30.247589349746704 324000
1695305978470 30.70673108100891 328000
1695306008624 29.933854579925537 332000
1695306039485 30.622151851654053 336000
1695306070854 31.13370966911316 340000
1695306101758 30.67027258872986 344000
1695306132223 30.233175039291382 348000
1695306162849 30.401067972183228 352000
1695306193337 30.25847887992859 356000
1695306224260 30.69557762145996 360000
1695306254675 30.172149419784546 364000
1695306287094 32.197569847106934 368000
1695306318462 31.135866403579712 372000
1695306351031 32.337111473083496 376000
1695306382490 31.222163677215576 380000
1695306417615 34.89176297187805 384000
1695306452167 34.3075966835022 388000
1695306486421 33.9936420917511 392000
1695306519874 33.205474615097046 396000
1695306554044 33.92574858665466 400000
1695306586049 31.72032594680786 404000
1695306620749 34.44395136833191 408000
1695306653649 32.64539980888367 412000
1695306687336 33.43075084686279 416000
1695306720426 32.82875084877014 420000
1695306752901 32.22277116775513 424000
1695306786055 32.91338753700256 428000
1695306823342 37.01625418663025 432000
1695306860173 36.55186700820923 436000
1695306893520 33.08565068244934 440000
1695306926989 33.188072681427 444000
1695306961071 33.80935311317444 448000
1695306995289 33.96159100532532 452000
1695307028892 33.347665548324585 456000
1695307061128 31.97721791267395 460000
1695307093344 31.955366849899292 464000
1695307128158 34.550899267196655 468000
1695307160872 32.440311908721924 472000
1695307193708 32.56939101219177 476000
1695307226861 32.894795179367065 480000
1695307261273 34.12848877906799 484000
1695307295745 34.213515520095825 488000
1695307328536 32.53496503829956 492000
1695307362164 33.36297345161438 496000
1695307398498 36.061991930007935 500000
1695307433752 34.97783422470093 504000
1695307466781 32.75112462043762 508000
1695307502278 35.208333253860474 512000
1695307540836 38.25238561630249 516000
1695307575739 34.61048126220703 520000
1695307615156 39.12242794036865 524000
1695307652887 37.441951751708984 528000
1695307688939 35.77245759963989 532000
1695307724722 35.45857858657837 536000
1695307759356 34.36568808555603 540000
1695307803558 43.9042112827301 544000
1695307846183 42.29014587402344 548000
1695307880655 34.18037700653076 552000
1695307919587 38.64342904090881 556000
1695307956748 36.8656222820282 560000
1695307994828 37.76885938644409 564000
1695308027988 32.88275218009949 568000
1695308062858 34.59729504585266 572000
1695308098065 34.93336725234985 576000
1695308132075 33.73584604263306 580000
1695308167188 34.82850790023804 584000
1695308204564 37.08263802528381 588000
1695308240193 35.33217453956604 592000
1695308275229 34.72473382949829 596000
1695308317593 42.04890203475952 600000
1695308353369 35.457767724990845 604000
1695308394699 41.00923991203308 608000
1695308433095 38.063557386398315 612000
1695308469711 36.33032178878784 616000
1695308516146 46.126123666763306 620000
1695308552725 36.275390625 624000
1695308589903 36.86179733276367 628000
1695308629687 39.46332812309265 632000
1695308665738 35.720667123794556 636000
1695308703924 37.8444504737854 640000
1695308741001 36.76249957084656 644000
1695308776405 35.106868267059326 648000
1695308813077 36.372488498687744 652000
1695308854478 41.087172985076904 656000
1695308889131 34.37295126914978 660000
1695308922227 32.808385372161865 664000
1695308955599 33.08843779563904 668000
1695308990610 34.70849895477295 672000
1695309025540 34.59623694419861 676000
1695309064233 38.35020112991333 680000
1695309102406 37.82812190055847 684000
1695309138021 35.300220251083374 688000
1695309173139 34.8065185546875 692000
1695309207149 33.710928440093994 696000
1695309241573 34.125375509262085 700000
1695309278076 36.20325446128845 704000
1695309314217 35.81962180137634 708000
1695309350693 36.16216158866882 712000
1695309387538 36.551679372787476 716000
1695309422254 34.42059898376465 720000
1695309457099 34.5415894985199 724000
1695309489492 32.11006283760071 728000
1695309522260 32.48845887184143 732000
1695309555434 32.89015793800354 736000
1695309590292 34.56451630592346 740000
1695309624553 33.96483492851257 744000
1695309658525 33.684112787246704 748000
1695309692317 33.506484270095825 752000
1695309730391 37.75693893432617 756000
1695309764965 34.24274158477783 760000
1695309797457 32.20235514640808 764000
1695309829810 32.06937336921692 768000
1695309863378 33.27393913269043 772000
1695309897283 33.60977649688721 776000
1695309932648 35.06019973754883 780000
1695309969905 36.942542552948 784000
1695310015800 45.58332896232605 788000
1695310052537 36.427037477493286 792000
1695310087708 34.8447699546814 796000
1695310125613 37.583372592926025 800000
1695310160725 34.78751540184021 804000
1695310197709 36.67552471160889 808000
1695310240298 42.24740505218506 812000
1695310277531 36.90830850601196 816000
1695310312637 34.79887914657593 820000
1695310348274 35.31135034561157 824000
1695310386598 37.99420356750488 828000
1695310421470 34.53208112716675 832000
1695310455132 33.36326551437378 836000
1695310493965 38.51187777519226 840000
1695310538672 44.368974685668945 844000
1695310575898 36.91286849975586 848000
1695310616809 40.53121042251587 852000
1695310655422 38.22655272483826 856000
1695310690286 34.56123161315918 860000
1695310724003 33.418670892715454 864000
1695310758890 34.58506178855896 868000
