1695303109659 1.0 4000
1695303138347 2.0 8000
1695303167484 3.0 12000
1695303196253 4.0 16000
1695303230311 5.0 20000
1695303262647 6.0 24000
1695303295793 7.0 28000
1695303328626 8.0 32000
1695303360514 9.0 36000
1695303392645 10.0 40000
1695303425012 11.0 44000
1695303456198 12.0 48000
1695303487923 13.0 52000
1695303518667 14.0 56000
1695303550379 15.0 60000
1695303581570 16.0 64000
1695303615303 17.0 68000
1695303648045 18.0 72000
1695303680712 19.0 76000
1695303712463 20.0 80000
1695303753659 21.0 84000
1695303786174 22.0 88000
1695303816896 23.0 92000
1695303852584 24.0 96000
1695303897695 25.0 100000
1695303939865 26.0 104000
1695303972583 27.0 108000
1695304013106 28.0 112000
1695304058274 29.0 116000
1695304101490 30.0 120000
1695304142252 31.0 124000
1695304191959 32.0 128000
1695304235663 33.0 132000
1695304278775 34.0 136000
1695304323032 35.0 140000
1695304364628 36.0 144000
1695304406493 37.0 148000
1695304450382 38.0 152000
1695304491862 39.0 156000
1695304533210 40.0 160000
1695304577655 41.0 164000
1695304622798 42.0 168000
1695304666294 43.0 172000
1695304711416 44.0 176000
1695304750982 45.0 180000
1695304788689 46.0 184000
1695304832494 47.0 188000
1695304872607 48.0 192000
1695304909325 49.0 196000
1695304945192 50.0 200000
1695304982275 51.0 204000
1695305024947 52.0 208000
1695305061184 53.0 212000
1695305097643 54.0 216000
1695305135813 55.0 220000
1695305173031 56.0 224000
1695305208245 57.0 228000
1695305242098 58.0 232000
1695305272945 59.0 236000
1695305303618 60.0 240000
1695305334978 61.0 244000
1695305365383 62.0 248000
1695305395821 63.0 252000
1695305426326 64.0 256000
1695305457072 65.0 260000
1695305487677 66.0 264000
1695305518346 67.0 268000
1695305548743 68.0 272000
1695305579452 69.0 276000
1695305610909 70.0 280000
1695305641236 71.0 284000
1695305672071 72.0 288000
1695305702309 73.0 292000
1695305733724 74.0 296000
1695305763886 75.0 300000
1695305794908 76.0 304000
1695305825313 77.0 308000
1695305856170 78.0 312000
1695305886432 79.0 316000
1695305917057 80.0 320000
1695305947542 81.0 324000
1695305978470 82.0 328000
1695306008623 83.0 332000
1695306039485 84.0 336000
1695306070853 85.0 340000
1695306101757 86.0 344000
1695306132223 87.0 348000
1695306162848 88.0 352000
1695306193336 89.0 356000
1695306224260 90.0 360000
1695306254675 91.0 364000
1695306287094 92.0 368000
1695306318461 93.0 372000
1695306351030 94.0 376000
1695306382489 95.0 380000
1695306417614 96.0 384000
1695306452167 97.0 388000
1695306486420 98.0 392000
1695306519873 99.0 396000
1695306554043 100.0 400000
1695306586049 101.0 404000
1695306620748 102.0 408000
1695306653648 103.0 412000
1695306687335 104.0 416000
1695306720426 105.0 420000
1695306752900 106.0 424000
1695306786054 107.0 428000
1695306823341 108.0 432000
1695306860172 109.0 436000
1695306893519 110.0 440000
1695306926989 111.0 444000
1695306961070 112.0 448000
1695306995289 113.0 452000
1695307028891 114.0 456000
1695307061127 115.0 460000
1695307093343 116.0 464000
1695307128157 117.0 468000
1695307160871 118.0 472000
1695307193708 119.0 476000
1695307226861 120.0 480000
1695307261273 121.0 484000
1695307295744 122.0 488000
1695307328535 123.0 492000
1695307362164 124.0 496000
1695307398497 125.0 500000
1695307433751 126.0 504000
1695307466780 127.0 508000
1695307502277 128.0 512000
1695307540836 129.0 516000
1695307575738 130.0 520000
1695307615155 131.0 524000
1695307652886 132.0 528000
1695307688939 133.0 532000
1695307724721 134.0 536000
1695307759355 135.0 540000
1695307803557 136.0 544000
1695307846182 137.0 548000
1695307880654 138.0 552000
1695307919586 139.0 556000
1695307956747 140.0 560000
1695307994827 141.0 564000
1695308027987 142.0 568000
1695308062858 143.0 572000
1695308098064 144.0 576000
1695308132074 145.0 580000
1695308167187 146.0 584000
1695308204563 147.0 588000
1695308240192 148.0 592000
1695308275228 149.0 596000
1695308317592 150.0 600000
1695308353369 151.0 604000
1695308394698 152.0 608000
1695308433094 153.0 612000
1695308469711 154.0 616000
1695308516145 155.0 620000
1695308552724 156.0 624000
1695308589902 157.0 628000
1695308629686 158.0 632000
1695308665736 159.0 636000
1695308703923 160.0 640000
1695308741001 161.0 644000
1695308776404 162.0 648000
1695308813076 163.0 652000
1695308854477 164.0 656000
1695308889130 165.0 660000
1695308922226 166.0 664000
1695308955599 167.0 668000
1695308990609 168.0 672000
1695309025539 169.0 676000
1695309064232 170.0 680000
1695309102405 171.0 684000
1695309138020 172.0 688000
1695309173138 173.0 692000
1695309207148 174.0 696000
1695309241572 175.0 700000
1695309278076 176.0 704000
1695309314217 177.0 708000
1695309350693 178.0 712000
1695309387537 179.0 716000
1695309422253 180.0 720000
1695309457098 181.0 724000
1695309489491 182.0 728000
1695309522259 183.0 732000
1695309555433 184.0 736000
1695309590291 185.0 740000
1695309624552 186.0 744000
1695309658524 187.0 748000
1695309692316 188.0 752000
1695309730390 189.0 756000
1695309764965 190.0 760000
1695309797456 191.0 764000
1695309829809 192.0 768000
1695309863377 193.0 772000
1695309897283 194.0 776000
1695309932647 195.0 780000
1695309969904 196.0 784000
1695310015799 197.0 788000
1695310052536 198.0 792000
1695310087707 199.0 796000
1695310125612 200.0 800000
1695310160724 201.0 804000
1695310197708 202.0 808000
1695310240297 203.0 812000
1695310277530 204.0 816000
1695310312636 205.0 820000
1695310348272 206.0 824000
1695310386597 207.0 828000
1695310421469 208.0 832000
1695310455131 209.0 836000
1695310493964 210.0 840000
1695310538672 211.0 844000
1695310575897 212.0 848000
1695310616808 213.0 852000
1695310655421 214.0 856000
1695310690285 215.0 860000
1695310724002 216.0 864000
1695310758889 217.0 868000
