1695136485571 -1.027 4000
1695136522455 -1.032 8000
1695136560397 -1.042 12000
1695136594636 -1.045 16000
1695136626272 -1.045 20000
1695136659400 -1.045 24000
1695136692886 -1.045 28000
1695136726791 -1.0399999999999998 32000
1695136760546 -1.039 36000
1695136795169 -1.039 40000
1695136829799 -1.044 44000
1695136863845 -1.044 48000
1695136896271 -1.044 52000
1695136932722 -1.042 56000
1695136966831 -1.041 60000
1695136999726 -1.041 64000
1695137033419 -1.035 68000
1695137066477 -1.045 72000
1695137103750 -1.045 76000
1695137142135 -1.033 80000
1695137179710 -1.04 84000
1695137217132 -1.043 88000
1695137252630 -1.034 92000
1695137286509 -1.038 96000
1695137322135 -1.038 100000
1695137356671 -1.037 104000
1695137389710 -1.049 108000
1695137421454 -1.049 112000
1695137453422 -1.0399999999999998 116000
1695137486522 -1.04 120000
1695137518766 -1.039 124000
1695137552939 -1.027 128000
1695137587466 -1.031 132000
1695137620361 -1.031 136000
1695137652360 -1.028 140000
1695137685691 -1.024 144000
1695137720401 -1.026 148000
1695137753106 -1.019 152000
1695137785919 -1.027 156000
1695137819385 -1.029 160000
