1695136485571 -1.007 4000
1695136522454 -1.044 8000
1695136560396 -1.044 12000
1695136594636 -1.044 16000
1695136626272 -1.044 20000
1695136659400 -1.044 24000
1695136692885 -1.035 28000
1695136726791 -1.032 32000
1695136760545 -1.032 36000
1695136795168 -1.03 40000
1695136829799 -1.03 44000
1695136863845 -1.03 48000
1695136896270 -1.019 52000
1695136932721 -1.019 56000
1695136966830 -1.019 60000
1695136999725 -1.023 64000
1695137033419 -1.023 68000
1695137066477 -1.012 72000
1695137103749 -1.012 76000
1695137142134 -1.01 80000
1695137179710 -1.009 84000
1695137217132 -1.001 88000
1695137252630 -1.017 92000
1695137286509 -1.033 96000
1695137322135 -1.005 100000
1695137356670 -1.02 104000
1695137389709 -1.02 108000
1695137421454 -1.008 112000
1695137453422 -1.021 116000
1695137486522 -1.019 120000
1695137518766 -1.012 124000
1695137552938 -1.007 128000
1695137587466 -1.026 132000
1695137620360 -1.013 136000
1695137652360 -1.013 140000
1695137685691 -1.002 144000
1695137720400 -1.009 148000
1695137753105 -1.017 152000
1695137785919 -1.0459999999999998 156000
1695137819385 0.701 160000
