1695303109765 0.9 4000
1695303138452 0.9 8000
1695303167586 0.9 12000
1695303196359 0.9 16000
1695303230429 0.9 20000
1695303262750 0.9 24000
1695303295894 0.9 28000
1695303328726 0.9 32000
1695303360622 0.9 36000
1695303392748 0.9 40000
1695303425111 0.9 44000
1695303456301 0.9 48000
1695303488024 0.9 52000
1695303518767 0.9 56000
1695303550479 0.9 60000
1695303581669 0.9 64000
1695303615410 0.9 68000
1695303648141 0.9 72000
1695303680812 0.9 76000
1695303712560 0.9 80000
1695303753764 0.9 84000
1695303786273 0.9 88000
1695303817002 0.9 92000
1695303852712 0.9 96000
1695303897906 0.9 100000
1695303939962 0.9 104000
1695303972699 0.9 108000
1695304013230 0.9 112000
1695304058409 0.9 116000
1695304101610 0.9 120000
1695304142372 0.9 124000
1695304192118 0.9 128000
1695304235793 0.9 132000
1695304278906 0.9 136000
1695304323162 0.9 140000
1695304364766 0.9 144000
1695304406649 0.9 148000
1695304450515 0.9 152000
1695304491974 0.9 156000
1695304533337 0.9 160000
1695304577779 0.9 164000
1695304622935 0.9 168000
1695304666411 0.9 172000
1695304711513 0.9 176000
1695304751095 0.9 180000
1695304788804 0.9 184000
1695304832603 0.9 188000
1695304872724 0.9 192000
1695304909445 0.9 196000
1695304945300 0.9 200000
1695304982387 0.9 204000
1695305025070 0.9 208000
1695305061294 0.9 212000
1695305097756 0.9 216000
1695305135925 0.9 220000
1695305173144 0.9 224000
1695305208352 0.9 228000
1695305242192 0.9 232000
1695305273039 0.9 236000
1695305303728 0.9 240000
1695305335073 0.9 244000
1695305365483 0.9 248000
1695305395914 0.9 252000
1695305426427 0.9 256000
1695305457164 0.9 260000
1695305487778 0.9 264000
1695305518438 0.9 268000
1695305548844 0.9 272000
1695305579542 0.9 276000
1695305611004 0.9 280000
1695305641330 0.9 284000
1695305672160 0.9 288000
1695305702403 0.9 292000
1695305733818 0.9 296000
1695305763997 0.9 300000
1695305795001 0.9 304000
1695305825407 0.9 308000
1695305856263 0.9 312000
1695305886523 0.9 316000
1695305917150 0.9 320000
1695305947637 0.9 324000
1695305978558 0.9 328000
1695306008718 0.9 332000
1695306039581 0.9 336000
1695306070949 0.9 340000
1695306101854 0.9 344000
1695306132315 0.9 348000
1695306162942 0.9 352000
1695306193431 0.9 356000
1695306224353 0.9 360000
1695306254769 0.9 364000
1695306287188 0.9 368000
1695306318555 0.9 372000
1695306351136 0.9 376000
1695306382579 0.9 380000
1695306417718 0.9 384000
1695306452280 0.9 388000
1695306486523 0.9 392000
1695306519967 0.9 396000
1695306554146 0.9 400000
1695306586148 0.9 404000
1695306620854 0.9 408000
1695306653743 0.9 412000
1695306687444 0.9 416000
1695306720525 0.9 420000
1695306752997 0.9 424000
1695306786150 0.9 428000
1695306823472 0.9 432000
1695306860275 0.9 436000
1695306893619 0.9 440000
1695306927099 0.9 444000
1695306961170 0.9 448000
1695306995387 0.9 452000
1695307028990 0.9 456000
1695307061230 0.9 460000
1695307093445 0.9 464000
1695307128257 0.9 468000
1695307160979 0.9 472000
1695307193808 0.9 476000
1695307226966 0.9 480000
1695307261374 0.9 484000
1695307295841 0.9 488000
1695307328636 0.9 492000
1695307362267 0.9 496000
1695307398610 0.9 500000
1695307433851 0.9 504000
1695307466891 0.9 508000
1695307502397 0.9 512000
1695307540953 0.9 516000
1695307575839 0.9 520000
1695307615275 0.9 524000
1695307652985 0.9 528000
1695307689063 0.9 532000
1695307724826 0.9 536000
1695307759454 0.9 540000
1695307803715 0.9 544000
1695307846281 0.9 548000
1695307880768 0.9 552000
1695307919691 0.9 556000
1695307956867 0.9 560000
1695307994935 0.9 564000
1695308028088 0.9 568000
1695308062962 0.9 572000
1695308098162 0.9 576000
1695308132181 0.9 580000
1695308167288 0.9 584000
1695308204681 0.9 588000
1695308240291 0.9 592000
1695308275342 0.9 596000
1695308317707 0.9 600000
1695308353477 0.9 604000
1695308394839 0.9 608000
1695308433193 0.9 612000
1695308469827 0.9 616000
1695308516257 0.9 620000
1695308552834 0.9 624000
1695308590021 0.9 628000
1695308629801 0.9 632000
1695308665871 0.9 636000
1695308704039 0.9 640000
1695308741102 0.9 644000
1695308776514 0.9 648000
1695308813196 0.9 652000
1695308854576 0.9 656000
1695308889232 0.9 660000
1695308922327 0.9 664000
1695308955702 0.9 668000
1695308990721 0.9 672000
1695309025662 0.9 676000
1695309064357 0.9 680000
1695309102516 0.9 684000
1695309138132 0.9 688000
1695309173242 0.9 692000
1695309207256 0.9 696000
1695309241672 0.9 700000
1695309278184 0.9 704000
1695309314336 0.9 708000
1695309350791 0.9 712000
1695309387644 0.9 716000
1695309422353 0.9 720000
1695309457197 0.9 724000
1695309489585 0.9 728000
1695309522357 0.9 732000
1695309555534 0.9 736000
1695309590396 0.9 740000
1695309624654 0.9 744000
1695309658624 0.9 748000
1695309692414 0.9 752000
1695309730524 0.9 756000
1695309765063 0.9 760000
1695309797551 0.9 764000
1695309829910 0.9 768000
1695309863476 0.9 772000
1695309897387 0.9 776000
1695309932749 0.9 780000
1695309970017 0.9 784000
1695310015902 0.9 788000
1695310052643 0.9 792000
1695310087818 0.9 796000
1695310125722 0.9 800000
1695310160820 0.9 804000
1695310197822 0.9 808000
1695310240412 0.9 812000
1695310277632 0.9 816000
1695310312742 0.9 820000
1695310348386 0.9 824000
1695310386730 0.9 828000
1695310421566 0.9 832000
1695310455236 0.9 836000
1695310494075 0.9 840000
1695310538771 0.9 844000
1695310576006 0.9 848000
1695310616962 0.9 852000
1695310655521 0.9 856000
1695310690386 0.9 860000
1695310724100 0.9 864000
1695310758988 0.9 868000
