1695136485632 0.06659189860026042 4000
1695136522530 0.06991684436798096 8000
1695136560465 0.0707660402570452 12000
1695136594694 0.07185007070566153 16000
1695136626331 0.07025490001756318 20000
1695136659461 0.06977665424346924 24000
1695136692947 0.06732213497161865 28000
1695136726850 0.06351912021636963 32000
1695136760609 0.06399977207183838 36000
1695136795231 0.06549501419067383 40000
1695136829867 0.06607282161712646 44000
1695136863903 0.06606471538543701 48000
1695136896333 0.06477534770965576 52000
1695136932783 0.06666064262390137 56000
1695136966890 0.06909406185150146 60000
1695136999788 0.06757879257202148 64000
1695137033485 0.06598329544067383 68000
1695137066536 0.06686580181121826 72000
1695137103815 0.06868720054626465 76000
1695137142201 0.07148981094360352 80000
1695137179773 0.07268106937408447 84000
1695137217196 0.07514524459838867 88000
1695137252695 0.07368850708007812 92000
1695137286571 0.06883668899536133 96000
1695137322192 0.06662797927856445 100000
1695137356742 0.06718897819519043 104000
1695137389769 0.06849312782287598 108000
1695137421515 0.06360757350921631 112000
1695137453479 0.061899423599243164 116000
1695137486581 0.06314826011657715 120000
1695137518833 0.06274271011352539 124000
1695137553010 0.06789770619622593 128000
1695137587523 0.07033681869506836 132000
1695137620420 0.06271207332611084 136000
1695137652419 0.06341564655303955 140000
1695137685756 0.0631493330001831 144000
1695137720465 0.06673761776515416 148000
1695137753164 0.06262777429638487 152000
1695137785975 0.06293934934279498 156000
1695137819449 0.06482197543767494 160000
