1695136485632 0.004076162974039714 4000
1695136522530 0.004426538944244385 8000
1695136560465 0.004615741116659982 12000
1695136594694 0.004746542348490133 16000
1695136626331 0.004722025929665079 20000
1695136659461 0.0047997236251831055 24000
1695136692947 0.004748821258544922 28000
1695136726850 0.004587531089782715 32000
1695136760609 0.004573941230773926 36000
1695136795231 0.004662752151489258 40000
1695136829867 0.004708766937255859 44000
1695136863904 0.004772186279296875 48000
1695136896334 0.004667758941650391 52000
1695136932784 0.004652976989746094 56000
1695136966891 0.004736423492431641 60000
1695136999788 0.004699349403381348 64000
1695137033485 0.004711270332336426 68000
1695137066537 0.004728555679321289 72000
1695137103816 0.004839301109313965 76000
1695137142201 0.005008578300476074 80000
1695137179774 0.005052804946899414 84000
1695137217196 0.0050983428955078125 88000
1695137252696 0.005091547966003418 92000
1695137286571 0.004830837249755859 96000
1695137322193 0.00467371940612793 100000
1695137356742 0.004686713218688965 104000
1695137389769 0.00474703311920166 108000
1695137421515 0.0045621395111083984 112000
1695137453479 0.004556894302368164 116000
1695137486582 0.0045566558837890625 120000
1695137518834 0.004615306854248047 124000
1695137553011 0.004662110887724778 128000
1695137587523 0.004876375198364258 132000
1695137620420 0.00461733341217041 136000
1695137652419 0.004727721214294434 140000
1695137685756 0.004718422889709473 144000
1695137720466 0.004678325993674142 148000
1695137753164 0.004568515401898008 152000
1695137785976 0.00458140583599315 156000
1695137819450 0.004673567343884566 160000
