1695136485572 0.844 4000
1695136522456 1.337 8000
1695136560397 1.337 12000
1695136594637 1.337 16000
1695136626273 1.337 20000
1695136659401 1.337 24000
1695136692886 1.142 28000
1695136726792 0.952 32000
1695136760547 1.033 36000
1695136795169 1.2029999999999998 40000
1695136829800 1.2029999999999998 44000
1695136863846 1.2029999999999998 48000
1695136896272 1.2810000000000001 52000
1695136932723 1.2810000000000001 56000
1695136966832 1.2810000000000001 60000
1695136999727 0.918 64000
1695137033420 0.918 68000
1695137066478 0.914 72000
1695137103751 1.175 76000
1695137142136 1.2959999999999998 80000
1695137179711 1.3940000000000001 84000
1695137217133 1.309 88000
1695137252631 1.309 92000
1695137286510 1.435 96000
1695137322136 1.435 100000
1695137356672 0.963 104000
1695137389710 0.907 108000
1695137421455 0.943 112000
1695137453423 1.232 116000
1695137486523 0.957 120000
1695137518767 0.855 124000
1695137552940 0.966 128000
1695137587467 0.97 132000
1695137620362 1.451 136000
1695137652361 0.976 140000
1695137685692 1.443 144000
1695137720402 1.4100000000000001 148000
1695137753106 0.974 152000
1695137785920 0.965 156000
1695137819386 0.487 160000
