1695136485572 1.237 4000
1695136522455 1.237 8000
1695136560397 1.237 12000
1695136594636 1.237 16000
1695136626273 1.237 20000
1695136659401 1.1139999999999999 24000
1695136692886 1.266 28000
1695136726792 1.266 32000
1695136760546 1.287 36000
1695136795169 1.3820000000000001 40000
1695136829800 1.385 44000
1695136863845 1.385 48000
1695136896271 1.385 52000
1695136932722 1.423 56000
1695136966831 1.442 60000
1695136999726 1.442 64000
1695137033420 1.442 68000
1695137066477 1.45 72000
1695137103750 1.45 76000
1695137142135 1.442 80000
1695137179711 1.4729999999999999 84000
1695137217133 1.4729999999999999 88000
1695137252631 1.451 92000
1695137286510 1.451 96000
1695137322136 1.47 100000
1695137356671 1.47 104000
1695137389710 1.467 108000
1695137421454 1.47 112000
1695137453422 1.47 116000
1695137486522 1.4689999999999999 120000
1695137518767 1.4689999999999999 124000
1695137552939 1.4729999999999999 128000
1695137587466 1.464 132000
1695137620361 1.47 136000
1695137652360 1.47 140000
1695137685692 1.4609999999999999 144000
1695137720401 1.467 148000
1695137753106 1.4729999999999999 152000
1695137785920 1.475 156000
1695137819386 1.467 160000
