1695303109679 0.18343021744801816 4000
1695303138367 0.18034866757264945 8000
1695303167503 0.17841895125059318 12000
1695303196273 0.17758383028842692 16000
1695303230334 0.17799379809006596 20000
1695303262667 0.1782145233070404 24000
1695303295813 0.17950696389642445 28000
1695303328646 0.1820981995054515 32000
1695303360534 0.18477350018241345 36000
1695303392665 0.18585113406106976 40000
1695303425031 0.1865381587166079 44000
1695303456217 0.18719621788989868 48000
1695303487943 0.18794864712829498 52000
1695303518686 0.18798982881201598 56000
1695303550398 0.18754677520582816 60000
1695303581589 0.18749245802848793 64000
1695303615323 0.18806369440837323 68000
1695303648063 0.1885280110429636 72000
1695303680731 0.18862658845774954 76000
1695303712481 0.18777377411134513 80000
1695303753679 0.19178739180555401 84000
1695303786192 0.19178257413914876 88000
1695303816917 0.19107064723692552 92000
1695303852606 0.1907395701725174 96000
1695303897732 0.19285615694733896 100000
1695303939883 0.19546359360741336 104000
1695303972602 0.19522559020286318 108000
1695304013129 0.19745659402633228 112000
1695304058301 0.19996715018617106 116000
1695304101512 0.20262972828746742 120000
1695304142273 0.204121688518701 124000
1695304191988 0.20701693298152635 128000
1695304235688 0.20874403764084218 132000
1695304278800 0.21043178985012767 136000
1695304323056 0.2124230687827171 140000
1695304364658 0.21391267847154674 144000
1695304406526 0.21478473666418377 148000
1695304450407 0.21638183220075005 152000
1695304491882 0.21768440352702062 156000
1695304533236 0.2181908832326875 160000
1695304577680 0.21944882215417658 164000
1695304622828 0.2204739910443768 168000
1695304666316 0.22167701894075037 172000
1695304711435 0.22281753162895807 176000
1695304751004 0.22343275379945185 180000
1695304788710 0.22354869716320863 184000
1695304832514 0.22441874624828 188000
1695304872629 0.22476961999827047 192000
1695304909346 0.22480152958037397 196000
1695304945211 0.22439154665841682 200000
1695304982296 0.2244018129714878 204000
1695305024971 0.22519970265702957 208000
1695305061204 0.22495046160459667 212000
1695305097663 0.22484231406729382 216000
1695305135834 0.22494859421671196 220000
1695305173052 0.2250129826339307 224000
1695305208265 0.22485372553749203 228000
1695305242115 0.22472774716449415 232000
1695305272963 0.22383603649946107 236000
1695305303639 0.2231588612221033 240000
1695305334996 0.22241477951088184 244000
1695305365402 0.22166002812223154 248000
1695305395839 0.22096853541795197 252000
1695305426345 0.22023670434672243 256000
1695305457088 0.21962489826012255 260000
1695305487696 0.21907103938769518 264000
1695305518363 0.21842550469558336 268000
1695305548762 0.21780822561437077 272000
1695305579469 0.21720165486335924 276000
1695305610927 0.21665737185358316 280000
1695305641253 0.21602422850021444 284000
1695305672088 0.2154875955765503 288000
1695305702327 0.21485264264361803 292000
1695305733742 0.21456309988301947 296000
1695305763904 0.2140433339849162 300000
1695305794925 0.21372150659928849 304000
1695305825331 0.21310866726477296 308000
1695305856187 0.21263054218664365 312000
1695305886450 0.21214456343804422 316000
1695305917075 0.21167215745084322 320000
1695305947560 0.21126995202874893 324000
1695305978486 0.21088256765801627 328000
1695306008641 0.21042207660375606 332000
1695306039503 0.21008414807789852 336000
1695306070871 0.2097571379988474 340000
1695306101775 0.20938806657414252 344000
1695306132240 0.2090207749463942 348000
1695306162865 0.20864358421407145 352000
1695306193354 0.20828231167634625 356000
1695306224277 0.2079459720806976 360000
1695306254693 0.20755458231023605 364000
1695306287112 0.20740396110125142 368000
1695306318479 0.20708390314536787 372000
1695306351048 0.20677988249557064 376000
1695306382506 0.20652766402951356 380000
1695306417633 0.20660670615730836 384000
1695306452185 0.20657647982530405 388000
1695306486439 0.20652120964373488 392000
1695306519891 0.20649751703129346 396000
1695306554062 0.20642499533567157 400000
1695306586067 0.20623355319838987 404000
1695306620768 0.20624248755348795 408000
1695306653666 0.20611022913229485 412000
1695306687355 0.20595499614792864 416000
1695306720445 0.2058173746197771 420000
1695306752918 0.20555509354472906 424000
1695306786072 0.2055056337454146 428000
1695306823362 0.2056004864466939 432000
1695306860192 0.20579078394335742 436000
1695306893538 0.20569112996569278 440000
1695306927011 0.20551443960970858 444000
1695306961089 0.20551641299981394 448000
1695306995307 0.20540785003815237 452000
1695307028909 0.20529423019768328 456000
1695307061147 0.20512502375284808 460000
1695307093362 0.2049629297191902 464000
1695307128176 0.20492660896048806 468000
1695307160892 0.20476018484118966 472000
1695307193726 0.20468525655556857 476000
1695307226880 0.20449272907089297 480000
1695307261292 0.2044354430033084 484000
1695307295763 0.2043873198383519 488000
1695307328554 0.20428310418774237 492000
1695307362183 0.20428328288660147 496000
1695307398518 0.20400876208178909 500000
1695307433769 0.20415283777169085 504000
1695307466802 0.20392402032954665 508000
1695307502297 0.20404748764416752 512000
1695307540862 0.20414361503972386 516000
1695307575757 0.20418532305965245 520000
1695307615177 0.20437268099510164 524000
1695307652905 0.2045434670134522 528000
1695307688967 0.20447469854523984 532000
1695307724741 0.20454030845386875 536000
1695307759373 0.20454929508664926 540000
1695307803591 0.204896551176145 544000
1695307846200 0.2053256146839542 548000
1695307880676 0.2052313906373337 552000
1695307919606 0.2054241660243073 556000
1695307956771 0.20537440600057763 560000
1695307994852 0.205482142142861 564000
1695308028006 0.20538506434042003 568000
1695308062877 0.2052951603390928 572000
1695308098082 0.20518782315810888 576000
1695308132094 0.2052284223222573 580000
1695308167206 0.20515535585385897 584000
1695308204585 0.20517371183840952 588000
1695308240211 0.2051874208109408 592000
1695308275249 0.2051154284462701 596000
1695308317614 0.20538589037620394 600000
1695308353388 0.2054257840492116 604000
1695308394726 0.20551363939746456 608000
1695308433113 0.20571272138696126 612000
1695308469732 0.20571791547400836 616000
1695308516166 0.2061857311172221 620000
1695308552744 0.2062309453128987 624000
1695308589923 0.2062682630501035 628000
1695308629707 0.20641696675422413 632000
1695308665760 0.20637908834680888 636000
1695308703945 0.20656248391556561 640000
1695308741019 0.20669105903437682 644000
1695308776424 0.20659477590640998 648000
1695308813098 0.20668225556200667 652000
1695308854496 0.2069020042209801 656000
1695308889150 0.20690025616426086 660000
1695308922245 0.20677739239119 664000
1695308955618 0.20665497833496566 668000
1695308990630 0.20665202394692886 672000
1695309025562 0.2066027326686532 676000
1695309064255 0.20660626943487057 680000
1695309102427 0.20671381023473706 684000
1695309138041 0.20674955131256317 688000
1695309173158 0.2066752068060564 692000
1695309207168 0.20663800566617654 696000
1695309241591 0.20660186009125983 700000
1695309278096 0.20657814870636548 704000
1695309314239 0.20654550311417635 708000
1695309350711 0.20660501896605388 712000
1695309387558 0.20656722133187178 716000
1695309422272 0.2065444220424197 720000
1695309457117 0.20648684273530957 724000
1695309489509 0.20636994345119955 728000
1695309522277 0.20634220354822005 732000
1695309555452 0.20614202658601433 736000
1695309590311 0.20608772251114688 740000
1695309624571 0.20602299588348272 744000
1695309658543 0.20597395998540965 748000
1695309692334 0.20585082553118736 752000
1695309730413 0.20589007889272104 756000
1695309764983 0.2058886185383913 760000
1695309797473 0.20586774113147802 764000
1695309829828 0.20560408248015413 768000
1695309863396 0.2055597584402481 772000
1695309897302 0.2054738977484176 776000
1695309932666 0.20546070774471734 780000
1695309969929 0.2054103253779147 784000
1695310015818 0.20570873179308286 788000
1695310052556 0.2057298032359568 792000
1695310087728 0.20569073051337697 796000
1695310125632 0.20576835719588735 800000
1695310160742 0.2057382755788597 804000
1695310197729 0.20569912731045675 808000
1695310240320 0.20588024686763146 812000
1695310277549 0.2058631791958962 816000
1695310312655 0.20586173850271114 820000
1695310348294 0.20580420379313108 824000
1695310386617 0.20589898966786857 828000
1695310421488 0.20591812728911363 832000
1695310455150 0.20574984177103378 836000
1695310493984 0.2058200941074279 840000
1695310538690 0.2061231312072574 844000
1695310575917 0.2060784221091814 848000
1695310616833 0.20624138024749308 852000
1695310655440 0.20635030409462213 856000
1695310690304 0.20628720270384165 860000
1695310724021 0.206234620197968 864000
1695310758908 0.20617327841855443 868000
