1695303109679 0.2815761471032502 4000
1695303138368 0.27239177927651254 8000
1695303167503 0.26609292246332983 12000
1695303196274 0.2632380548507201 16000
1695303230334 0.26272594679118366 20000
1695303262667 0.2605910601863668 24000
1695303295814 0.26100292983686124 28000
1695303328646 0.2642821163173595 32000
1695303360534 0.267965828151152 36000
1695303392665 0.2697571291878494 40000
1695303425031 0.2710396333029482 44000
1695303456218 0.27208021540912225 48000
1695303487943 0.273110668875507 52000
1695303518686 0.2729387762131193 56000
1695303550399 0.2719677306314494 60000
1695303581589 0.271730280310477 64000
1695303615323 0.2726363799178836 68000
1695303648063 0.2734844650434009 72000
1695303680732 0.2739691453140084 76000
1695303712482 0.27277427984441693 80000
1695303753679 0.27901041992235476 84000
1695303786193 0.2792073754742453 88000
1695303816917 0.27811594081431035 92000
1695303852607 0.27788444708438964 96000
1695303897732 0.28128354515294257 100000
1695303939883 0.2856821693216419 104000
1695303972603 0.2856011129835905 108000
1695304013129 0.289543367917575 112000
1695304058301 0.29366614594881063 116000
1695304101512 0.2983653332758601 120000
1695304142274 0.3011420465098473 124000
1695304191989 0.3056601296337687 128000
1695304235688 0.30873517895463487 132000
1695304278800 0.31172966748619324 136000
1695304323056 0.3154350367932852 140000
1695304364658 0.3179718036775716 144000
1695304406527 0.3195761828975844 148000
1695304450407 0.32217758672259855 152000
1695304491883 0.3246158953749965 156000
1695304533236 0.3256448313968375 160000
1695304577680 0.3278893411512034 164000
1695304622828 0.3296232211292618 168000
1695304666316 0.33158536157766505 172000
1695304711435 0.33364130081082516 176000
1695304751004 0.33478646396546513 180000
1695304788710 0.33517170245127514 184000
1695304832514 0.33661943458309845 188000
1695304872630 0.33744639701582235 192000
1695304909347 0.33766487649575766 196000
1695304945212 0.33720272373158966 200000
1695304982297 0.33729975570497306 204000
1695305024971 0.338688677167968 208000
1695305061204 0.33846899169676015 212000
1695305097664 0.33839052290143934 216000
1695305135835 0.3387437749224587 220000
1695305173053 0.33897416238837813 224000
1695305208266 0.33888760042942584 228000
1695305242116 0.33878236376985366 232000
1695305272963 0.3374479633545751 236000
1695305303639 0.3364184275749343 240000
1695305334996 0.3353316064919592 244000
1695305365402 0.33416810947772607 248000
1695305395839 0.33315107696606394 252000
1695305426345 0.3320659156985786 256000
1695305457089 0.3311728218468818 260000
1695305487696 0.3302980456743608 264000
1695305518363 0.3293462292042575 268000
1695305548763 0.32847467739536323 272000
1695305579469 0.327573313387909 276000
1695305610927 0.3268119834468351 280000
1695305641254 0.3258932560478446 284000
1695305672088 0.32506964380973963 288000
1695305702327 0.3240877649042283 292000
1695305733742 0.32368408816367467 296000
1695305763904 0.322895291399858 300000
1695305794926 0.3224131126702096 304000
1695305825332 0.3214124378106138 308000
1695305856187 0.3207754208839895 312000
1695305886450 0.3200540876508489 316000
1695305917075 0.319364377572991 320000
1695305947560 0.31871311976224115 324000
1695305978487 0.31821363516941714 328000
1695306008642 0.3175527940094102 332000
1695306039503 0.3170472691881126 336000
1695306070872 0.31660092399444656 340000
1695306101776 0.31606892773250095 344000
1695306132240 0.31553514990804266 348000
1695306162866 0.3149848802931947 352000
1695306193354 0.3144417837258931 356000
1695306224277 0.3139597689102291 360000
1695306254693 0.31340491704206924 364000
1695306287113 0.3132415761695586 368000
1695306318479 0.31273928823854574 372000
1695306351048 0.31231477195216456 376000
1695306382507 0.3120040594319022 380000
1695306417634 0.3122993284415204 384000
1695306452185 0.3124197687641928 388000
1695306486439 0.3125552313193327 392000
1695306519891 0.3126504403668403 396000
1695306554062 0.31265520752587733 400000
1695306586068 0.31240411010340646 404000
1695306620768 0.31246476345769614 408000
1695306653667 0.3123454939042245 412000
1695306687356 0.3121845165324467 416000
1695306720445 0.31201732855772774 420000
1695306752919 0.3116638154849402 424000
1695306786072 0.3116174851708072 428000
1695306823363 0.3118059888252489 432000
1695306860192 0.3122568615963124 436000
1695306893539 0.31214930037954713 440000
1695306927011 0.3119342413941912 444000
1695306961090 0.31198103716524356 448000
1695306995308 0.31189771339160133 452000
1695307028910 0.3117753366466037 456000
1695307061148 0.31150579442574844 460000
1695307093362 0.31131568019913 464000
1695307128177 0.31130146813433046 468000
1695307160892 0.31109072147733324 472000
1695307193726 0.3110128599254134 476000
1695307226880 0.31078256516638025 480000
1695307261292 0.310726461083094 484000
1695307295763 0.3106956957917585 488000
1695307328554 0.3105828036034972 492000
1695307362183 0.31060552052974744 496000
1695307398518 0.31014826130322226 500000
1695307433770 0.31046781610024504 504000
1695307466802 0.3101051940566379 508000
1695307502298 0.310409541200646 512000
1695307540863 0.31062008211654824 516000
1695307575757 0.31076527727403447 520000
1695307615177 0.3111402747103479 524000
1695307652905 0.31149803477878196 528000
1695307688967 0.3114515218029563 532000
1695307724742 0.3116277640843662 536000
1695307759373 0.31171790206556665 540000
1695307803592 0.31234621366862386 544000
1695307846201 0.31310295505939 548000
1695307880676 0.3129930036106503 552000
1695307919606 0.3133789799910501 556000
1695307956772 0.3133635330336925 560000
1695307994852 0.3136268482736913 564000
1695308028007 0.31350843879835016 568000
1695308062878 0.3133983206666105 572000
1695308098083 0.31326967876661727 576000
1695308132095 0.3134204079480418 580000
1695308167206 0.31333799831166415 584000
1695308204586 0.3134162497288579 588000
1695308240211 0.3135106845470868 592000
1695308275250 0.31344108296515666 596000
1695308317614 0.31395667800619104 600000
1695308353389 0.31410929629644546 604000
1695308394726 0.3143160868437166 608000
1695308433113 0.3147071717327346 612000
1695308469732 0.3147596562074682 616000
1695308516166 0.31555326919800947 620000
1695308552745 0.31571758517992315 624000
1695308589924 0.31586157039251417 628000
1695308629708 0.31616351346147586 632000
1695308665760 0.3161589289306708 636000
1695308703945 0.3165531501978766 640000
1695308741020 0.3168378583287913 644000
1695308776424 0.31671037586613165 648000
1695308813098 0.3169124346967416 652000
1695308854497 0.3173186353766472 656000
1695308889150 0.31734829790545366 660000
1695308922245 0.31715681044737365 664000
1695308955618 0.3169558308600854 668000
1695308990631 0.3170058976811457 672000
1695309025562 0.3169435954288978 676000
1695309064255 0.31701536490130194 680000
1695309102428 0.31723733004640486 684000
1695309138042 0.3173503715792 688000
1695309173158 0.31724476173500077 692000
1695309207168 0.3172444130166122 696000
1695309241591 0.31722283863241685 700000
1695309278097 0.3172267843210138 704000
1695309314240 0.3172075827755772 708000
1695309350711 0.3173617073681857 712000
1695309387558 0.3173150496154 716000
1695309422273 0.3173079068862295 720000
1695309457118 0.3172396265997092 724000
1695309489509 0.3170720531325498 728000
1695309522278 0.31707025323565236 732000
1695309555452 0.3167752791279445 736000
1695309590311 0.31669611764429373 740000
1695309624571 0.31662187845530554 744000
1695309658543 0.31656961357626523 748000
1695309692334 0.3164049782064032 752000
1695309730413 0.31650786585722285 756000
1695309764983 0.3165323873140836 760000
1695309797474 0.31654426193969304 764000
1695309829828 0.3161402513760226 768000
1695309863396 0.31603699933173107 772000
1695309897302 0.31591902213544376 776000
1695309932666 0.31591332358961205 780000
1695309969929 0.3158668687078216 784000
1695310015819 0.3164099501574128 788000
1695310052556 0.316472664442942 792000
1695310087728 0.3164459738498986 796000
1695310125632 0.3165980406301865 800000
1695310160743 0.3165811311218485 804000
1695310197729 0.316530645049239 808000
1695310240320 0.31685480743457695 812000
1695310277549 0.3168599403495414 816000
1695310312656 0.3168928562500137 820000
1695310348294 0.3168204830647111 824000
1695310386618 0.3170203504129233 828000
1695310421489 0.31708163645477816 832000
1695310455151 0.3167939323475264 836000
1695310493985 0.3169532980115332 840000
1695310538691 0.3175055005855375 844000
1695310575918 0.31746105422532805 848000
1695310616834 0.3177627248264073 852000
1695310655441 0.3179624167828998 856000
1695310690304 0.3179043202212153 860000
1695310724021 0.3178397499123145 864000
1695310758908 0.31777280980126327 868000
