1695303109678 0.6041793157334934 4000
1695303138366 0.5974191796096429 8000
1695303167502 0.5951469350693244 12000
1695303196272 0.5943007406505202 16000
1695303230333 0.5974333530322501 20000
1695303262666 0.6007658615079962 24000
1695303295812 0.6066803392695604 28000
1695303328645 0.6152564535866636 32000
1695303360533 0.6235661262733103 36000
1695303392664 0.6265663287975548 40000
1695303425030 0.6284428422529323 44000
1695303456216 0.6300882973677099 48000
1695303487942 0.6326603945126921 52000
1695303518685 0.6331789509142187 56000
1695303550398 0.6319805983644801 60000
1695303581588 0.6322427556704426 64000
1695303615322 0.6347771608193631 68000
1695303648062 0.6374884525811996 72000
1695303680730 0.6397185495788638 76000
1695303712481 0.6394389971349589 80000
1695303753678 0.6525254262893354 84000
1695303786191 0.6550030746084108 88000
1695303816916 0.6542901087056318 92000
1695303852606 0.6551532063790364 96000
1695303897731 0.6635055161409522 100000
1695303939882 0.6744758180014471 104000
1695303972602 0.6766322472002765 108000
1695304013128 0.6855451688493949 112000
1695304058300 0.6953881728972421 116000
1695304101511 0.7058799290671341 120000
1695304142272 0.712549910975569 124000
1695304191987 0.7242762249685186 128000
1695304235686 0.7318058460336564 132000
1695304278799 0.7393578027567718 136000
1695304323055 0.7479068436692593 140000
1695304364657 0.7548470504852224 144000
1695304406525 0.7596591186425015 148000
1695304450406 0.7660297625922605 152000
1695304491882 0.7727347305538619 156000
1695304533235 0.7760227846764101 160000
1695304577679 0.782944865970204 164000
1695304622827 0.7875350592483091 168000
1695304666315 0.7927800398105977 172000
1695304711434 0.7975512834964923 176000
1695304751003 0.80096932226752 180000
1695304788709 0.8030148331901478 184000
1695304832513 0.8068942226521495 188000
1695304872628 0.8095192464752621 192000
1695304909345 0.8110745680639937 196000
1695304945211 0.8114124130252279 200000
1695304982295 0.8123474502038359 204000
1695305024970 0.8156229648758501 208000
1695305061203 0.8160037635271089 212000
1695305097662 0.8169441228055452 216000
1695305135833 0.8184251324325974 220000
1695305173052 0.8197477881467247 224000
1695305208265 0.8199683075153901 228000
1695305242115 0.8202857371688824 232000
1695305272962 0.8183420277285753 236000
1695305303638 0.8175018491377043 240000
1695305334995 0.8163158040237636 244000
1695305365401 0.8147281341846938 248000
1695305395838 0.813732788907549 252000
1695305426344 0.8125426771452218 256000
1695305457088 0.8115826533571133 260000
1695305487695 0.8107669706326267 264000
1695305518362 0.8096917615583129 268000
1695305548761 0.8086772607754589 272000
1695305579468 0.807639171210361 276000
1695305610926 0.8071765509942617 280000
1695305641253 0.8061340715832128 284000
1695305672087 0.8053205920506421 288000
1695305702326 0.8038472269645385 292000
1695305733741 0.803717049116159 296000
1695305763903 0.8029611313097882 300000
1695305794925 0.8027557990749142 304000
1695305825330 0.8014802469361682 308000
1695305856186 0.8005786667224062 312000
1695305886449 0.7998067495580634 316000
1695305917074 0.7991303355225753 320000
1695305947559 0.7986106170854458 324000
1695305978486 0.7979614511126102 328000
1695306008641 0.7972428515382959 332000
1695306039502 0.7967842596730818 336000
1695306070871 0.7964056945826589 340000
1695306101775 0.7959894854871444 344000
1695306132239 0.7954410724960062 348000
1695306162865 0.794850707469034 352000
1695306193353 0.7943909154102381 356000
1695306224276 0.7939963759243857 360000
1695306254692 0.7932346669094266 364000
1695306287112 0.7932136087476932 368000
1695306318478 0.7926084461529347 372000
1695306351047 0.7921579953534686 376000
1695306382505 0.7921042612931344 380000
1695306417633 0.792706280089431 384000
1695306452184 0.7931283411690562 388000
1695306486438 0.7935178874317288 392000
1695306519890 0.7939270857756858 396000
1695306554061 0.7943393972943077 400000
1695306586066 0.7940878492092132 404000
1695306620767 0.7942422636376983 408000
1695306653666 0.7944648079339035 412000
1695306687354 0.7944387854378527 416000
1695306720444 0.7946498555098078 420000
1695306752917 0.7942107623847404 424000
1695306786071 0.7945197871679007 428000
1695306823361 0.795373872433969 432000
1695306860191 0.7962260699316628 436000
1695306893538 0.7962328908012717 440000
1695306927010 0.7962194322564964 444000
1695306961088 0.7965240178819113 448000
1695306995306 0.7966960115649122 452000
1695307028909 0.7968504191861832 456000
1695307061146 0.7964230175961099 460000
1695307093361 0.7965119219151231 464000
1695307128176 0.7968339588375137 468000
1695307160891 0.7967218264301069 472000
1695307193725 0.7968097542778275 476000
1695307226879 0.7967077849508853 480000
1695307261291 0.7968620632611491 484000
1695307295762 0.7969978816068033 488000
1695307328553 0.7971231536154999 492000
1695307362182 0.7975034551493548 496000
1695307398517 0.79679148874384 500000
1695307433769 0.7976247663855167 504000
1695307466801 0.7970753188751969 508000
1695307502297 0.7980805837675431 512000
1695307540861 0.7986882085560347 516000
1695307575756 0.7991712043956204 520000
1695307615176 0.8002314011696064 524000
1695307652904 0.8011509662990587 528000
1695307688966 0.8012529987457849 532000
1695307724741 0.8018108619462145 536000
1695307759372 0.8022143270652766 540000
1695307803590 0.8037867216911733 544000
1695307846200 0.8054325621541951 548000
1695307880675 0.8054329437787087 552000
1695307919605 0.8064621782662846 556000
1695307956771 0.8067260067230506 560000
1695307994851 0.8073935202521544 564000
1695308028006 0.807349082353077 568000
1695308062876 0.8074418564692948 572000
1695308098082 0.8073001083314685 576000
1695308132093 0.8077011698683927 580000
1695308167205 0.8077080892642886 584000
1695308204585 0.8081169556771791 588000
1695308240210 0.8084091142204065 592000
1695308275248 0.8085120606709459 596000
1695308317613 0.8096471237726086 600000
1695308353387 0.8102300634271848 604000
1695308394724 0.8109241019128208 608000
1695308433112 0.8118391601757511 612000
1695308469731 0.8121249285196017 616000
1695308516165 0.8142580683682555 620000
1695308552744 0.8146319044768923 624000
1695308589923 0.8149253636370836 628000
1695308629707 0.81567213314257 632000
1695308665759 0.8155977130996391 636000
1695308703944 0.8164619292465117 640000
1695308741019 0.8171246515509132 644000
1695308776423 0.8170610529875877 648000
1695308813097 0.8176347028269 652000
1695308854495 0.8185654189911338 656000
1695308889149 0.8188804863279835 660000
1695308922244 0.8186510138711567 664000
1695308955617 0.8184406355306101 668000
1695308990629 0.8187942113198201 672000
1695309025561 0.818801174992026 676000
1695309064254 0.8189968718989235 680000
1695309102426 0.8196050434940969 684000
1695309138040 0.8199038950596557 688000
1695309173157 0.819787321686333 692000
1695309207167 0.8199028687948035 696000
1695309241590 0.8200393986264962 700000
1695309278096 0.8201242112456691 704000
1695309314238 0.8201456387362235 708000
1695309350710 0.8206456603475992 712000
1695309387557 0.8206051897722005 716000
1695309422272 0.8207767245194991 720000
1695309457116 0.8208346403842653 724000
1695309489508 0.8207088388215892 728000
1695309522276 0.8207257087077764 732000
1695309555451 0.8202733125968265 736000
1695309590310 0.8203721202133699 740000
1695309624570 0.8203127379170365 744000
1695309658542 0.8203773821969701 748000
1695309692333 0.8201145929596015 752000
1695309730412 0.8205338234922418 756000
1695309764982 0.8207572497257573 760000
1695309797473 0.8212327643849433 764000
1695309829827 0.8201285424585533 768000
1695309863395 0.8202030143304645 772000
1695309897301 0.8201340014421735 776000
1695309932665 0.8201951363709048 780000
1695309969928 0.8201790971620507 784000
1695310015818 0.8214406333123717 788000
1695310052555 0.8216650186916898 792000
1695310087727 0.8217184921772231 796000
1695310125631 0.8221125381462852 800000
1695310160741 0.8222448966743788 804000
1695310197728 0.822263170293203 808000
1695310240319 0.8232505596429909 812000
1695310277548 0.8232906893249613 816000
1695310312655 0.8233758359067936 820000
1695310348293 0.8233412488651407 824000
1695310386617 0.8239948717825413 828000
1695310421488 0.8241650247392973 832000
1695310455150 0.8236793716363346 836000
1695310493983 0.8240577183503095 840000
1695310538690 0.8253455977956783 844000
1695310575917 0.8253346996040671 848000
1695310616832 0.8261173575083813 852000
1695310655440 0.8265897834709272 856000
1695310690303 0.8265872247696757 860000
1695310724020 0.8265601006648071 864000
1695310758907 0.8265492296792194 868000
