1695136485562 0.0 4000
1695136522443 0.0 8000
1695136560386 0.0 12000
1695136594627 0.012987012987012988 16000
1695136626263 0.01020408163265306 20000
1695136659390 0.01 24000
1695136692876 0.01 28000
1695136726782 0.0 32000
1695136760536 0.0 36000
1695136795158 0.0 40000
1695136829789 0.0 44000
1695136863836 0.0 48000
1695136896261 0.0 52000
1695136932712 0.0 56000
1695136966821 0.0 60000
1695136999716 0.0 64000
1695137033409 0.0 68000
1695137066467 0.0 72000
1695137103739 0.0 76000
1695137142124 0.01 80000
1695137179700 0.01 84000
1695137217123 0.0 88000
1695137252620 0.0 92000
1695137286500 0.0 96000
1695137322126 0.0 100000
1695137356660 0.0 104000
1695137389700 0.0 108000
1695137421444 0.0 112000
1695137453413 0.0 116000
1695137486512 0.0 120000
1695137518756 0.0 124000
1695137552929 0.0 128000
1695137587457 0.0 132000
1695137620351 0.0 136000
1695137652350 0.0 140000
1695137685682 0.0 144000
1695137720391 0.0 148000
1695137753096 0.0 152000
1695137785910 0.0 156000
1695137819375 0.0 160000
