1695136485563 0.0 4000
1695136522444 0.0 8000
1695136560387 0.0 12000
1695136594627 1.0 16000
1695136626264 1.0 20000
1695136659391 1.0 24000
1695136692876 1.0 28000
1695136726783 0.0 32000
1695136760536 0.0 36000
1695136795159 0.0 40000
1695136829790 0.0 44000
1695136863837 0.0 48000
1695136896261 0.0 52000
1695136932713 0.0 56000
1695136966822 0.0 60000
1695136999717 0.0 64000
1695137033410 0.0 68000
1695137066468 0.0 72000
1695137103740 0.0 76000
1695137142125 1.0 80000
1695137179701 1.0 84000
1695137217124 0.0 88000
1695137252621 0.0 92000
1695137286501 0.0 96000
1695137322127 0.0 100000
1695137356661 0.0 104000
1695137389701 0.0 108000
1695137421445 0.0 112000
1695137453414 0.0 116000
1695137486513 0.0 120000
1695137518757 0.0 124000
1695137552930 0.0 128000
1695137587458 0.0 132000
1695137620352 0.0 136000
1695137652351 0.0 140000
1695137685682 0.0 144000
1695137720391 0.0 148000
1695137753097 0.0 152000
1695137785911 0.0 156000
1695137819376 0.0 160000
