1695136485566 1.0 4000
1695136522449 1.0 8000
1695136560391 1.0 12000
1695136594631 1.0 16000
1695136626267 1.0 20000
1695136659395 1.0 24000
1695136692880 1.0 28000
1695136726787 1.0 32000
1695136760540 1.0 36000
1695136795163 1.0 40000
1695136829794 1.0 44000
1695136863840 1.0 48000
1695136896265 1.0 52000
1695136932717 1.0 56000
1695136966826 1.0 60000
1695136999721 1.0 64000
1695137033414 1.0 68000
1695137066472 1.0 72000
1695137103744 1.0 76000
1695137142129 1.0 80000
1695137179705 1.0 84000
1695137217127 1.0 88000
1695137252625 1.0 92000
1695137286504 1.0 96000
1695137322130 1.0 100000
1695137356665 1.0 104000
1695137389705 1.0 108000
1695137421449 1.0 112000
1695137453417 1.0 116000
1695137486517 1.0 120000
1695137518761 1.0 124000
1695137552934 1.0 128000
1695137587461 1.0 132000
1695137620356 1.0 136000
1695137652355 1.0 140000
1695137685686 1.0 144000
1695137720395 1.0 148000
1695137753101 1.0 152000
1695137785915 1.0 156000
1695137819380 0.0 160000
