1695136485564 1.0 4000
1695136522446 1.0 8000
1695136560388 1.0 12000
1695136594629 1.0 16000
1695136626265 1.0 20000
1695136659393 1.0 24000
1695136692878 1.0 28000
1695136726784 1.0 32000
1695136760538 1.0 36000
1695136795160 1.0 40000
1695136829791 1.0 44000
1695136863838 1.0 48000
1695136896263 1.0 52000
1695136932714 1.0 56000
1695136966823 1.0 60000
1695136999718 1.0 64000
1695137033412 1.0 68000
1695137066469 1.0 72000
1695137103741 1.0 76000
1695137142126 1.0 80000
1695137179702 1.0 84000
1695137217125 1.0 88000
1695137252623 1.0 92000
1695137286502 1.0 96000
1695137322128 1.0 100000
1695137356662 1.0 104000
1695137389702 1.0 108000
1695137421447 1.0 112000
1695137453415 1.0 116000
1695137486515 1.0 120000
1695137518758 1.0 124000
1695137552931 1.0 128000
1695137587459 1.0 132000
1695137620353 1.0 136000
1695137652353 1.0 140000
1695137685684 1.0 144000
1695137720393 1.0 148000
1695137753098 1.0 152000
1695137785912 1.0 156000
1695137819377 0.0 160000
