1695136485563 0.13333333333333333 4000
1695136522445 0.25 8000
1695136560387 0.25 12000
1695136594628 0.2857142857142857 16000
1695136626264 0.25510204081632654 20000
1695136659392 0.29 24000
1695136692877 0.27 28000
1695136726784 0.22 32000
1695136760537 0.24 36000
1695136795160 0.23 40000
1695136829790 0.16 44000
1695136863837 0.18 48000
1695136896262 0.17 52000
1695136932713 0.14 56000
1695136966823 0.12 60000
1695136999717 0.12 64000
1695137033411 0.09 68000
1695137066469 0.07 72000
1695137103740 0.08 76000
1695137142126 0.09 80000
1695137179701 0.06 84000
1695137217124 0.05 88000
1695137252622 0.11 92000
1695137286501 0.1 96000
1695137322127 0.09 100000
1695137356661 0.08 104000
1695137389701 0.08 108000
1695137421446 0.05 112000
1695137453414 0.06 116000
1695137486514 0.04 120000
1695137518758 0.03 124000
1695137552930 0.0603448275862069 128000
1695137587458 0.08 132000
1695137620352 0.12 136000
1695137652352 0.11 140000
1695137685683 0.08 144000
1695137720392 0.07142857142857142 148000
1695137753097 0.06060606060606061 152000
1695137785911 0.03676470588235294 156000
1695137819376 0.0 160000
