1695136485566 0.13333333333333333 4000
1695136522448 0.25 8000
1695136560390 0.25 12000
1695136594630 0.2857142857142857 16000
1695136626267 0.25510204081632654 20000
1695136659394 0.29 24000
1695136692879 0.27 28000
1695136726786 0.22 32000
1695136760539 0.24 36000
1695136795162 0.23 40000
1695136829793 0.16 44000
1695136863839 0.18 48000
1695136896264 0.17 52000
1695136932716 0.14 56000
1695136966825 0.12 60000
1695136999720 0.12 64000
1695137033413 0.09 68000
1695137066471 0.07 72000
1695137103743 0.08 76000
1695137142128 0.09 80000
1695137179704 0.06 84000
1695137217126 0.05 88000
1695137252624 0.11 92000
1695137286504 0.1 96000
1695137322129 0.09 100000
1695137356664 0.08 104000
1695137389704 0.08 108000
1695137421448 0.05 112000
1695137453417 0.06 116000
1695137486516 0.04 120000
1695137518760 0.03 124000
1695137552933 0.0603448275862069 128000
1695137587461 0.08 132000
1695137620355 0.12 136000
1695137652354 0.11 140000
1695137685685 0.08 144000
1695137720395 0.07142857142857142 148000
1695137753100 0.06060606060606061 152000
1695137785914 0.03676470588235294 156000
1695137819379 0.0 160000
