1695136485564 0.0 4000
1695136522445 0.0 8000
1695136560388 0.0 12000
1695136594628 0.0 16000
1695136626265 0.0 20000
1695136659392 0.0 24000
1695136692877 0.0 28000
1695136726784 0.0 32000
1695136760537 0.0 36000
1695136795160 0.0 40000
1695136829790 0.0 44000
1695136863837 0.0 48000
1695136896262 0.0 52000
1695136932714 0.0 56000
1695136966823 0.0 60000
1695136999718 0.0 64000
1695137033411 0.0 68000
1695137066469 0.0 72000
1695137103741 0.0 76000
1695137142126 0.0 80000
1695137179702 0.0 84000
1695137217124 0.0 88000
1695137252622 0.0 92000
1695137286501 0.0 96000
1695137322127 0.0 100000
1695137356662 0.0 104000
1695137389702 0.0 108000
1695137421446 0.0 112000
1695137453415 0.0 116000
1695137486514 0.0 120000
1695137518758 0.0 124000
1695137552931 0.0 128000
1695137587459 0.0 132000
1695137620353 0.0 136000
1695137652352 0.0 140000
1695137685683 0.0 144000
1695137720392 0.0 148000
1695137753098 0.0 152000
1695137785912 0.0 156000
1695137819377 0.0 160000
