1695136485566 0.0 4000
1695136522448 0.0 8000
1695136560390 0.0 12000
1695136594631 0.0 16000
1695136626267 0.0 20000
1695136659395 0.0 24000
1695136692880 0.0 28000
1695136726786 0.0 32000
1695136760540 0.0 36000
1695136795163 0.0 40000
1695136829793 0.0 44000
1695136863840 0.0 48000
1695136896265 0.0 52000
1695136932716 0.0 56000
1695136966825 0.0 60000
1695136999720 0.0 64000
1695137033414 0.0 68000
1695137066472 0.0 72000
1695137103744 0.0 76000
1695137142129 0.0 80000
1695137179704 0.0 84000
1695137217127 0.0 88000
1695137252625 0.0 92000
1695137286504 0.0 96000
1695137322130 0.0 100000
1695137356665 0.0 104000
1695137389704 0.0 108000
1695137421449 0.0 112000
1695137453417 0.0 116000
1695137486517 0.0 120000
1695137518761 0.0 124000
1695137552933 0.0 128000
1695137587461 0.0 132000
1695137620355 0.0 136000
1695137652355 0.0 140000
1695137685686 0.0 144000
1695137720395 0.0 148000
1695137753100 0.0 152000
1695137785914 0.0 156000
1695137819380 0.0 160000
