1695136485564 0.4666666666666667 4000
1695136522446 0.425 8000
1695136560389 0.375 12000
1695136594629 0.4025974025974026 16000
1695136626265 0.41836734693877553 20000
1695136659393 0.41 24000
1695136692878 0.43 28000
1695136726785 0.51 32000
1695136760538 0.48 36000
1695136795161 0.55 40000
1695136829791 0.63 44000
1695136863838 0.69 48000
1695136896263 0.72 52000
1695136932715 0.78 56000
1695136966824 0.8 60000
1695136999719 0.8 64000
1695137033412 0.83 68000
1695137066470 0.9 72000
1695137103742 0.87 76000
1695137142127 0.86 80000
1695137179703 0.88 84000
1695137217125 0.92 88000
1695137252623 0.86 92000
1695137286502 0.86 96000
1695137322128 0.89 100000
1695137356663 0.92 104000
1695137389703 0.92 108000
1695137421447 0.93 112000
1695137453416 0.92 116000
1695137486515 0.93 120000
1695137518759 0.93 124000
1695137552931 0.9224137931034483 128000
1695137587459 0.89 132000
1695137620354 0.84 136000
1695137652353 0.83 140000
1695137685684 0.86 144000
1695137720393 0.8392857142857143 148000
1695137753099 0.9090909090909091 152000
1695137785913 0.9264705882352942 156000
1695137819378 0.9133858267716536 160000
