1695136485565 1.0 4000
1695136522447 1.0 8000
1695136560389 1.0 12000
1695136594630 1.0 16000
1695136626266 1.0 20000
1695136659394 1.0 24000
1695136692879 1.0 28000
1695136726785 1.0 32000
1695136760539 1.0 36000
1695136795162 1.0 40000
1695136829792 1.0 44000
1695136863839 1.0 48000
1695136896264 1.0 52000
1695136932716 1.0 56000
1695136966825 1.0 60000
1695136999720 1.0 64000
1695137033413 1.0 68000
1695137066471 1.0 72000
1695137103743 1.0 76000
1695137142128 1.0 80000
1695137179704 1.0 84000
1695137217126 1.0 88000
1695137252624 1.0 92000
1695137286503 1.0 96000
1695137322129 1.0 100000
1695137356664 1.0 104000
1695137389703 1.0 108000
1695137421448 1.0 112000
1695137453416 1.0 116000
1695137486516 1.0 120000
1695137518760 1.0 124000
1695137552932 1.0 128000
1695137587460 1.0 132000
1695137620355 1.0 136000
1695137652354 1.0 140000
1695137685685 1.0 144000
1695137720394 1.0 148000
1695137753099 1.0 152000
1695137785913 1.0 156000
1695137819379 1.0 160000
