1695136485565 0.0 4000
1695136522447 0.0 8000
1695136560389 0.0 12000
1695136594630 0.0 16000
1695136626266 0.0 20000
1695136659394 0.0 24000
1695136692878 0.0 28000
1695136726785 0.0 32000
1695136760539 0.0 36000
1695136795161 0.0 40000
1695136829792 0.0 44000
1695136863839 0.0 48000
1695136896264 0.0 52000
1695136932715 0.0 56000
1695136966824 0.0 60000
1695136999719 0.0 64000
1695137033412 0.0 68000
1695137066470 0.0 72000
1695137103742 0.0 76000
1695137142127 0.0 80000
1695137179703 0.0 84000
1695137217126 0.0 88000
1695137252623 0.0 92000
1695137286503 0.0 96000
1695137322129 0.0 100000
1695137356663 0.0 104000
1695137389703 0.0 108000
1695137421447 0.0 112000
1695137453416 0.0 116000
1695137486515 0.0 120000
1695137518759 0.0 124000
1695137552932 0.0 128000
1695137587460 0.0 132000
1695137620354 0.0 136000
1695137652354 0.0 140000
1695137685685 0.0 144000
1695137720394 0.0 148000
1695137753099 0.0 152000
1695137785913 0.0 156000
1695137819378 0.0 160000
