1695303109676 -1.02 4000
1695303138364 -1.036 8000
1695303167500 -1.036 12000
1695303196270 -1.036 16000
1695303230330 -1.039 20000
1695303262664 -1.042 24000
1695303295810 -1.042 28000
1695303328643 -1.044 32000
1695303360531 -1.044 36000
1695303392662 -1.044 40000
1695303425028 -1.044 44000
1695303456214 -1.035 48000
1695303487940 -1.035 52000
1695303518683 -1.043 56000
1695303550396 -1.043 60000
1695303581586 -1.041 64000
1695303615320 -1.0359999999999998 68000
1695303648060 -1.0359999999999998 72000
1695303680728 -1.046 76000
1695303712479 -1.04 80000
1695303753676 -1.025 84000
1695303786190 -1.021 88000
1695303816914 -1.029 92000
1695303852603 -1.024 96000
1695303897728 -1.036 100000
1695303939880 -1.019 104000
1695303972600 -1.019 108000
1695304013126 -1.018 112000
1695304058297 -1.017 116000
1695304101509 -1.0139999999999998 120000
1695304142270 -1.0119999999999998 124000
1695304191984 -1.025 128000
1695304235683 -1.01 132000
1695304278796 -1.01 136000
1695304323052 -1.036 140000
1695304364654 -1.011 144000
1695304406521 -1.0139999999999998 148000
1695304450403 -1.019 152000
1695304491880 -1.011 156000
1695304533231 -1.007 160000
1695304577677 -1.0099999999999998 164000
1695304622824 -1.009 168000
1695304666312 -1.011 172000
1695304711432 -1.007 176000
1695304751001 -1.033 180000
1695304788707 -1.008 184000
1695304832511 -1.011 188000
1695304872626 -1.0059999999999998 192000
1695304909343 -1.013 196000
1695304945209 -1.016 200000
1695304982293 -1.008 204000
1695305024967 -1.007 208000
1695305061201 -1.0079999999999998 212000
1695305097660 -1.006 216000
1695305135831 -1.007 220000
1695305173049 -1.012 224000
1695305208263 -1.011 228000
1695305242113 -1.0259999999999998 232000
1695305272960 -1.012 236000
1695305303635 -1.006 240000
1695305334993 -1.007 244000
1695305365399 -1.0119999999999998 248000
1695305395836 -1.007 252000
1695305426342 -1.006 256000
1695305457086 -1.009 260000
1695305487693 -1.029 264000
1695305518361 -1.014 268000
1695305548759 -1.008 272000
1695305579466 -1.016 276000
1695305610924 -1.0079999999999998 280000
1695305641251 -1.019 284000
1695305672086 -1.01 288000
1695305702325 -1.034 292000
1695305733740 -1.0079999999999998 296000
1695305763901 -1.006 300000
1695305794923 -1.007 304000
1695305825329 -1.027 308000
1695305856185 -1.007 312000
1695305886447 -1.0059999999999998 316000
1695305917072 -1.015 320000
1695305947557 -1.02 324000
1695305978484 -1.006 328000
1695306008639 -1.008 332000
1695306039500 -1.012 336000
1695306070869 -1.006 340000
1695306101773 -1.006 344000
1695306132237 -1.016 348000
1695306162863 -1.0079999999999998 352000
1695306193351 -1.007 356000
1695306224275 -1.007 360000
1695306254690 -1.005 364000
1695306287110 -1.023 368000
1695306318476 -1.0079999999999998 372000
1695306351045 -1.007 376000
1695306382504 -1.005 380000
1695306417631 -1.009 384000
1695306452182 -1.007 388000
1695306486436 -1.007 392000
1695306519889 -1.007 396000
1695306554059 -1.0059999999999998 400000
1695306586064 -1.037 404000
1695306620765 -1.016 408000
1695306653664 -1.013 412000
1695306687352 -1.006 416000
1695306720442 -1.007 420000
1695306752916 -1.006 424000
1695306786069 -1.008 428000
1695306823359 -1.008 432000
1695306860189 -1.005 436000
1695306893536 -1.0059999999999998 440000
1695306927007 -1.006 444000
1695306961086 -1.008 448000
1695306995305 -1.007 452000
1695307028907 -1.007 456000
1695307061144 -1.006 460000
1695307093359 -1.007 464000
1695307128174 -1.006 468000
1695307160889 -1.0059999999999998 472000
1695307193723 -1.008 476000
1695307226877 -1.007 480000
1695307261289 -1.0079999999999998 484000
1695307295760 -1.008 488000
1695307328551 -1.006 492000
1695307362180 -1.006 496000
1695307398515 -1.006 500000
1695307433767 -1.006 504000
1695307466798 -1.006 508000
1695307502294 -1.006 512000
1695307540857 -1.009 516000
1695307575754 -1.005 520000
1695307615174 -1.008 524000
1695307652902 -1.01 528000
1695307688964 -1.009 532000
1695307724738 -1.007 536000
1695307759371 -1.007 540000
1695307803588 -1.006 544000
1695307846198 -1.007 548000
1695307880673 -1.007 552000
1695307919603 -1.007 556000
1695307956768 -1.006 560000
1695307994849 -1.007 564000
1695308028004 -1.006 568000
1695308062874 -1.0059999999999998 572000
1695308098080 -1.0059999999999998 576000
1695308132091 -1.006 580000
1695308167203 -1.006 584000
1695308204582 -1.007 588000
1695308240208 -1.005 592000
1695308275246 -1.006 596000
1695308317611 -1.007 600000
1695308353385 -1.0059999999999998 604000
1695308394722 -1.0059999999999998 608000
1695308433110 -1.005 612000
1695308469729 -1.007 616000
1695308516163 -1.007 620000
1695308552741 -1.008 624000
1695308589920 -1.009 628000
1695308629704 -1.007 632000
1695308665757 -1.019 636000
1695308703942 -1.007 640000
1695308741017 -1.006 644000
1695308776421 -1.007 648000
1695308813095 -1.006 652000
1695308854493 -1.0059999999999998 656000
1695308889147 -1.006 660000
1695308922242 -1.007 664000
1695308955615 -1.007 668000
1695308990627 -1.007 672000
1695309025558 -1.005 676000
1695309064252 -1.006 680000
1695309102424 -1.041 684000
1695309138038 -1.014 688000
1695309173155 -1.007 692000
1695309207165 -1.0079999999999998 696000
1695309241588 -1.0059999999999998 700000
1695309278093 -1.005 704000
1695309314236 -1.013 708000
1695309350708 -1.006 712000
1695309387555 -1.007 716000
1695309422270 -1.005 720000
1695309457114 -1.0059999999999998 724000
1695309489506 -1.007 728000
1695309522275 -1.0059999999999998 732000
1695309555449 -1.007 736000
1695309590308 -1.011 740000
1695309624568 -1.021 744000
1695309658540 -1.005 748000
1695309692332 -1.0059999999999998 752000
1695309730409 -1.008 756000
1695309764980 -1.006 760000
1695309797471 -1.007 764000
1695309829825 -1.031 768000
1695309863393 -1.007 772000
1695309897299 -1.0059999999999998 776000
1695309932663 -1.006 780000
1695309969926 -1.016 784000
1695310015816 -1.0059999999999998 788000
1695310052553 -1.006 792000
1695310087725 -1.006 796000
1695310125629 -1.021 800000
1695310160740 -1.008 804000
1695310197726 -1.0059999999999998 808000
1695310240317 -1.007 812000
1695310277546 -1.006 816000
1695310312653 -1.0059999999999998 820000
1695310348291 -1.005 824000
1695310386614 -1.005 828000
1695310421486 -1.005 832000
1695310455148 -1.007 836000
1695310493981 -1.006 840000
1695310538688 -1.005 844000
1695310575915 -1.006 848000
1695310616829 -1.006 852000
1695310655438 -1.009 856000
1695310690301 -1.01 860000
1695310724018 -1.005 864000
1695310758905 -1.007 868000
