1695303109675 -1.031 4000
1695303138364 -1.031 8000
1695303167500 -1.047 12000
1695303196270 -1.047 16000
1695303230330 -1.047 20000
1695303262663 -1.047 24000
1695303295810 -1.047 28000
1695303328642 -1.0559999999999998 32000
1695303360531 -1.0559999999999998 36000
1695303392661 -1.0559999999999998 40000
1695303425028 -1.029 44000
1695303456214 -1.009 48000
1695303487940 -1.009 52000
1695303518683 -1.009 56000
1695303550395 -1.009 60000
1695303581586 -1.01 64000
1695303615320 -1.027 68000
1695303648060 -1.052 72000
1695303680728 -1.01 76000
1695303712478 -1.02 80000
1695303753675 -1.036 84000
1695303786189 -1.007 88000
1695303816913 -1.001 92000
1695303852603 -1.005 96000
1695303897728 -1.038 100000
1695303939880 -1.001 104000
1695303972599 -1.001 108000
1695304013125 -1.031 112000
1695304058297 -1.001 116000
1695304101508 -1.0019999999999998 120000
1695304142270 -1.026 124000
1695304191983 -1.003 128000
1695304235683 -1.015 132000
1695304278796 -1.003 136000
1695304323052 -1.002 140000
1695304364654 -1.007 144000
1695304406520 -1.005 148000
1695304450403 -1.013 152000
1695304491879 -1.002 156000
1695304533230 -1.001 160000
1695304577676 -1.001 164000
1695304622824 -1.002 168000
1695304666311 -1.005 172000
1695304711432 -1.003 176000
1695304751000 -1.0 180000
1695304788706 -1.001 184000
1695304832510 -1.001 188000
1695304872626 -1.001 192000
1695304909343 -1.0 196000
1695304945208 -1.002 200000
1695304982293 -1.0 204000
1695305024967 -1.0 208000
1695305061201 -1.0 212000
1695305097660 -1.001 216000
1695305135831 -1.0 220000
1695305173049 -1.0 224000
1695305208262 -1.0 228000
1695305242113 -1.0 232000
1695305272960 -0.5 236000
1695305303635 -0.518 240000
1695305334993 -1.0 244000
1695305365399 -1.001 248000
1695305395836 -0.501 252000
1695305426342 -1.0 256000
1695305457086 -1.001 260000
1695305487693 -1.0 264000
1695305518360 -1.0 268000
1695305548759 -1.0 272000
1695305579466 -1.001 276000
1695305610924 -1.0 280000
1695305641250 -1.0 284000
1695305672085 -1.0 288000
1695305702324 -1.002 292000
1695305733739 -0.501 296000
1695305763901 -0.501 300000
1695305794923 -1.0 304000
1695305825328 -1.0 308000
1695305856184 -0.501 312000
1695305886447 -1.0 316000
1695305917072 -1.0 320000
1695305947557 -1.0 324000
1695305978484 -1.0 328000
1695306008638 -0.5 332000
1695306039500 -1.0 336000
1695306070868 -0.501 340000
1695306101772 -0.501 344000
1695306132237 -1.003 348000
1695306162863 -0.501 352000
1695306193351 -0.509 356000
1695306224274 -1.005 360000
1695306254690 -0.5 364000
1695306287110 -1.001 368000
1695306318476 -0.5 372000
1695306351045 -0.5 376000
1695306382503 -1.001 380000
1695306417630 -1.0 384000
1695306452182 -1.0 388000
1695306486436 -1.0 392000
1695306519888 -1.001 396000
1695306554059 -0.5 400000
1695306586064 -1.0039999999999998 404000
1695306620764 -0.5 408000
1695306653663 -0.5 412000
1695306687352 -1.003 416000
1695306720442 -1.0 420000
1695306752915 -0.5 424000
1695306786069 -1.0 428000
1695306823359 -0.501 432000
1695306860189 -1.0 436000
1695306893535 -1.0 440000
1695306927007 -0.5 444000
1695306961086 -1.0 448000
1695306995304 -0.501 452000
1695307028906 -0.501 456000
1695307061144 -0.501 460000
1695307093359 -0.5 464000
1695307128173 -0.501 468000
1695307160888 -0.501 472000
1695307193723 -1.0 476000
1695307226877 -0.5 480000
1695307261289 -1.0 484000
1695307295760 -0.501 488000
1695307328551 -0.501 492000
1695307362179 -0.5 496000
1695307398514 -0.501 500000
1695307433767 -1.0 504000
1695307466798 -0.501 508000
1695307502294 -1.0 512000
1695307540856 -0.501 516000
1695307575754 -1.0 520000
1695307615173 -0.5 524000
1695307652902 -0.501 528000
1695307688963 -1.0 532000
1695307724738 -1.0 536000
1695307759370 -0.5 540000
1695307803587 -0.501 544000
1695307846197 -1.0 548000
1695307880672 -0.501 552000
1695307919603 -1.0 556000
1695307956768 -0.5 560000
1695307994849 -1.0 564000
1695308028003 -0.5 568000
1695308062874 -1.0 572000
1695308098079 -0.501 576000
1695308132091 -0.501 580000
1695308167203 -1.0 584000
1695308204582 -1.0 588000
1695308240208 -1.0 592000
1695308275245 -0.501 596000
1695308317610 -0.5 600000
1695308353385 -0.5 604000
1695308394721 -0.501 608000
1695308433109 -1.0 612000
1695308469728 -1.0 616000
1695308516163 -1.0 620000
1695308552741 -0.501 624000
1695308589920 -0.5 628000
1695308629704 -0.5 632000
1695308665756 -1.0 636000
1695308703941 -1.0 640000
1695308741016 -1.0 644000
1695308776421 -0.5 648000
1695308813094 -0.501 652000
1695308854493 -0.5 656000
1695308889146 -1.0 660000
1695308922242 -1.0 664000
1695308955615 -0.501 668000
1695308990627 -0.5 672000
1695309025558 -0.5 676000
1695309064251 -0.5 680000
1695309102423 -1.0 684000
1695309138038 -1.0 688000
1695309173155 -0.5 692000
1695309207165 -1.0 696000
1695309241588 -0.5 700000
1695309278093 -0.5 704000
1695309314235 -1.0 708000
1695309350708 -0.5 712000
1695309387555 -1.001 716000
1695309422269 -1.0 720000
1695309457114 -1.001 724000
1695309489506 -0.501 728000
1695309522274 -0.5 732000
1695309555449 -1.0 736000
1695309590308 -0.5 740000
1695309624568 -0.5 744000
1695309658540 -1.0 748000
1695309692331 -0.502 752000
1695309730409 -0.5 756000
1695309764980 -1.0 760000
1695309797470 -1.0 764000
1695309829825 -0.5 768000
1695309863393 -0.502 772000
1695309897299 -1.0 776000
1695309932663 -1.0 780000
1695309969925 -1.0 784000
1695310015815 -1.0 788000
1695310052553 -1.0 792000
1695310087725 -1.0 796000
1695310125629 -0.5 800000
1695310160739 -1.0 804000
1695310197726 -1.0 808000
1695310240316 -0.5 812000
1695310277546 -1.0 816000
1695310312652 -1.0 820000
1695310348290 -1.0 824000
1695310386614 -1.0 828000
1695310421485 -0.5 832000
1695310455147 -0.5 836000
1695310493981 -1.0 840000
1695310538687 -1.0 844000
1695310575914 -0.501 848000
1695310616829 -1.0 852000
1695310655437 -0.501 856000
1695310690301 -1.0 860000
1695310724018 -0.5 864000
1695310758905 -1.0 868000
