1695303109680 0.06555557250976562 4000
1695303138368 0.0631570816040039 8000
1695303167504 0.06257203909067008 12000
1695303196274 0.0621636708577474 16000
1695303230335 0.0638183727059313 20000
1695303262668 0.06381535530090332 24000
1695303295814 0.06437742710113525 28000
1695303328647 0.06613004207611084 32000
1695303360535 0.06425929069519043 36000
1695303392666 0.06432366371154785 40000
1695303425032 0.06279563903808594 44000
1695303456218 0.06190073490142822 48000
1695303487944 0.0608518123626709 52000
1695303518687 0.060781240463256836 56000
1695303550400 0.06357860565185547 60000
1695303581590 0.06309783458709717 64000
1695303615324 0.06185257434844971 68000
1695303648064 0.0628889799118042 72000
1695303680732 0.061010388494695277 76000
1695303712483 0.061689345341808394 80000
1695303753680 0.08315438622826929 84000
1695303786193 0.06838594164167132 88000
1695303816918 0.0611935925279927 92000
1695303852608 0.06057080768403553 96000
1695303897733 0.07900457556654768 100000
1695303939884 0.08145786967932009 104000
1695303972603 0.06568736808244573 108000
1695304013130 0.07593647226110681 112000
1695304058302 0.08528107377492129 116000
1695304101513 0.08356322030552098 120000
1695304142275 0.07937725289279678 124000
1695304191990 0.08968178796585492 128000
1695304235690 0.08228366611568072 132000
1695304278801 0.08301360763772561 136000
1695304323057 0.08303110416118915 140000
1695304364659 0.08147173369957121 144000
1695304406529 0.07723507565488383 148000
1695304450408 0.08352235542921833 152000
1695304491884 0.08270140488942464 156000
1695304533237 0.07570739519798149 160000
1695304577681 0.082073647242326 164000
1695304622829 0.08179803266592905 168000
1695304666317 0.08414902377860944 172000
1695304711436 0.08546096691186877 176000
1695304751005 0.0770337465736601 180000
1695304788711 0.07499929132132695 184000
1695304832515 0.08136406040831701 188000
1695304872630 0.07725892528410881 192000
1695304909347 0.070552244835857 196000
1695304945213 0.06867185586229319 200000
1695304982297 0.07046866748068067 204000
1695305024972 0.07934165000915527 208000
1695305061205 0.0717068064040032 212000
1695305097665 0.06986438453971565 216000
1695305135836 0.07239522003545994 220000
1695305173054 0.07270253152163769 224000
1695305208267 0.06880979895998593 228000
1695305242117 0.06811076519536037 232000
1695305272964 0.06051686772128992 236000
1695305303640 0.058951545319828304 240000
1695305334997 0.062438946849894976 244000
1695305365403 0.05833238674788525 248000
1695305395840 0.05977207964116877 252000
1695305426346 0.058771392046395 256000
1695305457089 0.06146388546003566 260000
1695305487697 0.05987986274387525 264000
1695305518364 0.061095978172732074 268000
1695305548763 0.05963788264327579 272000
1695305579470 0.05949238936106364 276000
1695305610928 0.0611603850185281 280000
1695305641254 0.05965885661897205 284000
1695305672089 0.05930698647791026 288000
1695305702328 0.06004904999452479 292000
1695305733743 0.06072982794507987 296000
1695305763905 0.058771610260009766 300000
1695305794926 0.05973744735443335 304000
1695305825332 0.059850981314683756 308000
1695305856188 0.06005032227771117 312000
1695305886451 0.05811493139009218 316000
1695305917076 0.05976909851477091 320000
1695305947561 0.05951247759313391 324000
1695305978487 0.060331034581653356 328000
1695306008642 0.058462282623907534 332000
1695306039504 0.06005850562168033 336000
1695306070872 0.061685001695310916 340000
1695306101776 0.06021948377038263 344000
1695306132241 0.05986853264297642 348000
1695306162867 0.06003448286572018 352000
1695306193355 0.05912180844839517 356000
1695306224278 0.059183264100873795 360000
1695306254694 0.05884174657115474 364000
1695306287113 0.06284221178955501 368000
1695306318480 0.059300377255394346 372000
1695306351049 0.060142318407694496 376000
1695306382507 0.0639265794970071 380000
1695306417635 0.06888104123016664 384000
1695306452186 0.06688512739588003 388000
1695306486440 0.0656577257009653 392000
1695306519892 0.06761076344046624 396000
1695306554063 0.06474662072879751 400000
1695306586068 0.06210733401147943 404000
1695306620769 0.06754942471972741 408000
1695306653667 0.06378293037414551 412000
1695306687357 0.06395794427124814 416000
1695306720446 0.06373000752394366 420000
1695306752919 0.06228880599816086 424000
1695306786073 0.0636448860168457 428000
1695306823363 0.07215058330164059 432000
1695306860193 0.07277774652373355 436000
1695306893540 0.06380470749599482 440000
1695306927012 0.0637621566897533 444000
1695306961090 0.06623098979125151 448000
1695306995308 0.06625435926733238 452000
1695307028911 0.06450618467023296 456000
1695307061148 0.0623106548230942 460000
1695307093363 0.06176847772499949 464000
1695307128177 0.0679759715201412 468000
1695307160893 0.06296505799164644 472000
1695307193727 0.06306484492138179 476000
1695307226881 0.06258172957417202 480000
1695307261293 0.06488160445139958 484000
1695307295764 0.06668400346187123 488000
1695307328555 0.06269845244002668 492000
1695307362184 0.06533652021173846 496000
1695307398519 0.06322278441375631 500000
1695307433771 0.07080980821659691 504000
1695307466803 0.06340497996619944 508000
1695307502299 0.06875758077584061 512000
1695307540864 0.07057265189795003 516000
1695307575758 0.06871842718743659 520000
1695307615178 0.07475356901845624 524000
1695307652906 0.0741905548247784 528000
1695307688968 0.06587772400348217 532000
1695307724742 0.07044186320485948 536000
1695307759374 0.06694968437915516 540000
1695307803593 0.08423407621021513 544000
1695307846202 0.08470810853041612 548000
1695307880677 0.06576815977791287 552000
1695307919607 0.076612531174348 556000
1695307956773 0.06538264845546923 560000
1695307994853 0.0721418589257734 564000
1695308028007 0.06357727487102832 568000
1695308062878 0.0660509655350133 572000
1695308098083 0.06775660114688473 576000
1695308132095 0.06508161592934786 580000
1695308167207 0.0643211001293667 584000
1695308204587 0.06751396616951363 588000
1695308240212 0.06927370641775836 592000
1695308275251 0.06440866303134274 596000
1695308317615 0.08086000387660992 600000
1695308353389 0.06896351414147987 604000
1695308394727 0.07686995528031638 608000
1695308433114 0.07658202152747612 612000
1695308469733 0.06743403705390724 616000
1695308516167 0.11268439840097896 620000
1695308552746 0.07050712008951561 624000
1695308589925 0.07008578179325266 628000
1695308629709 0.07765864411862894 632000
1695308665761 0.06917553080914328 636000
1695308703946 0.0730780336077545 640000
1695308741020 0.07343463077666654 644000
1695308776425 0.06448969008430602 648000
1695308813099 0.07131631677236153 652000
1695308854497 0.08071528540717231 656000
1695308889151 0.06731448683348841 660000
1695308922246 0.06401616509651904 664000
1695308955619 0.06417146948880928 668000
1695308990632 0.06762579908588422 672000
1695309025563 0.06583017461440142 676000
1695309064256 0.06830586414588125 680000
1695309102429 0.07281830521667895 684000
1695309138043 0.06771099072294876 688000
1695309173159 0.06663779996359619 692000
1695309207169 0.06469748794457537 696000
1695309241592 0.06567239761352539 700000
1695309278098 0.06843911189781993 704000
1695309314240 0.06783791616851208 708000
1695309350712 0.06962667882832047 712000
1695309387559 0.06600794684848602 716000
1695309422274 0.06682562291430508 720000
1695309457118 0.06635204194084046 724000
1695309489510 0.06239505041213263 728000
1695309522278 0.06297905961950342 732000
1695309555453 0.06287372150360204 736000
1695309590312 0.06641928666557362 740000
1695309624572 0.06563942817964963 744000
1695309658544 0.06397217512130737 748000
1695309692335 0.06295668112265097 752000
1695309730414 0.06802032549922078 756000
1695309764984 0.06778273731470108 760000
1695309797474 0.061944982997273905 764000
1695309829829 0.06201453760367672 768000
1695309863397 0.06327880667401599 772000
1695309897303 0.06449967152688782 776000
1695309932667 0.06679967298346051 780000
1695309969930 0.0665286720776167 784000
1695310015820 0.0857550364274245 788000
1695310052557 0.07034096432033021 792000
1695310087729 0.06758777144687628 796000
1695310125633 0.07061521605689927 800000
1695310160743 0.06748945482315556 804000
1695310197730 0.06517522697207294 808000
1695310240321 0.07897245998199755 812000
1695310277550 0.06871615784077705 816000
1695310312657 0.06742021840089446 820000
1695310348295 0.06565846502780914 824000
1695310386619 0.06977386600506974 828000
1695310421489 0.0676986365812678 832000
1695310455152 0.062186350612520425 836000
1695310493985 0.073666364243887 840000
1695310538691 0.08843451067565722 844000
1695310575919 0.0681725728933451 848000
1695310616835 0.07811822830297696 852000
1695310655441 0.07584483563145504 856000
1695310690305 0.06517647947155454 860000
1695310724022 0.06538789493207353 864000
1695310758909 0.06546858818300309 868000
