1695303109684 4000.0 4000
1695303138372 8000.0 8000
1695303167507 12000.0 12000
1695303196278 16000.0 16000
1695303230339 20000.0 20000
1695303262671 24000.0 24000
1695303295818 28000.0 28000
1695303328650 32000.0 32000
1695303360538 36000.0 36000
1695303392669 40000.0 40000
1695303425035 44000.0 44000
1695303456222 48000.0 48000
1695303487947 52000.0 52000
1695303518690 56000.0 56000
1695303550403 60000.0 60000
1695303581593 64000.0 64000
1695303615328 68000.0 68000
1695303648067 72000.0 72000
1695303680735 76000.0 76000
1695303712485 80000.0 80000
1695303753683 84000.0 84000
1695303786196 88000.0 88000
1695303816921 92000.0 92000
1695303852612 96000.0 96000
1695303897737 100000.0 100000
1695303939887 104000.0 104000
1695303972607 108000.0 108000
1695304013134 112000.0 112000
1695304058307 116000.0 116000
1695304101517 120000.0 120000
1695304142278 124000.0 124000
1695304191996 128000.0 128000
1695304235694 132000.0 132000
1695304278805 136000.0 136000
1695304323061 140000.0 140000
1695304364664 144000.0 144000
1695304406534 148000.0 148000
1695304450412 152000.0 152000
1695304491887 156000.0 156000
1695304533241 160000.0 160000
1695304577685 164000.0 164000
1695304622833 168000.0 168000
1695304666320 172000.0 172000
1695304711439 176000.0 176000
1695304751008 180000.0 180000
1695304788715 184000.0 184000
1695304832518 188000.0 188000
1695304872634 192000.0 192000
1695304909351 196000.0 196000
1695304945216 200000.0 200000
1695304982301 204000.0 204000
1695305024976 208000.0 208000
1695305061208 212000.0 212000
1695305097668 216000.0 216000
1695305135839 220000.0 220000
1695305173057 224000.0 224000
1695305208270 228000.0 228000
1695305242119 232000.0 232000
1695305272967 236000.0 236000
1695305303643 240000.0 240000
1695305335000 244000.0 244000
1695305365406 248000.0 248000
1695305395842 252000.0 252000
1695305426349 256000.0 256000
1695305457092 260000.0 260000
1695305487700 264000.0 264000
1695305518367 268000.0 268000
1695305548767 272000.0 272000
1695305579473 276000.0 276000
1695305610931 280000.0 280000
1695305641257 284000.0 284000
1695305672092 288000.0 288000
1695305702331 292000.0 292000
1695305733746 296000.0 296000
1695305763908 300000.0 300000
1695305794929 304000.0 304000
1695305825335 308000.0 308000
1695305856191 312000.0 312000
1695305886453 316000.0 316000
1695305917079 320000.0 320000
1695305947564 324000.0 324000
1695305978490 328000.0 328000
1695306008645 332000.0 332000
1695306039507 336000.0 336000
1695306070875 340000.0 340000
1695306101779 344000.0 344000
1695306132244 348000.0 348000
1695306162869 352000.0 352000
1695306193358 356000.0 356000
1695306224281 360000.0 360000
1695306254697 364000.0 364000
1695306287116 368000.0 368000
1695306318483 372000.0 372000
1695306351052 376000.0 376000
1695306382510 380000.0 380000
1695306417638 384000.0 384000
1695306452189 388000.0 388000
1695306486443 392000.0 392000
1695306519895 396000.0 396000
1695306554066 400000.0 400000
1695306586071 404000.0 404000
1695306620772 408000.0 408000
1695306653670 412000.0 412000
1695306687360 416000.0 416000
1695306720449 420000.0 420000
1695306752923 424000.0 424000
1695306786075 428000.0 428000
1695306823367 432000.0 432000
1695306860196 436000.0 436000
1695306893543 440000.0 440000
1695306927015 444000.0 444000
1695306961093 448000.0 448000
1695306995311 452000.0 452000
1695307028914 456000.0 456000
1695307061151 460000.0 460000
1695307093366 464000.0 464000
1695307128181 468000.0 468000
1695307160896 472000.0 472000
1695307193730 476000.0 476000
1695307226884 480000.0 480000
1695307261296 484000.0 484000
1695307295767 488000.0 488000
1695307328558 492000.0 492000
1695307362187 496000.0 496000
1695307398522 500000.0 500000
1695307433774 504000.0 504000
1695307466806 508000.0 508000
1695307502302 512000.0 512000
1695307540868 516000.0 516000
1695307575761 520000.0 520000
1695307615181 524000.0 524000
1695307652909 528000.0 528000
1695307688971 532000.0 532000
1695307724746 536000.0 536000
1695307759377 540000.0 540000
1695307803597 544000.0 544000
1695307846205 548000.0 548000
1695307880680 552000.0 552000
1695307919610 556000.0 556000
1695307956776 560000.0 560000
1695307994856 564000.0 564000
1695308028010 568000.0 568000
1695308062881 572000.0 572000
1695308098086 576000.0 576000
1695308132099 580000.0 580000
1695308167210 584000.0 584000
1695308204591 588000.0 588000
1695308240215 592000.0 592000
1695308275254 596000.0 596000
1695308317618 600000.0 600000
1695308353393 604000.0 604000
1695308394731 608000.0 608000
1695308433117 612000.0 612000
1695308469736 616000.0 616000
1695308516171 620000.0 620000
1695308552749 624000.0 624000
1695308589928 628000.0 628000
1695308629713 632000.0 632000
1695308665765 636000.0 636000
1695308703950 640000.0 640000
1695308741023 644000.0 644000
1695308776428 648000.0 648000
1695308813103 652000.0 652000
1695308854500 656000.0 656000
1695308889154 660000.0 660000
1695308922250 664000.0 664000
1695308955622 668000.0 668000
1695308990635 672000.0 672000
1695309025567 676000.0 676000
1695309064261 680000.0 680000
1695309102432 684000.0 684000
1695309138046 688000.0 688000
1695309173162 692000.0 692000
1695309207172 696000.0 696000
1695309241595 700000.0 700000
1695309278101 704000.0 704000
1695309314244 708000.0 708000
1695309350715 712000.0 712000
1695309387562 716000.0 716000
1695309422277 720000.0 720000
1695309457121 724000.0 724000
1695309489513 728000.0 728000
1695309522281 732000.0 732000
1695309555456 736000.0 736000
1695309590315 740000.0 740000
1695309624575 744000.0 744000
1695309658547 748000.0 748000
1695309692338 752000.0 752000
1695309730418 756000.0 756000
1695309764987 760000.0 760000
1695309797477 764000.0 764000
1695309829832 768000.0 768000
1695309863400 772000.0 772000
1695309897306 776000.0 776000
1695309932670 780000.0 780000
1695309969933 784000.0 784000
1695310015823 788000.0 788000
1695310052560 792000.0 792000
1695310087732 796000.0 796000
1695310125636 800000.0 800000
1695310160746 804000.0 804000
1695310197734 808000.0 808000
1695310240325 812000.0 812000
1695310277553 816000.0 816000
1695310312660 820000.0 820000
1695310348299 824000.0 824000
1695310386624 828000.0 828000
1695310421492 832000.0 832000
1695310455155 836000.0 836000
1695310493989 840000.0 840000
1695310538694 844000.0 844000
1695310575922 848000.0 848000
1695310616839 852000.0 852000
1695310655444 856000.0 856000
1695310690308 860000.0 860000
1695310724025 864000.0 864000
1695310758912 868000.0 868000
