1695303109762 0.5 4000
1695303138449 0.5 8000
1695303167584 0.5 12000
1695303196357 0.5 16000
1695303230427 0.5 20000
1695303262748 0.5 24000
1695303295892 0.5 28000
1695303328724 0.5 32000
1695303360619 0.5 36000
1695303392745 0.5 40000
1695303425109 0.5 44000
1695303456299 0.5 48000
1695303488022 0.5 52000
1695303518765 0.5 56000
1695303550477 0.5 60000
1695303581667 0.5 64000
1695303615407 0.5 68000
1695303648139 0.5 72000
1695303680810 0.5 76000
1695303712558 0.5 80000
1695303753762 0.5 84000
1695303786270 0.5 88000
1695303816999 0.5 92000
1695303852709 0.5 96000
1695303897903 0.5 100000
1695303939960 0.5 104000
1695303972696 0.5 108000
1695304013227 0.5 112000
1695304058406 0.5 116000
1695304101608 0.5 120000
1695304142370 0.5 124000
1695304192114 0.5 128000
1695304235790 0.5 132000
1695304278903 0.5 136000
1695304323159 0.5 140000
1695304364763 0.5 144000
1695304406646 0.5 148000
1695304450512 0.5 152000
1695304491972 0.5 156000
1695304533334 0.5 160000
1695304577776 0.5 164000
1695304622932 0.5 168000
1695304666408 0.5 172000
1695304711511 0.5 176000
1695304751093 0.5 180000
1695304788801 0.5 184000
1695304832601 0.5 188000
1695304872721 0.5 192000
1695304909443 0.5 196000
1695304945297 0.5 200000
1695304982384 0.5 204000
1695305025067 0.5 208000
1695305061291 0.5 212000
1695305097754 0.5 216000
1695305135923 0.5 220000
1695305173141 0.5 224000
1695305208350 0.5 228000
1695305242190 0.5 232000
1695305273037 0.5 236000
1695305303726 0.5 240000
1695305335071 0.5 244000
1695305365480 0.5 248000
1695305395912 0.5 252000
1695305426425 0.5 256000
1695305457161 0.5 260000
1695305487776 0.5 264000
1695305518436 0.5 268000
1695305548841 0.5 272000
1695305579540 0.5 276000
1695305611002 0.5 280000
1695305641328 0.5 284000
1695305672158 0.5 288000
1695305702401 0.5 292000
1695305733816 0.5 296000
1695305763995 0.5 300000
1695305794999 0.5 304000
1695305825405 0.5 308000
1695305856261 0.5 312000
1695305886520 0.5 316000
1695305917148 0.5 320000
1695305947635 0.5 324000
1695305978556 0.5 328000
1695306008716 0.5 332000
1695306039579 0.5 336000
1695306070946 0.5 340000
1695306101852 0.5 344000
1695306132313 0.5 348000
1695306162940 0.5 352000
1695306193429 0.5 356000
1695306224351 0.5 360000
1695306254767 0.5 364000
1695306287186 0.5 368000
1695306318553 0.5 372000
1695306351133 0.5 376000
1695306382577 0.5 380000
1695306417715 0.5 384000
1695306452278 0.5 388000
1695306486521 0.5 392000
1695306519965 0.5 396000
1695306554144 0.5 400000
1695306586146 0.5 404000
1695306620852 0.5 408000
1695306653741 0.5 412000
1695306687442 0.5 416000
1695306720523 0.5 420000
1695306752995 0.5 424000
1695306786147 0.5 428000
1695306823469 0.5 432000
1695306860272 0.5 436000
1695306893617 0.5 440000
1695306927096 0.5 444000
1695306961168 0.5 448000
1695306995385 0.5 452000
1695307028987 0.5 456000
1695307061228 0.5 460000
1695307093443 0.5 464000
1695307128255 0.5 468000
1695307160977 0.5 472000
1695307193805 0.5 476000
1695307226963 0.5 480000
1695307261372 0.5 484000
1695307295839 0.5 488000
1695307328633 0.5 492000
1695307362264 0.5 496000
1695307398607 0.5 500000
1695307433849 0.5 504000
1695307466889 0.5 508000
1695307502393 0.5 512000
1695307540951 0.5 516000
1695307575837 0.5 520000
1695307615272 0.5 524000
1695307652983 0.5 528000
1695307689059 0.5 532000
1695307724823 0.5 536000
1695307759451 0.5 540000
1695307803712 0.5 544000
1695307846279 0.5 548000
1695307880765 0.5 552000
1695307919689 0.5 556000
1695307956865 0.5 560000
1695307994933 0.5 564000
1695308028086 0.5 568000
1695308062960 0.5 572000
1695308098160 0.5 576000
1695308132179 0.5 580000
1695308167286 0.5 584000
1695308204679 0.5 588000
1695308240289 0.5 592000
1695308275339 0.5 596000
1695308317705 0.5 600000
1695308353474 0.5 604000
1695308394836 0.5 608000
1695308433191 0.5 612000
1695308469824 0.5 616000
1695308516255 0.5 620000
1695308552832 0.5 624000
1695308590018 0.5 628000
1695308629799 0.5 632000
1695308665868 0.5 636000
1695308704037 0.5 640000
1695308741099 0.5 644000
1695308776511 0.5 648000
1695308813193 0.5 652000
1695308854574 0.5 656000
1695308889229 0.5 660000
1695308922325 0.5 664000
1695308955700 0.5 668000
1695308990719 0.5 672000
1695309025659 0.5 676000
1695309064355 0.5 680000
1695309102514 0.5 684000
1695309138129 0.5 688000
1695309173239 0.5 692000
1695309207253 0.5 696000
1695309241670 0.5 700000
1695309278182 0.5 704000
1695309314334 0.5 708000
1695309350789 0.5 712000
1695309387642 0.5 716000
1695309422351 0.5 720000
1695309457195 0.5 724000
1695309489583 0.5 728000
1695309522354 0.5 732000
1695309555532 0.5 736000
1695309590393 0.5 740000
1695309624651 0.5 744000
1695309658622 0.5 748000
1695309692412 0.5 752000
1695309730522 0.5 756000
1695309765061 0.5 760000
1695309797549 0.5 764000
1695309829908 0.5 768000
1695309863474 0.5 772000
1695309897384 0.5 776000
1695309932747 0.5 780000
1695309970015 0.5 784000
1695310015900 0.5 788000
1695310052641 0.5 792000
1695310087815 0.5 796000
1695310125719 0.5 800000
1695310160818 0.5 804000
1695310197819 0.5 808000
1695310240410 0.5 812000
1695310277629 0.5 816000
1695310312739 0.5 820000
1695310348383 0.5 824000
1695310386728 0.5 828000
1695310421564 0.5 832000
1695310455233 0.5 836000
1695310494073 0.5 840000
1695310538768 0.5 844000
1695310576003 0.5 848000
1695310616958 0.5 852000
1695310655519 0.5 856000
1695310690384 0.5 860000
1695310724098 0.5 864000
1695310758986 0.5 868000
