1695303109763 0.001 4000
1695303138451 0.001 8000
1695303167585 0.001 12000
1695303196358 0.001 16000
1695303230428 0.001 20000
1695303262749 0.001 24000
1695303295893 0.001 28000
1695303328725 0.001 32000
1695303360621 0.001 36000
1695303392747 0.001 40000
1695303425110 0.001 44000
1695303456300 0.001 48000
1695303488023 0.001 52000
1695303518766 0.001 56000
1695303550478 0.001 60000
1695303581668 0.001 64000
1695303615409 0.001 68000
1695303648140 0.001 72000
1695303680811 0.001 76000
1695303712559 0.001 80000
1695303753763 0.001 84000
1695303786272 0.001 88000
1695303817001 0.001 92000
1695303852710 0.001 96000
1695303897905 0.001 100000
1695303939961 0.001 104000
1695303972697 0.001 108000
1695304013228 0.001 112000
1695304058407 0.001 116000
1695304101609 0.001 120000
1695304142371 0.001 124000
1695304192116 0.001 128000
1695304235791 0.001 132000
1695304278905 0.001 136000
1695304323161 0.001 140000
1695304364764 0.001 144000
1695304406648 0.001 148000
1695304450513 0.001 152000
1695304491973 0.001 156000
1695304533335 0.001 160000
1695304577778 0.001 164000
1695304622934 0.001 168000
1695304666410 0.001 172000
1695304711512 0.001 176000
1695304751094 0.001 180000
1695304788802 0.001 184000
1695304832602 0.001 188000
1695304872723 0.001 192000
1695304909444 0.001 196000
1695304945299 0.001 200000
1695304982386 0.001 204000
1695305025068 0.001 208000
1695305061293 0.001 212000
1695305097755 0.001 216000
1695305135924 0.001 220000
1695305173143 0.001 224000
1695305208351 0.001 228000
1695305242191 0.001 232000
1695305273038 0.001 236000
1695305303727 0.001 240000
1695305335072 0.001 244000
1695305365481 0.001 248000
1695305395913 0.001 252000
1695305426426 0.001 256000
1695305457163 0.001 260000
1695305487777 0.001 264000
1695305518437 0.001 268000
1695305548843 0.001 272000
1695305579541 0.001 276000
1695305611003 0.001 280000
1695305641329 0.001 284000
1695305672159 0.001 288000
1695305702402 0.001 292000
1695305733817 0.001 296000
1695305763996 0.001 300000
1695305795000 0.001 304000
1695305825406 0.001 308000
1695305856262 0.001 312000
1695305886522 0.001 316000
1695305917149 0.001 320000
1695305947636 0.001 324000
1695305978557 0.001 328000
1695306008717 0.001 332000
1695306039580 0.001 336000
1695306070948 0.001 340000
1695306101853 0.001 344000
1695306132314 0.001 348000
1695306162941 0.001 352000
1695306193430 0.001 356000
1695306224352 0.001 360000
1695306254768 0.001 364000
1695306287187 0.001 368000
1695306318554 0.001 372000
1695306351134 0.001 376000
1695306382578 0.001 380000
1695306417717 0.001 384000
1695306452279 0.001 388000
1695306486522 0.001 392000
1695306519966 0.001 396000
1695306554145 0.001 400000
1695306586147 0.001 404000
1695306620853 0.001 408000
1695306653742 0.001 412000
1695306687443 0.001 416000
1695306720524 0.001 420000
1695306752996 0.001 424000
1695306786148 0.001 428000
1695306823471 0.001 432000
1695306860274 0.001 436000
1695306893618 0.001 440000
1695306927097 0.001 444000
1695306961169 0.001 448000
1695306995386 0.001 452000
1695307028989 0.001 456000
1695307061229 0.001 460000
1695307093444 0.001 464000
1695307128256 0.001 468000
1695307160978 0.001 472000
1695307193806 0.001 476000
1695307226965 0.001 480000
1695307261373 0.001 484000
1695307295840 0.001 488000
1695307328635 0.001 492000
1695307362265 0.001 496000
1695307398609 0.001 500000
1695307433850 0.001 504000
1695307466890 0.001 508000
1695307502395 0.001 512000
1695307540952 0.001 516000
1695307575838 0.001 520000
1695307615274 0.001 524000
1695307652984 0.001 528000
1695307689061 0.001 532000
1695307724825 0.001 536000
1695307759453 0.001 540000
1695307803713 0.001 544000
1695307846280 0.001 548000
1695307880767 0.001 552000
1695307919690 0.001 556000
1695307956866 0.001 560000
1695307994934 0.001 564000
1695308028087 0.001 568000
1695308062961 0.001 572000
1695308098161 0.001 576000
1695308132180 0.001 580000
1695308167287 0.001 584000
1695308204680 0.001 588000
1695308240290 0.001 592000
1695308275340 0.001 596000
1695308317706 0.001 600000
1695308353475 0.001 604000
1695308394837 0.001 608000
1695308433192 0.001 612000
1695308469825 0.001 616000
1695308516256 0.001 620000
1695308552833 0.001 624000
1695308590019 0.001 628000
1695308629800 0.001 632000
1695308665870 0.001 636000
1695308704038 0.001 640000
1695308741101 0.001 644000
1695308776512 0.001 648000
1695308813195 0.001 652000
1695308854575 0.001 656000
1695308889230 0.001 660000
1695308922326 0.001 664000
1695308955701 0.001 668000
1695308990720 0.001 672000
1695309025660 0.001 676000
1695309064356 0.001 680000
1695309102515 0.001 684000
1695309138130 0.001 688000
1695309173241 0.001 692000
1695309207254 0.001 696000
1695309241671 0.001 700000
1695309278183 0.001 704000
1695309314335 0.001 708000
1695309350790 0.001 712000
1695309387643 0.001 716000
1695309422352 0.001 720000
1695309457196 0.001 724000
1695309489584 0.001 728000
1695309522356 0.001 732000
1695309555533 0.001 736000
1695309590395 0.001 740000
1695309624653 0.001 744000
1695309658623 0.001 748000
1695309692413 0.001 752000
1695309730523 0.001 756000
1695309765062 0.001 760000
1695309797550 0.001 764000
1695309829909 0.001 768000
1695309863475 0.001 772000
1695309897386 0.001 776000
1695309932748 0.001 780000
1695309970016 0.001 784000
1695310015901 0.001 788000
1695310052642 0.001 792000
1695310087816 0.001 796000
1695310125720 0.001 800000
1695310160819 0.001 804000
1695310197820 0.001 808000
1695310240411 0.001 812000
1695310277631 0.001 816000
1695310312740 0.001 820000
1695310348384 0.001 824000
1695310386729 0.001 828000
1695310421565 0.001 832000
1695310455234 0.001 836000
1695310494074 0.001 840000
1695310538769 0.001 844000
1695310576004 0.001 848000
1695310616961 0.001 852000
1695310655520 0.001 856000
1695310690385 0.001 860000
1695310724099 0.001 864000
1695310758987 0.001 868000
