1695136485618 -1.027 4000
1695136522514 -1.032 8000
1695136560450 -1.042 12000
1695136594681 -1.045 16000
1695136626318 -1.045 20000
1695136659447 -1.045 24000
1695136692933 -1.045 28000
1695136726837 -1.0399999999999998 32000
1695136760594 -1.039 36000
1695136795216 -1.039 40000
1695136829851 -1.044 44000
1695136863890 -1.044 48000
1695136896319 -1.044 52000
1695136932769 -1.042 56000
1695136966877 -1.041 60000
1695136999774 -1.041 64000
1695137033470 -1.035 68000
1695137066523 -1.045 72000
1695137103800 -1.045 76000
1695137142185 -1.033 80000
1695137179758 -1.04 84000
1695137217181 -1.043 88000
1695137252679 -1.034 92000
1695137286558 -1.038 96000
1695137322179 -1.038 100000
1695137356726 -1.037 104000
1695137389755 -1.049 108000
1695137421501 -1.049 112000
1695137453466 -1.0399999999999998 116000
1695137486568 -1.04 120000
1695137518818 -1.039 124000
1695137552995 -1.027 128000
1695137587510 -1.031 132000
1695137620406 -1.031 136000
1695137652405 -1.028 140000
1695137685741 -1.024 144000
1695137720451 -1.026 148000
1695137753151 -1.019 152000
1695137785963 -1.027 156000
1695137819435 -1.029 160000
