1695136485617 -1.007 4000
1695136522514 -1.044 8000
1695136560450 -1.044 12000
1695136594680 -1.044 16000
1695136626317 -1.044 20000
1695136659447 -1.044 24000
1695136692933 -1.035 28000
1695136726837 -1.032 32000
1695136760594 -1.032 36000
1695136795216 -1.03 40000
1695136829851 -1.03 44000
1695136863890 -1.03 48000
1695136896319 -1.019 52000
1695136932769 -1.019 56000
1695136966876 -1.019 60000
1695136999773 -1.023 64000
1695137033470 -1.023 68000
1695137066523 -1.012 72000
1695137103800 -1.012 76000
1695137142185 -1.01 80000
1695137179758 -1.009 84000
1695137217181 -1.001 88000
1695137252679 -1.017 92000
1695137286557 -1.033 96000
1695137322179 -1.005 100000
1695137356726 -1.02 104000
1695137389755 -1.02 108000
1695137421501 -1.008 112000
1695137453465 -1.021 116000
1695137486567 -1.019 120000
1695137518817 -1.012 124000
1695137552995 -1.007 128000
1695137587510 -1.026 132000
1695137620406 -1.013 136000
1695137652405 -1.013 140000
1695137685741 -1.002 144000
1695137720450 -1.009 148000
1695137753150 -1.017 152000
1695137785962 -1.0459999999999998 156000
1695137819435 0.701 160000
