1695136485619 -0.2146 4000
1695136522516 -0.12332499999999999 8000
1695136560452 -0.05850000000000001 12000
1695136594682 -0.07263636363636364 16000
1695136626319 -0.11140816326530613 20000
1695136659449 -0.08833 24000
1695136692935 -0.14007999999999998 28000
1695136726839 -0.26167999999999997 32000
1695136760596 -0.23296000000000006 36000
1695136795218 -0.29687 40000
1695136829853 -0.40667999999999993 44000
1695136863892 -0.47989000000000004 48000
1695136896321 -0.5252300000000001 52000
1695136932771 -0.6003799999999999 56000
1695136966878 -0.6387800000000001 60000
1695136999776 -0.62074 64000
1695137033472 -0.65655 68000
1695137066525 -0.75823 72000
1695137103802 -0.72513 76000
1695137142187 -0.68935 80000
1695137179760 -0.7628900000000001 84000
1695137217183 -0.82396 88000
1695137252681 -0.7365600000000001 92000
1695137286559 -0.7198899999999999 96000
1695137322181 -0.7339499999999997 100000
1695137356728 -0.8188000000000001 104000
1695137389757 -0.82353 108000
1695137421503 -0.82478 112000
1695137453467 -0.8155500000000001 116000
1695137486569 -0.8730399999999999 120000
1695137518820 -0.8321700000000001 124000
1695137552997 -0.8343189655172414 128000
1695137587512 -0.79051 132000
1695137620408 -0.7159399999999998 136000
1695137652407 -0.6654800000000002 140000
1695137685743 -0.73125 144000
1695137720452 -0.7404464285714286 148000
1695137753152 -0.8207954545454544 152000
1695137785964 -0.8798823529411763 156000
1695137819437 -0.8740629921259842 160000
