1695136485619 0.3817333333333333 4000
1695136522515 0.1982 8000
1695136560451 0.18792857142857142 12000
1695136594682 0.14061038961038957 16000
1695136626319 0.16659183673469388 20000
1695136659448 0.12994999999999998 24000
1695136692935 0.17484000000000002 28000
1695136726838 0.29009999999999997 32000
1695136760595 0.3012699999999999 36000
1695136795218 0.37670000000000003 40000
1695136829853 0.49378999999999995 44000
1695136863891 0.52352 48000
1695136896320 0.5383699999999999 52000
1695136932771 0.61164 56000
1695136966878 0.6931700000000001 60000
1695136999775 0.73107 64000
1695137033472 0.78019 68000
1695137066524 0.82137 72000
1695137103802 0.78 76000
1695137142186 0.7797900000000001 80000
1695137179760 0.8351899999999999 84000
1695137217182 0.9231199999999999 88000
1695137252681 0.8548700000000002 92000
1695137286559 0.8355899999999999 96000
1695137322180 0.7978700000000001 100000
1695137356728 0.9076700000000001 104000
1695137389756 0.9328 108000
1695137421502 0.91672 112000
1695137453467 0.87185 116000
1695137486569 0.97179 120000
1695137518819 0.97316 124000
1695137552997 0.9426810344827585 128000
1695137587511 0.8967599999999999 132000
1695137620407 0.8657299999999999 136000
1695137652407 0.8735299999999999 140000
1695137685743 0.9420299999999999 144000
1695137720452 1.0214375 148000
1695137753152 1.0198484848484848 152000
1695137785964 1.0521691176470591 156000
1695137819436 1.117314960629921 160000
