1695136485607 1.0 4000
1695136522501 1.0 8000
1695136560439 1.0 12000
1695136594671 1.0 16000
1695136626309 1.0 20000
1695136659437 1.0 24000
1695136692923 1.0 28000
1695136726827 1.0 32000
1695136760584 1.0 36000
1695136795206 1.0 40000
1695136829840 1.0 44000
1695136863881 1.0 48000
1695136896309 1.0 52000
1695136932759 1.0 56000
1695136966867 1.0 60000
1695136999764 1.0 64000
1695137033459 1.0 68000
1695137066513 1.0 72000
1695137103790 1.0 76000
1695137142174 1.0 80000
1695137179748 1.0 84000
1695137217171 1.0 88000
1695137252668 1.0 92000
1695137286547 1.0 96000
1695137322170 1.0 100000
1695137356715 1.0 104000
1695137389746 1.0 108000
1695137421491 1.0 112000
1695137453456 1.0 116000
1695137486558 1.0 120000
1695137518807 1.0 124000
1695137552984 1.0 128000
1695137587501 1.0 132000
1695137620396 1.0 136000
1695137652396 1.0 140000
1695137685731 1.0 144000
1695137720440 1.0 148000
1695137753141 1.0 152000
1695137785953 1.0 156000
1695137819424 1.0 160000
