1695136485608 0.0 4000
1695136522502 0.0 8000
1695136560439 0.0 12000
1695136594672 0.0 16000
1695136626309 0.0 20000
1695136659437 0.0 24000
1695136692924 0.0 28000
1695136726828 0.0 32000
1695136760584 0.0 36000
1695136795207 0.0 40000
1695136829841 0.0 44000
1695136863881 0.0 48000
1695136896309 0.0 52000
1695136932760 0.0 56000
1695136966867 0.0 60000
1695136999764 0.0 64000
1695137033460 0.0 68000
1695137066513 0.0 72000
1695137103790 0.0 76000
1695137142175 0.0 80000
1695137179748 0.0 84000
1695137217171 0.0 88000
1695137252669 0.0 92000
1695137286547 0.0 96000
1695137322170 0.0 100000
1695137356716 0.0 104000
1695137389746 0.0 108000
1695137421491 0.0 112000
1695137453457 0.0 116000
1695137486558 0.0 120000
1695137518807 0.0 124000
1695137552984 0.0 128000
1695137587501 0.0 132000
1695137620397 0.0 136000
1695137652396 0.0 140000
1695137685731 0.0 144000
1695137720440 0.0 148000
1695137753141 0.0 152000
1695137785954 0.0 156000
1695137819425 0.0 160000
