1695136485607 0.0 4000
1695136522501 0.0 8000
1695136560439 0.0 12000
1695136594671 0.0 16000
1695136626308 0.0 20000
1695136659437 0.0 24000
1695136692923 0.0 28000
1695136726827 0.0 32000
1695136760583 0.0 36000
1695136795206 0.0 40000
1695136829840 0.0 44000
1695136863880 0.0 48000
1695136896308 0.0 52000
1695136932759 0.0 56000
1695136966867 0.0 60000
1695136999763 0.0 64000
1695137033459 0.0 68000
1695137066512 0.0 72000
1695137103789 0.0 76000
1695137142174 0.0 80000
1695137179748 0.0 84000
1695137217170 0.0 88000
1695137252668 0.0 92000
1695137286547 0.0 96000
1695137322169 0.0 100000
1695137356715 0.0 104000
1695137389745 0.0 108000
1695137421491 0.0 112000
1695137453456 0.0 116000
1695137486558 0.0 120000
1695137518807 0.0 124000
1695137552983 0.0 128000
1695137587500 0.0 132000
1695137620396 0.0 136000
1695137652395 0.0 140000
1695137685730 0.0 144000
1695137720439 0.0 148000
1695137753141 0.0 152000
1695137785953 0.0 156000
1695137819424 0.0 160000
