1695136485593 0.0 4000
1695136522481 0.0 8000
1695136560421 0.0 12000
1695136594656 0.0 16000
1695136626293 0.0 20000
1695136659421 0.0 24000
1695136692907 0.0 28000
1695136726812 0.0 32000
1695136760567 0.0 36000
1695136795190 0.0 40000
1695136829823 0.0 44000
1695136863865 0.0 48000
1695136896292 0.0 52000
1695136932743 0.0 56000
1695136966851 0.0 60000
1695136999747 0.0 64000
1695137033442 0.0 68000
1695137066498 0.0 72000
1695137103773 0.0 76000
1695137142157 0.0 80000
1695137179732 0.0 84000
1695137217154 0.0 88000
1695137252652 0.0 92000
1695137286530 0.0 96000
1695137322155 0.0 100000
1695137356697 0.0 104000
1695137389730 0.0 108000
1695137421475 0.0 112000
1695137453442 0.0 116000
1695137486543 0.0 120000
1695137518790 0.0 124000
1695137552965 0.0 128000
1695137587486 0.0 132000
1695137620381 0.0 136000
1695137652381 0.0 140000
1695137685713 0.0 144000
1695137720423 0.0 148000
1695137753126 0.0 152000
1695137785939 0.0 156000
1695137819408 0.0 160000
