1695136485606 0.0 4000
1695136522500 0.0 8000
1695136560438 0.0 12000
1695136594670 0.0 16000
1695136626307 0.0 20000
1695136659436 0.0 24000
1695136692922 0.0 28000
1695136726826 0.0 32000
1695136760582 0.0 36000
1695136795205 0.0 40000
1695136829839 0.0 44000
1695136863879 0.0 48000
1695136896308 0.0 52000
1695136932758 0.0 56000
1695136966866 0.0 60000
1695136999762 0.0 64000
1695137033458 0.0 68000
1695137066512 0.0 72000
1695137103788 0.0 76000
1695137142173 0.0 80000
1695137179747 0.0 84000
1695137217169 0.0 88000
1695137252667 0.0 92000
1695137286546 0.0 96000
1695137322168 0.0 100000
1695137356714 0.0 104000
1695137389745 0.0 108000
1695137421490 0.0 112000
1695137453455 0.0 116000
1695137486557 0.0 120000
1695137518806 0.0 124000
1695137552982 0.0 128000
1695137587499 0.0 132000
1695137620395 0.0 136000
1695137652395 0.0 140000
1695137685729 0.0 144000
1695137720439 0.0 148000
1695137753140 0.0 152000
1695137785952 0.0 156000
1695137819423 0.0 160000
