1695136485601 0.0 4000
1695136522493 0.0 8000
1695136560432 0.0 12000
1695136594665 0.0 16000
1695136626302 0.0 20000
1695136659431 0.0 24000
1695136692917 0.0 28000
1695136726821 0.0 32000
1695136760577 0.0 36000
1695136795199 0.0 40000
1695136829833 0.0 44000
1695136863874 0.0 48000
1695136896302 0.0 52000
1695136932753 0.0 56000
1695136966861 0.0 60000
1695136999757 0.0 64000
1695137033452 0.0 68000
1695137066507 0.0 72000
1695137103783 0.0 76000
1695137142167 0.0 80000
1695137179741 0.0 84000
1695137217164 0.0 88000
1695137252662 0.0 92000
1695137286540 0.0 96000
1695137322164 0.0 100000
1695137356708 0.0 104000
1695137389739 0.0 108000
1695137421484 0.0 112000
1695137453450 0.0 116000
1695137486552 0.0 120000
1695137518800 0.0 124000
1695137552976 0.0 128000
1695137587495 0.0 132000
1695137620390 0.0 136000
1695137652390 0.0 140000
1695137685723 0.0 144000
1695137720433 0.0 148000
1695137753135 0.0 152000
1695137785947 0.0 156000
1695137819418 0.0 160000
