1695136485613 0.3 4000
1695136522508 0.3 8000
1695136560445 0.3 12000
1695136594676 0.3 16000
1695136626314 0.3 20000
1695136659443 0.3 24000
1695136692929 0.3 28000
1695136726833 0.3 32000
1695136760590 0.3 36000
1695136795212 0.3 40000
1695136829847 0.3 44000
1695136863886 0.3 48000
1695136896315 0.3 52000
1695136932765 0.3 56000
1695136966872 0.3 60000
1695136999769 0.3 64000
1695137033465 0.3 68000
1695137066518 0.3 72000
1695137103796 0.3 76000
1695137142180 0.3 80000
1695137179754 0.3 84000
1695137217177 0.3 88000
1695137252674 0.3 92000
1695137286553 0.3 96000
1695137322175 0.3 100000
1695137356721 0.3 104000
1695137389751 0.3 108000
1695137421497 0.3 112000
1695137453461 0.3 116000
1695137486563 0.3 120000
1695137518813 0.3 124000
1695137552990 0.3 128000
1695137587506 0.3 132000
1695137620402 0.3 136000
1695137652401 0.3 140000
1695137685737 0.3 144000
1695137720446 0.3 148000
1695137753146 0.3 152000
1695137785959 0.3 156000
1695137819430 0.3 160000
