1695136485590 0.0 4000
1695136522478 0.0 8000
1695136560418 0.0 12000
1695136594654 0.0 16000
1695136626291 0.0 20000
1695136659419 0.0 24000
1695136692905 0.0 28000
1695136726810 0.0 32000
1695136760565 0.0 36000
1695136795188 0.0 40000
1695136829820 0.0 44000
1695136863863 0.0 48000
1695136896290 0.0 52000
1695136932741 0.0 56000
1695136966849 0.0 60000
1695136999745 0.0 64000
1695137033439 0.0 68000
1695137066495 0.0 72000
1695137103770 0.0 76000
1695137142155 0.0 80000
1695137179729 0.0 84000
1695137217152 0.0 88000
1695137252649 0.0 92000
1695137286528 0.0 96000
1695137322153 0.0 100000
1695137356695 0.0 104000
1695137389728 0.0 108000
1695137421473 0.0 112000
1695137453439 0.0 116000
1695137486540 0.0 120000
1695137518788 0.0 124000
1695137552962 0.0 128000
1695137587484 0.0 132000
1695137620378 0.0 136000
1695137652378 0.0 140000
1695137685711 0.0 144000
1695137720420 0.0 148000
1695137753123 0.0 152000
1695137785936 0.0 156000
1695137819405 0.0 160000
