1695136485615 0.0 4000
1695136522511 0.0 8000
1695136560447 0.0 12000
1695136594678 0.0 16000
1695136626316 0.0 20000
1695136659445 0.0 24000
1695136692931 0.0 28000
1695136726835 0.0 32000
1695136760592 0.0 36000
1695136795214 0.0 40000
1695136829849 0.0 44000
1695136863888 0.0 48000
1695136896317 0.0 52000
1695136932767 0.0 56000
1695136966874 0.0 60000
1695136999771 0.0 64000
1695137033468 0.0 68000
1695137066521 0.0 72000
1695137103798 0.0 76000
1695137142182 0.0 80000
1695137179756 0.0 84000
1695137217179 0.0 88000
1695137252677 0.0 92000
1695137286555 0.0 96000
1695137322177 0.0 100000
1695137356724 0.0 104000
1695137389753 0.0 108000
1695137421499 0.0 112000
1695137453463 0.0 116000
1695137486565 0.0 120000
1695137518815 0.0 124000
1695137552992 0.0 128000
1695137587508 0.0 132000
1695137620404 0.0 136000
1695137652403 0.0 140000
1695137685739 0.0 144000
1695137720448 0.0 148000
1695137753148 0.0 152000
1695137785960 0.0 156000
1695137819432 0.0 160000
