1695136485604 60.0 4000
1695136522497 60.0 8000
1695136560435 60.0 12000
1695136594668 60.0 16000
1695136626305 60.0 20000
1695136659433 60.0 24000
1695136692920 60.0 28000
1695136726824 60.0 32000
1695136760580 60.0 36000
1695136795202 60.0 40000
1695136829836 60.0 44000
1695136863877 60.0 48000
1695136896305 60.0 52000
1695136932756 60.0 56000
1695136966863 60.0 60000
1695136999760 60.0 64000
1695137033455 60.0 68000
1695137066509 60.0 72000
1695137103786 60.0 76000
1695137142170 60.0 80000
1695137179744 60.0 84000
1695137217167 60.0 88000
1695137252665 60.0 92000
1695137286543 60.0 96000
1695137322166 60.0 100000
1695137356711 60.0 104000
1695137389742 60.0 108000
1695137421487 60.0 112000
1695137453453 60.0 116000
1695137486555 60.0 120000
1695137518803 60.0 124000
1695137552980 60.0 128000
1695137587497 60.0 132000
1695137620393 60.0 136000
1695137652392 60.0 140000
1695137685727 60.0 144000
1695137720436 60.0 148000
1695137753138 60.0 152000
1695137785950 60.0 156000
1695137819420 60.0 160000
