1695136485586 0.0 4000
1695136522473 0.0 8000
1695136560413 0.0 12000
1695136594650 0.0 16000
1695136626287 0.0 20000
1695136659415 0.0 24000
1695136692901 0.0 28000
1695136726806 0.0 32000
1695136760561 0.0 36000
1695136795184 0.0 40000
1695136829815 0.0 44000
1695136863859 0.0 48000
1695136896286 0.0 52000
1695136932737 0.0 56000
1695136966845 0.0 60000
1695136999741 0.0 64000
1695137033435 0.0 68000
1695137066491 0.0 72000
1695137103766 0.0 76000
1695137142150 0.0 80000
1695137179725 0.0 84000
1695137217147 0.0 88000
1695137252645 0.0 92000
1695137286524 0.0 96000
1695137322149 0.0 100000
1695137356689 0.0 104000
1695137389724 0.0 108000
1695137421469 0.0 112000
1695137453435 0.0 116000
1695137486536 0.0 120000
1695137518783 0.0 124000
1695137552956 0.0 128000
1695137587480 0.0 132000
1695137620375 0.0 136000
1695137652374 0.0 140000
1695137685707 0.0 144000
1695137720416 0.0 148000
1695137753119 0.0 152000
1695137785933 0.0 156000
1695137819401 0.0 160000
