1695136485584 20.0 4000
1695136522471 20.0 8000
1695136560411 20.0 12000
1695136594649 20.0 16000
1695136626285 20.0 20000
1695136659413 20.0 24000
1695136692899 20.0 28000
1695136726804 20.0 32000
1695136760559 20.0 36000
1695136795182 20.0 40000
1695136829814 20.0 44000
1695136863858 20.0 48000
1695136896284 20.0 52000
1695136932735 20.0 56000
1695136966843 20.0 60000
1695136999739 20.0 64000
1695137033433 20.0 68000
1695137066490 20.0 72000
1695137103764 20.0 76000
1695137142148 20.0 80000
1695137179723 20.0 84000
1695137217146 20.0 88000
1695137252644 20.0 92000
1695137286522 20.0 96000
1695137322147 20.0 100000
1695137356687 20.0 104000
1695137389722 20.0 108000
1695137421467 20.0 112000
1695137453434 20.0 116000
1695137486535 20.0 120000
1695137518782 20.0 124000
1695137552954 20.0 128000
1695137587478 20.0 132000
1695137620373 20.0 136000
1695137652373 20.0 140000
1695137685705 20.0 144000
1695137720414 20.0 148000
1695137753118 20.0 152000
1695137785931 20.0 156000
1695137819399 20.0 160000
