1695136485584 0.0 4000
1695136522471 0.0 8000
1695136560411 0.0 12000
1695136594648 0.0 16000
1695136626285 0.0 20000
1695136659413 0.0 24000
1695136692898 0.0 28000
1695136726804 0.0 32000
1695136760559 0.0 36000
1695136795181 0.0 40000
1695136829813 0.0 44000
1695136863857 0.0 48000
1695136896283 0.0 52000
1695136932735 0.0 56000
1695136966843 0.0 60000
1695136999739 0.0 64000
1695137033433 0.0 68000
1695137066489 0.0 72000
1695137103763 0.0 76000
1695137142148 0.0 80000
1695137179723 0.0 84000
1695137217145 0.0 88000
1695137252643 0.0 92000
1695137286522 0.0 96000
1695137322147 0.0 100000
1695137356687 0.0 104000
1695137389722 0.0 108000
1695137421466 0.0 112000
1695137453434 0.0 116000
1695137486534 0.0 120000
1695137518781 0.0 124000
1695137552953 0.0 128000
1695137587478 0.0 132000
1695137620373 0.0 136000
1695137652372 0.0 140000
1695137685704 0.0 144000
1695137720414 0.0 148000
1695137753117 0.0 152000
1695137785931 0.0 156000
1695137819399 0.0 160000
