1695136485588 1.0 4000
1695136522476 1.0 8000
1695136560415 1.0 12000
1695136594652 1.0 16000
1695136626289 1.0 20000
1695136659417 1.0 24000
1695136692903 1.0 28000
1695136726808 1.0 32000
1695136760563 1.0 36000
1695136795186 1.0 40000
1695136829818 1.0 44000
1695136863861 1.0 48000
1695136896288 1.0 52000
1695136932739 1.0 56000
1695136966847 1.0 60000
1695136999743 1.0 64000
1695137033437 1.0 68000
1695137066493 1.0 72000
1695137103768 1.0 76000
1695137142152 1.0 80000
1695137179727 1.0 84000
1695137217149 1.0 88000
1695137252647 1.0 92000
1695137286526 1.0 96000
1695137322151 1.0 100000
1695137356692 1.0 104000
1695137389726 1.0 108000
1695137421471 1.0 112000
1695137453437 1.0 116000
1695137486538 1.0 120000
1695137518786 1.0 124000
1695137552959 1.0 128000
1695137587482 1.0 132000
1695137620377 1.0 136000
1695137652376 1.0 140000
1695137685709 1.0 144000
1695137720418 1.0 148000
1695137753121 1.0 152000
1695137785934 1.0 156000
1695137819403 1.0 160000
