1695136485613 0.001 4000
1695136522508 0.001 8000
1695136560445 0.001 12000
1695136594676 0.001 16000
1695136626313 0.001 20000
1695136659442 0.001 24000
1695136692928 0.001 28000
1695136726832 0.001 32000
1695136760589 0.001 36000
1695136795211 0.001 40000
1695136829846 0.001 44000
1695136863885 0.001 48000
1695136896314 0.001 52000
1695136932765 0.001 56000
1695136966872 0.001 60000
1695136999769 0.001 64000
1695137033465 0.001 68000
1695137066518 0.001 72000
1695137103795 0.001 76000
1695137142180 0.001 80000
1695137179753 0.001 84000
1695137217176 0.001 88000
1695137252674 0.001 92000
1695137286553 0.001 96000
1695137322175 0.001 100000
1695137356721 0.001 104000
1695137389751 0.001 108000
1695137421496 0.001 112000
1695137453461 0.001 116000
1695137486563 0.001 120000
1695137518813 0.001 124000
1695137552989 0.001 128000
1695137587505 0.001 132000
1695137620401 0.001 136000
1695137652401 0.001 140000
1695137685736 0.001 144000
1695137720446 0.001 148000
1695137753146 0.001 152000
1695137785958 0.001 156000
1695137819430 0.001 160000
