1695136485593 1.0 4000
1695136522482 1.0 8000
1695136560421 1.0 12000
1695136594657 1.0 16000
1695136626293 1.0 20000
1695136659422 1.0 24000
1695136692908 1.0 28000
1695136726813 1.0 32000
1695136760568 1.0 36000
1695136795191 1.0 40000
1695136829823 1.0 44000
1695136863866 1.0 48000
1695136896293 1.0 52000
1695136932744 1.0 56000
1695136966852 1.0 60000
1695136999748 1.0 64000
1695137033442 1.0 68000
1695137066498 1.0 72000
1695137103773 1.0 76000
1695137142158 1.0 80000
1695137179732 1.0 84000
1695137217154 1.0 88000
1695137252652 1.0 92000
1695137286531 1.0 96000
1695137322155 1.0 100000
1695137356698 1.0 104000
1695137389730 1.0 108000
1695137421476 1.0 112000
1695137453442 1.0 116000
1695137486543 1.0 120000
1695137518791 1.0 124000
1695137552966 1.0 128000
1695137587486 1.0 132000
1695137620381 1.0 136000
1695137652381 1.0 140000
1695137685714 1.0 144000
1695137720424 1.0 148000
1695137753126 1.0 152000
1695137785939 1.0 156000
1695137819408 1.0 160000
