1695136485602 0.0 4000
1695136522494 0.0 8000
1695136560433 0.0 12000
1695136594666 0.0 16000
1695136626303 0.0 20000
1695136659431 0.0 24000
1695136692918 0.0 28000
1695136726822 0.0 32000
1695136760578 0.0 36000
1695136795200 0.0 40000
1695136829834 0.0 44000
1695136863875 0.0 48000
1695136896303 0.0 52000
1695136932754 0.0 56000
1695136966861 0.0 60000
1695136999758 0.0 64000
1695137033453 0.0 68000
1695137066507 0.0 72000
1695137103784 0.0 76000
1695137142168 0.0 80000
1695137179742 0.0 84000
1695137217165 0.0 88000
1695137252663 0.0 92000
1695137286541 0.0 96000
1695137322164 0.0 100000
1695137356709 0.0 104000
1695137389740 0.0 108000
1695137421485 0.0 112000
1695137453451 0.0 116000
1695137486553 0.0 120000
1695137518801 0.0 124000
1695137552977 0.0 128000
1695137587495 0.0 132000
1695137620391 0.0 136000
1695137652390 0.0 140000
1695137685724 0.0 144000
1695137720434 0.0 148000
1695137753135 0.0 152000
1695137785948 0.0 156000
1695137819418 0.0 160000
