1695136485591 0.99 4000
1695136522479 0.99 8000
1695136560419 0.99 12000
1695136594655 0.99 16000
1695136626291 0.99 20000
1695136659420 0.99 24000
1695136692906 0.99 28000
1695136726810 0.99 32000
1695136760566 0.99 36000
1695136795189 0.99 40000
1695136829821 0.99 44000
1695136863864 0.99 48000
1695136896291 0.99 52000
1695136932742 0.99 56000
1695136966850 0.99 60000
1695136999745 0.99 64000
1695137033440 0.99 68000
1695137066496 0.99 72000
1695137103771 0.99 76000
1695137142155 0.99 80000
1695137179730 0.99 84000
1695137217152 0.99 88000
1695137252650 0.99 92000
1695137286529 0.99 96000
1695137322153 0.99 100000
1695137356696 0.99 104000
1695137389728 0.99 108000
1695137421473 0.99 112000
1695137453440 0.99 116000
1695137486541 0.99 120000
1695137518789 0.99 124000
1695137552963 0.99 128000
1695137587484 0.99 132000
1695137620379 0.99 136000
1695137652379 0.99 140000
1695137685712 0.99 144000
1695137720421 0.99 148000
1695137753124 0.99 152000
1695137785937 0.99 156000
1695137819406 0.99 160000
