1695136485609 -1.0 4000
1695136522503 -1.0 8000
1695136560440 -1.0 12000
1695136594672 -1.0 16000
1695136626310 -1.0 20000
1695136659438 -1.0 24000
1695136692924 -1.0 28000
1695136726829 -1.0 32000
1695136760585 -1.0 36000
1695136795207 -1.0 40000
1695136829841 -1.0 44000
1695136863882 -1.0 48000
1695136896310 -1.0 52000
1695136932760 -1.0 56000
1695136966868 -1.0 60000
1695136999765 -1.0 64000
1695137033461 -1.0 68000
1695137066514 -1.0 72000
1695137103791 -1.0 76000
1695137142176 -1.0 80000
1695137179749 -1.0 84000
1695137217172 -1.0 88000
1695137252670 -1.0 92000
1695137286548 -1.0 96000
1695137322171 -1.0 100000
1695137356717 -1.0 104000
1695137389747 -1.0 108000
1695137421492 -1.0 112000
1695137453457 -1.0 116000
1695137486559 -1.0 120000
1695137518808 -1.0 124000
1695137552985 -1.0 128000
1695137587502 -1.0 132000
1695137620398 -1.0 136000
1695137652397 -1.0 140000
1695137685732 -1.0 144000
1695137720441 -1.0 148000
1695137753142 -1.0 152000
1695137785954 -1.0 156000
1695137819426 -1.0 160000
