1695136485599 0.0 4000
1695136522490 0.0 8000
1695136560429 0.0 12000
1695136594663 0.0 16000
1695136626300 0.0 20000
1695136659428 0.0 24000
1695136692914 0.0 28000
1695136726819 0.0 32000
1695136760575 0.0 36000
1695136795197 0.0 40000
1695136829830 0.0 44000
1695136863872 0.0 48000
1695136896300 0.0 52000
1695136932750 0.0 56000
1695136966858 0.0 60000
1695136999755 0.0 64000
1695137033450 0.0 68000
1695137066504 0.0 72000
1695137103780 0.0 76000
1695137142165 0.0 80000
1695137179739 0.0 84000
1695137217161 0.0 88000
1695137252659 0.0 92000
1695137286538 0.0 96000
1695137322161 0.0 100000
1695137356705 0.0 104000
1695137389737 0.0 108000
1695137421482 0.0 112000
1695137453448 0.0 116000
1695137486549 0.0 120000
1695137518798 0.0 124000
1695137552973 0.0 128000
1695137587492 0.0 132000
1695137620388 0.0 136000
1695137652387 0.0 140000
1695137685721 0.0 144000
1695137720430 0.0 148000
1695137753132 0.0 152000
1695137785945 0.0 156000
1695137819415 0.0 160000
