1695136485611 0.2 4000
1695136522505 0.2 8000
1695136560442 0.2 12000
1695136594674 0.2 16000
1695136626312 0.2 20000
1695136659440 0.2 24000
1695136692926 0.2 28000
1695136726830 0.2 32000
1695136760587 0.2 36000
1695136795209 0.2 40000
1695136829844 0.2 44000
1695136863884 0.2 48000
1695136896312 0.2 52000
1695136932762 0.2 56000
1695136966870 0.2 60000
1695136999767 0.2 64000
1695137033463 0.2 68000
1695137066516 0.2 72000
1695137103793 0.2 76000
1695137142178 0.2 80000
1695137179751 0.2 84000
1695137217174 0.2 88000
1695137252672 0.2 92000
1695137286550 0.2 96000
1695137322173 0.2 100000
1695137356719 0.2 104000
1695137389749 0.2 108000
1695137421494 0.2 112000
1695137453459 0.2 116000
1695137486561 0.2 120000
1695137518811 0.2 124000
1695137552987 0.2 128000
1695137587504 0.2 132000
1695137620400 0.2 136000
1695137652399 0.2 140000
1695137685734 0.2 144000
1695137720443 0.2 148000
1695137753144 0.2 152000
1695137785956 0.2 156000
1695137819428 0.2 160000
