1695136485614 0.01 4000
1695136522509 0.01 8000
1695136560446 0.01 12000
1695136594677 0.01 16000
1695136626315 0.01 20000
1695136659443 0.01 24000
1695136692930 0.01 28000
1695136726834 0.01 32000
1695136760590 0.01 36000
1695136795213 0.01 40000
1695136829848 0.01 44000
1695136863887 0.01 48000
1695136896315 0.01 52000
1695136932766 0.01 56000
1695136966873 0.01 60000
1695136999770 0.01 64000
1695137033466 0.01 68000
1695137066519 0.01 72000
1695137103796 0.01 76000
1695137142181 0.01 80000
1695137179755 0.01 84000
1695137217177 0.01 88000
1695137252675 0.01 92000
1695137286554 0.01 96000
1695137322176 0.01 100000
1695137356722 0.01 104000
1695137389752 0.01 108000
1695137421497 0.01 112000
1695137453462 0.01 116000
1695137486564 0.01 120000
1695137518814 0.01 124000
1695137552991 0.01 128000
1695137587507 0.01 132000
1695137620403 0.01 136000
1695137652402 0.01 140000
1695137685738 0.01 144000
1695137720447 0.01 148000
1695137753147 0.01 152000
1695137785959 0.01 156000
1695137819431 0.01 160000
