1695136485584 0.0 4000
1695136522470 0.0 8000
1695136560410 0.0 12000
1695136594648 0.0 16000
1695136626284 0.0 20000
1695136659412 0.0 24000
1695136692898 0.0 28000
1695136726803 0.0 32000
1695136760558 0.0 36000
1695136795181 0.0 40000
1695136829813 0.0 44000
1695136863857 0.0 48000
1695136896283 0.0 52000
1695136932734 0.0 56000
1695136966842 0.0 60000
1695136999738 0.0 64000
1695137033432 0.0 68000
1695137066489 0.0 72000
1695137103763 0.0 76000
1695137142147 0.0 80000
1695137179723 0.0 84000
1695137217145 0.0 88000
1695137252643 0.0 92000
1695137286521 0.0 96000
1695137322147 0.0 100000
1695137356686 0.0 104000
1695137389721 0.0 108000
1695137421466 0.0 112000
1695137453433 0.0 116000
1695137486534 0.0 120000
1695137518781 0.0 124000
1695137552953 0.0 128000
1695137587477 0.0 132000
1695137620372 0.0 136000
1695137652372 0.0 140000
1695137685704 0.0 144000
1695137720413 0.0 148000
1695137753117 0.0 152000
1695137785930 0.0 156000
1695137819398 0.0 160000
