1695136485602 1.0 4000
1695136522494 1.0 8000
1695136560432 1.0 12000
1695136594665 1.0 16000
1695136626303 1.0 20000
1695136659431 1.0 24000
1695136692917 1.0 28000
1695136726821 1.0 32000
1695136760578 1.0 36000
1695136795200 1.0 40000
1695136829833 1.0 44000
1695136863875 1.0 48000
1695136896302 1.0 52000
1695136932753 1.0 56000
1695136966861 1.0 60000
1695136999757 1.0 64000
1695137033453 1.0 68000
1695137066507 1.0 72000
1695137103783 1.0 76000
1695137142168 1.0 80000
1695137179742 1.0 84000
1695137217164 1.0 88000
1695137252662 1.0 92000
1695137286541 1.0 96000
1695137322164 1.0 100000
1695137356708 1.0 104000
1695137389740 1.0 108000
1695137421485 1.0 112000
1695137453451 1.0 116000
1695137486552 1.0 120000
1695137518801 1.0 124000
1695137552977 1.0 128000
1695137587495 1.0 132000
1695137620390 1.0 136000
1695137652390 1.0 140000
1695137685724 1.0 144000
1695137720433 1.0 148000
1695137753135 1.0 152000
1695137785948 1.0 156000
1695137819418 1.0 160000
