1695136485592 5e-05 4000
1695136522480 5e-05 8000
1695136560419 5e-05 12000
1695136594655 5e-05 16000
1695136626292 5e-05 20000
1695136659420 5e-05 24000
1695136692906 5e-05 28000
1695136726811 5e-05 32000
1695136760566 5e-05 36000
1695136795189 5e-05 40000
1695136829821 5e-05 44000
1695136863864 5e-05 48000
1695136896291 5e-05 52000
1695136932742 5e-05 56000
1695136966850 5e-05 60000
1695136999746 5e-05 64000
1695137033441 5e-05 68000
1695137066496 5e-05 72000
1695137103771 5e-05 76000
1695137142156 5e-05 80000
1695137179730 5e-05 84000
1695137217153 5e-05 88000
1695137252651 5e-05 92000
1695137286529 5e-05 96000
1695137322154 5e-05 100000
1695137356696 5e-05 104000
1695137389729 5e-05 108000
1695137421474 5e-05 112000
1695137453440 5e-05 116000
1695137486541 5e-05 120000
1695137518789 5e-05 124000
1695137552963 5e-05 128000
1695137587485 5e-05 132000
1695137620380 5e-05 136000
1695137652379 5e-05 140000
1695137685712 5e-05 144000
1695137720422 5e-05 148000
1695137753125 5e-05 152000
1695137785937 5e-05 156000
1695137819406 5e-05 160000
