1695136485604 1000.0 4000
1695136522496 1000.0 8000
1695136560434 1000.0 12000
1695136594667 1000.0 16000
1695136626305 1000.0 20000
1695136659433 1000.0 24000
1695136692919 1000.0 28000
1695136726823 1000.0 32000
1695136760580 1000.0 36000
1695136795202 1000.0 40000
1695136829836 1000.0 44000
1695136863877 1000.0 48000
1695136896305 1000.0 52000
1695136932755 1000.0 56000
1695136966863 1000.0 60000
1695136999759 1000.0 64000
1695137033455 1000.0 68000
1695137066509 1000.0 72000
1695137103785 1000.0 76000
1695137142170 1000.0 80000
1695137179744 1000.0 84000
1695137217166 1000.0 88000
1695137252664 1000.0 92000
1695137286543 1000.0 96000
1695137322166 1000.0 100000
1695137356711 1000.0 104000
1695137389742 1000.0 108000
1695137421487 1000.0 112000
1695137453452 1000.0 116000
1695137486554 1000.0 120000
1695137518803 1000.0 124000
1695137552979 1000.0 128000
1695137587497 1000.0 132000
1695137620392 1000.0 136000
1695137652392 1000.0 140000
1695137685726 1000.0 144000
1695137720436 1000.0 148000
1695137753137 1000.0 152000
1695137785950 1000.0 156000
1695137819420 1000.0 160000
