1695136485593 2.0 4000
1695136522481 2.0 8000
1695136560420 2.0 12000
1695136594656 2.0 16000
1695136626293 2.0 20000
1695136659421 2.0 24000
1695136692907 2.0 28000
1695136726812 2.0 32000
1695136760567 2.0 36000
1695136795190 2.0 40000
1695136829822 2.0 44000
1695136863865 2.0 48000
1695136896292 2.0 52000
1695136932743 2.0 56000
1695136966851 2.0 60000
1695136999747 2.0 64000
1695137033442 2.0 68000
1695137066497 2.0 72000
1695137103772 2.0 76000
1695137142157 2.0 80000
1695137179731 2.0 84000
1695137217154 2.0 88000
1695137252651 2.0 92000
1695137286530 2.0 96000
1695137322154 2.0 100000
1695137356697 2.0 104000
1695137389730 2.0 108000
1695137421475 2.0 112000
1695137453441 2.0 116000
1695137486542 2.0 120000
1695137518790 2.0 124000
1695137552965 2.0 128000
1695137587485 2.0 132000
1695137620381 2.0 136000
1695137652380 2.0 140000
1695137685713 2.0 144000
1695137720423 2.0 148000
1695137753125 2.0 152000
1695137785938 2.0 156000
1695137819407 2.0 160000
