1695136485600 100.0 4000
1695136522491 100.0 8000
1695136560430 100.0 12000
1695136594664 100.0 16000
1695136626301 100.0 20000
1695136659429 100.0 24000
1695136692915 100.0 28000
1695136726820 100.0 32000
1695136760575 100.0 36000
1695136795198 100.0 40000
1695136829831 100.0 44000
1695136863873 100.0 48000
1695136896300 100.0 52000
1695136932751 100.0 56000
1695136966859 100.0 60000
1695136999755 100.0 64000
1695137033451 100.0 68000
1695137066505 100.0 72000
1695137103781 100.0 76000
1695137142166 100.0 80000
1695137179739 100.0 84000
1695137217162 100.0 88000
1695137252660 100.0 92000
1695137286539 100.0 96000
1695137322162 100.0 100000
1695137356706 100.0 104000
1695137389738 100.0 108000
1695137421483 100.0 112000
1695137453449 100.0 116000
1695137486550 100.0 120000
1695137518799 100.0 124000
1695137552974 100.0 128000
1695137587493 100.0 132000
1695137620389 100.0 136000
1695137652388 100.0 140000
1695137685722 100.0 144000
1695137720431 100.0 148000
1695137753133 100.0 152000
1695137785946 100.0 156000
1695137819416 100.0 160000
