1695136485599 60.0 4000
1695136522491 60.0 8000
1695136560429 60.0 12000
1695136594663 60.0 16000
1695136626300 60.0 20000
1695136659429 60.0 24000
1695136692915 60.0 28000
1695136726819 60.0 32000
1695136760575 60.0 36000
1695136795197 60.0 40000
1695136829831 60.0 44000
1695136863872 60.0 48000
1695136896300 60.0 52000
1695136932751 60.0 56000
1695136966859 60.0 60000
1695136999755 60.0 64000
1695137033450 60.0 68000
1695137066505 60.0 72000
1695137103781 60.0 76000
1695137142165 60.0 80000
1695137179739 60.0 84000
1695137217162 60.0 88000
1695137252660 60.0 92000
1695137286538 60.0 96000
1695137322162 60.0 100000
1695137356706 60.0 104000
1695137389737 60.0 108000
1695137421482 60.0 112000
1695137453448 60.0 116000
1695137486550 60.0 120000
1695137518798 60.0 124000
1695137552974 60.0 128000
1695137587493 60.0 132000
1695137620388 60.0 136000
1695137652388 60.0 140000
1695137685721 60.0 144000
1695137720431 60.0 148000
1695137753133 60.0 152000
1695137785946 60.0 156000
1695137819415 60.0 160000
