1695136485600 0.0 4000
1695136522492 0.0 8000
1695136560430 0.0 12000
1695136594664 0.0 16000
1695136626301 0.0 20000
1695136659429 0.0 24000
1695136692916 0.0 28000
1695136726820 0.0 32000
1695136760576 0.0 36000
1695136795198 0.0 40000
1695136829832 0.0 44000
1695136863873 0.0 48000
1695136896301 0.0 52000
1695136932752 0.0 56000
1695136966859 0.0 60000
1695136999756 0.0 64000
1695137033451 0.0 68000
1695137066505 0.0 72000
1695137103781 0.0 76000
1695137142166 0.0 80000
1695137179740 0.0 84000
1695137217163 0.0 88000
1695137252661 0.0 92000
1695137286539 0.0 96000
1695137322162 0.0 100000
1695137356707 0.0 104000
1695137389738 0.0 108000
1695137421483 0.0 112000
1695137453449 0.0 116000
1695137486551 0.0 120000
1695137518799 0.0 124000
1695137552975 0.0 128000
1695137587493 0.0 132000
1695137620389 0.0 136000
1695137652388 0.0 140000
1695137685722 0.0 144000
1695137720432 0.0 148000
1695137753133 0.0 152000
1695137785946 0.0 156000
1695137819416 0.0 160000
