1695136485585 1.0 4000
1695136522472 1.0 8000
1695136560412 1.0 12000
1695136594649 1.0 16000
1695136626286 1.0 20000
1695136659414 1.0 24000
1695136692900 1.0 28000
1695136726805 1.0 32000
1695136760560 1.0 36000
1695136795183 1.0 40000
1695136829814 1.0 44000
1695136863858 1.0 48000
1695136896285 1.0 52000
1695136932736 1.0 56000
1695136966844 1.0 60000
1695136999740 1.0 64000
1695137033434 1.0 68000
1695137066490 1.0 72000
1695137103765 1.0 76000
1695137142149 1.0 80000
1695137179724 1.0 84000
1695137217146 1.0 88000
1695137252644 1.0 92000
1695137286523 1.0 96000
1695137322148 1.0 100000
1695137356689 1.0 104000
1695137389723 1.0 108000
1695137421468 1.0 112000
1695137453435 1.0 116000
1695137486535 1.0 120000
1695137518783 1.0 124000
1695137552955 1.0 128000
1695137587479 1.0 132000
1695137620374 1.0 136000
1695137652374 1.0 140000
1695137685706 1.0 144000
1695137720415 1.0 148000
1695137753119 1.0 152000
1695137785932 1.0 156000
1695137819400 1.0 160000
