1695136485583 1.0 4000
1695136522470 1.0 8000
1695136560410 1.0 12000
1695136594647 1.0 16000
1695136626284 1.0 20000
1695136659412 1.0 24000
1695136692898 1.0 28000
1695136726803 1.0 32000
1695136760558 1.0 36000
1695136795181 1.0 40000
1695136829812 1.0 44000
1695136863856 1.0 48000
1695136896283 1.0 52000
1695136932734 1.0 56000
1695136966842 1.0 60000
1695136999738 1.0 64000
1695137033431 1.0 68000
1695137066488 1.0 72000
1695137103762 1.0 76000
1695137142147 1.0 80000
1695137179722 1.0 84000
1695137217144 1.0 88000
1695137252642 1.0 92000
1695137286521 1.0 96000
1695137322146 1.0 100000
1695137356686 1.0 104000
1695137389721 1.0 108000
1695137421466 1.0 112000
1695137453433 1.0 116000
1695137486533 1.0 120000
1695137518781 1.0 124000
1695137552952 1.0 128000
1695137587477 1.0 132000
1695137620372 1.0 136000
1695137652371 1.0 140000
1695137685704 1.0 144000
1695137720413 1.0 148000
1695137753117 1.0 152000
1695137785930 1.0 156000
1695137819398 1.0 160000
