1695136485605 100.0 4000
1695136522498 100.0 8000
1695136560436 100.0 12000
1695136594668 100.0 16000
1695136626306 100.0 20000
1695136659434 100.0 24000
1695136692920 100.0 28000
1695136726825 100.0 32000
1695136760581 100.0 36000
1695136795203 100.0 40000
1695136829837 100.0 44000
1695136863878 100.0 48000
1695136896306 100.0 52000
1695136932756 100.0 56000
1695136966864 100.0 60000
1695136999761 100.0 64000
1695137033456 100.0 68000
1695137066510 100.0 72000
1695137103787 100.0 76000
1695137142171 100.0 80000
1695137179745 100.0 84000
1695137217168 100.0 88000
1695137252666 100.0 92000
1695137286544 100.0 96000
1695137322167 100.0 100000
1695137356712 100.0 104000
1695137389743 100.0 108000
1695137421488 100.0 112000
1695137453454 100.0 116000
1695137486555 100.0 120000
1695137518804 100.0 124000
1695137552980 100.0 128000
1695137587498 100.0 132000
1695137620394 100.0 136000
1695137652393 100.0 140000
1695137685727 100.0 144000
1695137720437 100.0 148000
1695137753138 100.0 152000
1695137785951 100.0 156000
1695137819421 100.0 160000
