1695136485612 30.0 4000
1695136522506 30.0 8000
1695136560443 30.0 12000
1695136594675 30.0 16000
1695136626312 30.0 20000
1695136659441 30.0 24000
1695136692927 30.0 28000
1695136726831 30.0 32000
1695136760588 30.0 36000
1695136795210 30.0 40000
1695136829845 30.0 44000
1695136863884 30.0 48000
1695136896313 30.0 52000
1695136932763 30.0 56000
1695136966871 30.0 60000
1695136999768 30.0 64000
1695137033464 30.0 68000
1695137066517 30.0 72000
1695137103794 30.0 76000
1695137142179 30.0 80000
1695137179752 30.0 84000
1695137217175 30.0 88000
1695137252672 30.0 92000
1695137286551 30.0 96000
1695137322173 30.0 100000
1695137356720 30.0 104000
1695137389750 30.0 108000
1695137421495 30.0 112000
1695137453460 30.0 116000
1695137486562 30.0 120000
1695137518811 30.0 124000
1695137552988 30.0 128000
1695137587504 30.0 132000
1695137620400 30.0 136000
1695137652400 30.0 140000
1695137685735 30.0 144000
1695137720444 30.0 148000
1695137753145 30.0 152000
1695137785957 30.0 156000
1695137819429 30.0 160000
