1695136485588 1.0 4000
1695136522475 1.0 8000
1695136560414 1.0 12000
1695136594651 1.0 16000
1695136626288 1.0 20000
1695136659416 1.0 24000
1695136692902 1.0 28000
1695136726807 1.0 32000
1695136760562 1.0 36000
1695136795185 1.0 40000
1695136829817 1.0 44000
1695136863860 1.0 48000
1695136896287 1.0 52000
1695136932738 1.0 56000
1695136966846 1.0 60000
1695136999742 1.0 64000
1695137033436 1.0 68000
1695137066492 1.0 72000
1695137103767 1.0 76000
1695137142151 1.0 80000
1695137179726 1.0 84000
1695137217149 1.0 88000
1695137252646 1.0 92000
1695137286525 1.0 96000
1695137322150 1.0 100000
1695137356691 1.0 104000
1695137389725 1.0 108000
1695137421470 1.0 112000
1695137453437 1.0 116000
1695137486537 1.0 120000
1695137518785 1.0 124000
1695137552958 1.0 128000
1695137587481 1.0 132000
1695137620376 1.0 136000
1695137652376 1.0 140000
1695137685708 1.0 144000
1695137720417 1.0 148000
1695137753121 1.0 152000
1695137785934 1.0 156000
1695137819402 1.0 160000
