1695136485615 1.0 4000
1695136522511 1.0 8000
1695136560448 1.0 12000
1695136594679 1.0 16000
1695136626316 1.0 20000
1695136659445 1.0 24000
1695136692931 1.0 28000
1695136726835 1.0 32000
1695136760592 1.0 36000
1695136795214 1.0 40000
1695136829849 1.0 44000
1695136863888 1.0 48000
1695136896317 1.0 52000
1695136932767 1.0 56000
1695136966875 1.0 60000
1695136999772 1.0 64000
1695137033468 1.0 68000
1695137066521 1.0 72000
1695137103798 1.0 76000
1695137142183 1.0 80000
1695137179756 1.0 84000
1695137217179 1.0 88000
1695137252677 1.0 92000
1695137286555 1.0 96000
1695137322177 1.0 100000
1695137356724 1.0 104000
1695137389753 1.0 108000
1695137421499 1.0 112000
1695137453464 1.0 116000
1695137486566 1.0 120000
1695137518816 1.0 124000
1695137552992 1.0 128000
1695137587508 1.0 132000
1695137620404 1.0 136000
1695137652403 1.0 140000
1695137685739 1.0 144000
1695137720449 1.0 148000
1695137753149 1.0 152000
1695137785961 1.0 156000
1695137819433 1.0 160000
