1695136485583 0.0 4000
1695136522469 0.0 8000
1695136560409 0.0 12000
1695136594647 0.0 16000
1695136626283 0.0 20000
1695136659411 0.0 24000
1695136692897 0.0 28000
1695136726803 0.0 32000
1695136760557 0.0 36000
1695136795180 0.0 40000
1695136829812 0.0 44000
1695136863856 0.0 48000
1695136896282 0.0 52000
1695136932733 0.0 56000
1695136966842 0.0 60000
1695136999737 0.0 64000
1695137033431 0.0 68000
1695137066488 0.0 72000
1695137103762 0.0 76000
1695137142146 0.0 80000
1695137179722 0.0 84000
1695137217144 0.0 88000
1695137252642 0.0 92000
1695137286520 0.0 96000
1695137322146 0.0 100000
1695137356685 0.0 104000
1695137389720 0.0 108000
1695137421465 0.0 112000
1695137453432 0.0 116000
1695137486533 0.0 120000
1695137518780 0.0 124000
1695137552952 0.0 128000
1695137587477 0.0 132000
1695137620372 0.0 136000
1695137652371 0.0 140000
1695137685703 0.0 144000
1695137720413 0.0 148000
1695137753116 0.0 152000
1695137785930 0.0 156000
1695137819397 0.0 160000
