1695136485582 0.0 4000
1695136522468 0.0 8000
1695136560408 0.0 12000
1695136594646 0.0 16000
1695136626282 0.0 20000
1695136659410 0.0 24000
1695136692896 0.0 28000
1695136726801 0.0 32000
1695136760556 0.0 36000
1695136795179 0.0 40000
1695136829810 0.0 44000
1695136863855 0.0 48000
1695136896281 0.0 52000
1695136932732 0.0 56000
1695136966840 0.0 60000
1695136999736 0.0 64000
1695137033430 0.0 68000
1695137066487 0.0 72000
1695137103761 0.0 76000
1695137142145 0.0 80000
1695137179720 0.0 84000
1695137217142 0.0 88000
1695137252641 0.0 92000
1695137286519 0.0 96000
1695137322145 0.0 100000
1695137356684 0.0 104000
1695137389719 0.0 108000
1695137421464 0.0 112000
1695137453431 0.0 116000
1695137486532 0.0 120000
1695137518779 0.0 124000
1695137552951 0.0 128000
1695137587475 0.0 132000
1695137620370 0.0 136000
1695137652370 0.0 140000
1695137685702 0.0 144000
1695137720411 0.0 148000
1695137753115 0.0 152000
1695137785928 0.0 156000
1695137819396 0.0 160000
