1695136485581 1.0 4000
1695136522467 1.0 8000
1695136560407 1.0 12000
1695136594646 1.0 16000
1695136626282 1.0 20000
1695136659410 1.0 24000
1695136692895 1.0 28000
1695136726801 1.0 32000
1695136760556 1.0 36000
1695136795178 1.0 40000
1695136829810 1.0 44000
1695136863854 1.0 48000
1695136896280 1.0 52000
1695136932732 1.0 56000
1695136966840 1.0 60000
1695136999735 1.0 64000
1695137033429 1.0 68000
1695137066486 1.0 72000
1695137103760 1.0 76000
1695137142145 1.0 80000
1695137179720 1.0 84000
1695137217142 1.0 88000
1695137252640 1.0 92000
1695137286519 1.0 96000
1695137322144 1.0 100000
1695137356683 1.0 104000
1695137389719 1.0 108000
1695137421463 1.0 112000
1695137453431 1.0 116000
1695137486531 1.0 120000
1695137518778 1.0 124000
1695137552950 1.0 128000
1695137587475 1.0 132000
1695137620370 1.0 136000
1695137652369 1.0 140000
1695137685701 1.0 144000
1695137720411 1.0 148000
1695137753115 1.0 152000
1695137785928 1.0 156000
1695137819396 1.0 160000
