1695136485616 10.0 4000
1695136522512 10.0 8000
1695136560448 10.0 12000
1695136594679 10.0 16000
1695136626316 10.0 20000
1695136659445 10.0 24000
1695136692932 10.0 28000
1695136726835 10.0 32000
1695136760592 10.0 36000
1695136795215 10.0 40000
1695136829850 10.0 44000
1695136863889 10.0 48000
1695136896318 10.0 52000
1695136932768 10.0 56000
1695136966875 10.0 60000
1695136999772 10.0 64000
1695137033469 10.0 68000
1695137066521 10.0 72000
1695137103799 10.0 76000
1695137142183 10.0 80000
1695137179757 10.0 84000
1695137217179 10.0 88000
1695137252678 10.0 92000
1695137286556 10.0 96000
1695137322178 10.0 100000
1695137356725 10.0 104000
1695137389754 10.0 108000
1695137421499 10.0 112000
1695137453464 10.0 116000
1695137486566 10.0 120000
1695137518816 10.0 124000
1695137552993 10.0 128000
1695137587509 10.0 132000
1695137620405 10.0 136000
1695137652404 10.0 140000
1695137685740 10.0 144000
1695137720449 10.0 148000
1695137753149 10.0 152000
1695137785961 10.0 156000
1695137819433 10.0 160000
