1695136485581 0.0 4000
1695136522467 0.0 8000
1695136560407 0.0 12000
1695136594645 0.0 16000
1695136626281 0.0 20000
1695136659409 0.0 24000
1695136692895 0.0 28000
1695136726801 0.0 32000
1695136760555 0.0 36000
1695136795178 0.0 40000
1695136829809 0.0 44000
1695136863854 0.0 48000
1695136896280 0.0 52000
1695136932731 0.0 56000
1695136966840 0.0 60000
1695136999735 0.0 64000
1695137033429 0.0 68000
1695137066486 0.0 72000
1695137103760 0.0 76000
1695137142144 0.0 80000
1695137179719 0.0 84000
1695137217142 0.0 88000
1695137252640 0.0 92000
1695137286518 0.0 96000
1695137322144 0.0 100000
1695137356683 0.0 104000
1695137389718 0.0 108000
1695137421463 0.0 112000
1695137453431 0.0 116000
1695137486531 0.0 120000
1695137518778 0.0 124000
1695137552949 0.0 128000
1695137587475 0.0 132000
1695137620370 0.0 136000
1695137652369 0.0 140000
1695137685701 0.0 144000
1695137720410 0.0 148000
1695137753114 0.0 152000
1695137785928 0.0 156000
1695137819395 0.0 160000
