1695136485596 0.0 4000
1695136522485 0.0 8000
1695136560424 0.0 12000
1695136594659 0.0 16000
1695136626296 0.0 20000
1695136659424 0.0 24000
1695136692910 0.0 28000
1695136726815 0.0 32000
1695136760570 0.0 36000
1695136795193 0.0 40000
1695136829826 0.0 44000
1695136863868 0.0 48000
1695136896295 0.0 52000
1695136932746 0.0 56000
1695136966854 0.0 60000
1695136999750 0.0 64000
1695137033445 0.0 68000
1695137066500 0.0 72000
1695137103776 0.0 76000
1695137142160 0.0 80000
1695137179735 0.0 84000
1695137217157 0.0 88000
1695137252655 0.0 92000
1695137286534 0.0 96000
1695137322157 0.0 100000
1695137356701 0.0 104000
1695137389733 0.0 108000
1695137421478 0.0 112000
1695137453444 0.0 116000
1695137486545 0.0 120000
1695137518793 0.0 124000
1695137552969 0.0 128000
1695137587488 0.0 132000
1695137620384 0.0 136000
1695137652383 0.0 140000
1695137685716 0.0 144000
1695137720426 0.0 148000
1695137753128 0.0 152000
1695137785941 0.0 156000
1695137819411 0.0 160000
