1695136485597 1.0 4000
1695136522487 1.0 8000
1695136560426 1.0 12000
1695136594660 1.0 16000
1695136626297 1.0 20000
1695136659426 1.0 24000
1695136692912 1.0 28000
1695136726816 1.0 32000
1695136760572 1.0 36000
1695136795195 1.0 40000
1695136829828 1.0 44000
1695136863870 1.0 48000
1695136896297 1.0 52000
1695136932748 1.0 56000
1695136966856 1.0 60000
1695136999752 1.0 64000
1695137033447 1.0 68000
1695137066502 1.0 72000
1695137103777 1.0 76000
1695137142162 1.0 80000
1695137179736 1.0 84000
1695137217159 1.0 88000
1695137252657 1.0 92000
1695137286535 1.0 96000
1695137322159 1.0 100000
1695137356702 1.0 104000
1695137389734 1.0 108000
1695137421480 1.0 112000
1695137453446 1.0 116000
1695137486547 1.0 120000
1695137518795 1.0 124000
1695137552971 1.0 128000
1695137587490 1.0 132000
1695137620385 1.0 136000
1695137652385 1.0 140000
1695137685718 1.0 144000
1695137720428 1.0 148000
1695137753130 1.0 152000
1695137785943 1.0 156000
1695137819412 1.0 160000
