1695136485594 0.0 4000
1695136522482 0.0 8000
1695136560422 0.0 12000
1695136594657 0.0 16000
1695136626294 0.0 20000
1695136659422 0.0 24000
1695136692908 0.0 28000
1695136726813 0.0 32000
1695136760568 0.0 36000
1695136795191 0.0 40000
1695136829824 0.0 44000
1695136863866 0.0 48000
1695136896293 0.0 52000
1695136932744 0.0 56000
1695136966852 0.0 60000
1695136999748 0.0 64000
1695137033443 0.0 68000
1695137066498 0.0 72000
1695137103773 0.0 76000
1695137142158 0.0 80000
1695137179733 0.0 84000
1695137217155 0.0 88000
1695137252653 0.0 92000
1695137286531 0.0 96000
1695137322156 0.0 100000
1695137356698 0.0 104000
1695137389731 0.0 108000
1695137421476 0.0 112000
1695137453442 0.0 116000
1695137486543 0.0 120000
1695137518791 0.0 124000
1695137552966 0.0 128000
1695137587487 0.0 132000
1695137620382 0.0 136000
1695137652381 0.0 140000
1695137685714 0.0 144000
1695137720424 0.0 148000
1695137753126 0.0 152000
1695137785939 0.0 156000
1695137819409 0.0 160000
