1695136485595 0.0 4000
1695136522484 0.0 8000
1695136560423 0.0 12000
1695136594658 0.0 16000
1695136626295 0.0 20000
1695136659423 0.0 24000
1695136692909 0.0 28000
1695136726814 0.0 32000
1695136760569 0.0 36000
1695136795192 0.0 40000
1695136829824 0.0 44000
1695136863867 0.0 48000
1695136896294 0.0 52000
1695136932745 0.0 56000
1695136966853 0.0 60000
1695136999749 0.0 64000
1695137033444 0.0 68000
1695137066499 0.0 72000
1695137103774 0.0 76000
1695137142159 0.0 80000
1695137179733 0.0 84000
1695137217156 0.0 88000
1695137252654 0.0 92000
1695137286532 0.0 96000
1695137322156 0.0 100000
1695137356699 0.0 104000
1695137389732 0.0 108000
1695137421477 0.0 112000
1695137453443 0.0 116000
1695137486544 0.0 120000
1695137518792 0.0 124000
1695137552967 0.0 128000
1695137587487 0.0 132000
1695137620383 0.0 136000
1695137652382 0.0 140000
1695137685715 0.0 144000
1695137720425 0.0 148000
1695137753127 0.0 152000
1695137785940 0.0 156000
1695137819409 0.0 160000
