1695136485603 0.0 4000
1695136522496 0.0 8000
1695136560434 0.0 12000
1695136594667 0.0 16000
1695136626304 0.0 20000
1695136659433 0.0 24000
1695136692919 0.0 28000
1695136726823 0.0 32000
1695136760579 0.0 36000
1695136795202 0.0 40000
1695136829835 0.0 44000
1695136863876 0.0 48000
1695136896304 0.0 52000
1695136932755 0.0 56000
1695136966863 0.0 60000
1695136999759 0.0 64000
1695137033455 0.0 68000
1695137066508 0.0 72000
1695137103785 0.0 76000
1695137142169 0.0 80000
1695137179743 0.0 84000
1695137217166 0.0 88000
1695137252664 0.0 92000
1695137286542 0.0 96000
1695137322165 0.0 100000
1695137356710 0.0 104000
1695137389741 0.0 108000
1695137421487 0.0 112000
1695137453452 0.0 116000
1695137486554 0.0 120000
1695137518802 0.0 124000
1695137552979 0.0 128000
1695137587496 0.0 132000
1695137620392 0.0 136000
1695137652391 0.0 140000
1695137685726 0.0 144000
1695137720435 0.0 148000
1695137753137 0.0 152000
1695137785949 0.0 156000
1695137819420 0.0 160000
