1695136485589 0.0 4000
1695136522477 0.0 8000
1695136560416 0.0 12000
1695136594653 0.0 16000
1695136626289 0.0 20000
1695136659417 0.0 24000
1695136692904 0.0 28000
1695136726808 0.0 32000
1695136760564 0.0 36000
1695136795186 0.0 40000
1695136829819 0.0 44000
1695136863862 0.0 48000
1695136896288 0.0 52000
1695136932740 0.0 56000
1695136966848 0.0 60000
1695136999743 0.0 64000
1695137033438 0.0 68000
1695137066494 0.0 72000
1695137103769 0.0 76000
1695137142153 0.0 80000
1695137179728 0.0 84000
1695137217150 0.0 88000
1695137252648 0.0 92000
1695137286527 0.0 96000
1695137322151 0.0 100000
1695137356693 0.0 104000
1695137389726 0.0 108000
1695137421471 0.0 112000
1695137453438 0.0 116000
1695137486539 0.0 120000
1695137518786 0.0 124000
1695137552960 0.0 128000
1695137587482 0.0 132000
1695137620377 0.0 136000
1695137652377 0.0 140000
1695137685710 0.0 144000
1695137720419 0.0 148000
1695137753122 0.0 152000
1695137785935 0.0 156000
1695137819404 0.0 160000
