1695136485585 0.0 4000
1695136522472 0.0 8000
1695136560412 0.0 12000
1695136594649 0.0 16000
1695136626285 0.0 20000
1695136659413 0.0 24000
1695136692899 0.0 28000
1695136726804 0.0 32000
1695136760559 0.0 36000
1695136795182 0.0 40000
1695136829814 0.0 44000
1695136863858 0.0 48000
1695136896284 0.0 52000
1695136932735 0.0 56000
1695136966844 0.0 60000
1695136999739 0.0 64000
1695137033434 0.0 68000
1695137066490 0.0 72000
1695137103764 0.0 76000
1695137142149 0.0 80000
1695137179724 0.0 84000
1695137217146 0.0 88000
1695137252644 0.0 92000
1695137286523 0.0 96000
1695137322148 0.0 100000
1695137356688 0.0 104000
1695137389723 0.0 108000
1695137421467 0.0 112000
1695137453434 0.0 116000
1695137486535 0.0 120000
1695137518782 0.0 124000
1695137552955 0.0 128000
1695137587478 0.0 132000
1695137620373 0.0 136000
1695137652373 0.0 140000
1695137685705 0.0 144000
1695137720415 0.0 148000
1695137753118 0.0 152000
1695137785931 0.0 156000
1695137819400 0.0 160000
