1695136485604 0.0 4000
1695136522497 0.0 8000
1695136560435 0.0 12000
1695136594668 0.0 16000
1695136626306 0.0 20000
1695136659434 0.0 24000
1695136692920 0.0 28000
1695136726824 0.0 32000
1695136760580 0.0 36000
1695136795203 0.0 40000
1695136829837 0.0 44000
1695136863877 0.0 48000
1695136896305 0.0 52000
1695136932756 0.0 56000
1695136966864 0.0 60000
1695136999760 0.0 64000
1695137033456 0.0 68000
1695137066510 0.0 72000
1695137103786 0.0 76000
1695137142171 0.0 80000
1695137179744 0.0 84000
1695137217167 0.0 88000
1695137252665 0.0 92000
1695137286544 0.0 96000
1695137322167 0.0 100000
1695137356712 0.0 104000
1695137389743 0.0 108000
1695137421488 0.0 112000
1695137453453 0.0 116000
1695137486555 0.0 120000
1695137518804 0.0 124000
1695137552980 0.0 128000
1695137587498 0.0 132000
1695137620393 0.0 136000
1695137652393 0.0 140000
1695137685727 0.0 144000
1695137720436 0.0 148000
1695137753138 0.0 152000
1695137785950 0.0 156000
1695137819421 0.0 160000
