1695136485588 0.0 4000
1695136522475 0.0 8000
1695136560415 0.0 12000
1695136594652 0.0 16000
1695136626288 0.0 20000
1695136659416 0.0 24000
1695136692902 0.0 28000
1695136726807 0.0 32000
1695136760562 0.0 36000
1695136795185 0.0 40000
1695136829817 0.0 44000
1695136863861 0.0 48000
1695136896287 0.0 52000
1695136932738 0.0 56000
1695136966847 0.0 60000
1695136999742 0.0 64000
1695137033437 0.0 68000
1695137066493 0.0 72000
1695137103767 0.0 76000
1695137142152 0.0 80000
1695137179727 0.0 84000
1695137217149 0.0 88000
1695137252647 0.0 92000
1695137286525 0.0 96000
1695137322150 0.0 100000
1695137356692 0.0 104000
1695137389725 0.0 108000
1695137421470 0.0 112000
1695137453437 0.0 116000
1695137486538 0.0 120000
1695137518785 0.0 124000
1695137552959 0.0 128000
1695137587481 0.0 132000
1695137620376 0.0 136000
1695137652376 0.0 140000
1695137685708 0.0 144000
1695137720418 0.0 148000
1695137753121 0.0 152000
1695137785934 0.0 156000
1695137819403 0.0 160000
