1695136485611 128.0 4000
1695136522506 128.0 8000
1695136560443 128.0 12000
1695136594675 128.0 16000
1695136626312 128.0 20000
1695136659441 128.0 24000
1695136692927 128.0 28000
1695136726831 128.0 32000
1695136760587 128.0 36000
1695136795210 128.0 40000
1695136829844 128.0 44000
1695136863884 128.0 48000
1695136896313 128.0 52000
1695136932763 128.0 56000
1695136966870 128.0 60000
1695136999767 128.0 64000
1695137033463 128.0 68000
1695137066516 128.0 72000
1695137103793 128.0 76000
1695137142178 128.0 80000
1695137179752 128.0 84000
1695137217174 128.0 88000
1695137252672 128.0 92000
1695137286551 128.0 96000
1695137322173 128.0 100000
1695137356719 128.0 104000
1695137389749 128.0 108000
1695137421495 128.0 112000
1695137453460 128.0 116000
1695137486562 128.0 120000
1695137518811 128.0 124000
1695137552987 128.0 128000
1695137587504 128.0 132000
1695137620400 128.0 136000
1695137652399 128.0 140000
1695137685735 128.0 144000
1695137720444 128.0 148000
1695137753145 128.0 152000
1695137785957 128.0 156000
1695137819428 128.0 160000
