1695136485612 1.0 4000
1695136522507 1.0 8000
1695136560444 1.0 12000
1695136594675 1.0 16000
1695136626313 1.0 20000
1695136659441 1.0 24000
1695136692928 1.0 28000
1695136726832 1.0 32000
1695136760588 1.0 36000
1695136795211 1.0 40000
1695136829845 1.0 44000
1695136863885 1.0 48000
1695136896313 1.0 52000
1695136932764 1.0 56000
1695136966871 1.0 60000
1695136999768 1.0 64000
1695137033464 1.0 68000
1695137066517 1.0 72000
1695137103794 1.0 76000
1695137142179 1.0 80000
1695137179753 1.0 84000
1695137217175 1.0 88000
1695137252673 1.0 92000
1695137286552 1.0 96000
1695137322174 1.0 100000
1695137356720 1.0 104000
1695137389750 1.0 108000
1695137421495 1.0 112000
1695137453460 1.0 116000
1695137486562 1.0 120000
1695137518812 1.0 124000
1695137552988 1.0 128000
1695137587505 1.0 132000
1695137620401 1.0 136000
1695137652400 1.0 140000
1695137685735 1.0 144000
1695137720445 1.0 148000
1695137753145 1.0 152000
1695137785957 1.0 156000
1695137819429 1.0 160000
