1695136485590 1.0 4000
1695136522478 1.0 8000
1695136560417 1.0 12000
1695136594654 1.0 16000
1695136626290 1.0 20000
1695136659418 1.0 24000
1695136692904 1.0 28000
1695136726809 1.0 32000
1695136760564 1.0 36000
1695136795187 1.0 40000
1695136829819 1.0 44000
1695136863863 1.0 48000
1695136896289 1.0 52000
1695136932740 1.0 56000
1695136966849 1.0 60000
1695136999744 1.0 64000
1695137033439 1.0 68000
1695137066495 1.0 72000
1695137103769 1.0 76000
1695137142154 1.0 80000
1695137179729 1.0 84000
1695137217151 1.0 88000
1695137252649 1.0 92000
1695137286528 1.0 96000
1695137322152 1.0 100000
1695137356694 1.0 104000
1695137389727 1.0 108000
1695137421472 1.0 112000
1695137453439 1.0 116000
1695137486540 1.0 120000
1695137518787 1.0 124000
1695137552961 1.0 128000
1695137587483 1.0 132000
1695137620378 1.0 136000
1695137652378 1.0 140000
1695137685710 1.0 144000
1695137720420 1.0 148000
1695137753123 1.0 152000
1695137785936 1.0 156000
1695137819405 1.0 160000
