1695136485592 4000.0 4000
1695136522480 4000.0 8000
1695136560420 4000.0 12000
1695136594655 4000.0 16000
1695136626292 4000.0 20000
1695136659420 4000.0 24000
1695136692906 4000.0 28000
1695136726811 4000.0 32000
1695136760566 4000.0 36000
1695136795189 4000.0 40000
1695136829822 4000.0 44000
1695136863864 4000.0 48000
1695136896291 4000.0 52000
1695136932742 4000.0 56000
1695136966851 4000.0 60000
1695136999746 4000.0 64000
1695137033441 4000.0 68000
1695137066497 4000.0 72000
1695137103772 4000.0 76000
1695137142156 4000.0 80000
1695137179731 4000.0 84000
1695137217153 4000.0 88000
1695137252651 4000.0 92000
1695137286530 4000.0 96000
1695137322154 4000.0 100000
1695137356697 4000.0 104000
1695137389729 4000.0 108000
1695137421474 4000.0 112000
1695137453441 4000.0 116000
1695137486542 4000.0 120000
1695137518789 4000.0 124000
1695137552964 4000.0 128000
1695137587485 4000.0 132000
1695137620380 4000.0 136000
1695137652380 4000.0 140000
1695137685713 4000.0 144000
1695137720422 4000.0 148000
1695137753125 4000.0 152000
1695137785938 4000.0 156000
1695137819407 4000.0 160000
