1695136485610 1.0 4000
1695136522504 1.0 8000
1695136560442 1.0 12000
1695136594673 1.0 16000
1695136626311 1.0 20000
1695136659439 1.0 24000
1695136692926 1.0 28000
1695136726830 1.0 32000
1695136760586 1.0 36000
1695136795209 1.0 40000
1695136829843 1.0 44000
1695136863883 1.0 48000
1695136896311 1.0 52000
1695136932762 1.0 56000
1695136966869 1.0 60000
1695136999766 1.0 64000
1695137033462 1.0 68000
1695137066515 1.0 72000
1695137103792 1.0 76000
1695137142177 1.0 80000
1695137179750 1.0 84000
1695137217173 1.0 88000
1695137252671 1.0 92000
1695137286550 1.0 96000
1695137322172 1.0 100000
1695137356718 1.0 104000
1695137389748 1.0 108000
1695137421493 1.0 112000
1695137453459 1.0 116000
1695137486560 1.0 120000
1695137518810 1.0 124000
1695137552986 1.0 128000
1695137587503 1.0 132000
1695137620399 1.0 136000
1695137652398 1.0 140000
1695137685733 1.0 144000
1695137720443 1.0 148000
1695137753143 1.0 152000
1695137785956 1.0 156000
1695137819427 1.0 160000
