1695136485613 10.0 4000
1695136522509 10.0 8000
1695136560446 10.0 12000
1695136594677 10.0 16000
1695136626314 10.0 20000
1695136659443 10.0 24000
1695136692929 10.0 28000
1695136726833 10.0 32000
1695136760590 10.0 36000
1695136795212 10.0 40000
1695136829847 10.0 44000
1695136863886 10.0 48000
1695136896315 10.0 52000
1695136932765 10.0 56000
1695136966873 10.0 60000
1695136999770 10.0 64000
1695137033466 10.0 68000
1695137066519 10.0 72000
1695137103796 10.0 76000
1695137142181 10.0 80000
1695137179754 10.0 84000
1695137217177 10.0 88000
1695137252675 10.0 92000
1695137286553 10.0 96000
1695137322175 10.0 100000
1695137356722 10.0 104000
1695137389751 10.0 108000
1695137421497 10.0 112000
1695137453462 10.0 116000
1695137486564 10.0 120000
1695137518814 10.0 124000
1695137552990 10.0 128000
1695137587506 10.0 132000
1695137620402 10.0 136000
1695137652402 10.0 140000
1695137685737 10.0 144000
1695137720446 10.0 148000
1695137753147 10.0 152000
1695137785959 10.0 156000
1695137819431 10.0 160000
