1695136485612 0.5 4000
1695136522507 0.5 8000
1695136560444 0.5 12000
1695136594676 0.5 16000
1695136626313 0.5 20000
1695136659442 0.5 24000
1695136692928 0.5 28000
1695136726832 0.5 32000
1695136760589 0.5 36000
1695136795211 0.5 40000
1695136829846 0.5 44000
1695136863885 0.5 48000
1695136896314 0.5 52000
1695136932764 0.5 56000
1695136966872 0.5 60000
1695136999769 0.5 64000
1695137033464 0.5 68000
1695137066518 0.5 72000
1695137103795 0.5 76000
1695137142179 0.5 80000
1695137179753 0.5 84000
1695137217176 0.5 88000
1695137252673 0.5 92000
1695137286552 0.5 96000
1695137322174 0.5 100000
1695137356721 0.5 104000
1695137389750 0.5 108000
1695137421496 0.5 112000
1695137453461 0.5 116000
1695137486563 0.5 120000
1695137518812 0.5 124000
1695137552989 0.5 128000
1695137587505 0.5 132000
1695137620401 0.5 136000
1695137652400 0.5 140000
1695137685736 0.5 144000
1695137720445 0.5 148000
1695137753146 0.5 152000
1695137785958 0.5 156000
1695137819429 0.5 160000
