1695136485614 -1.0 4000
1695136522510 -1.0 8000
1695136560446 -1.0 12000
1695136594678 -1.0 16000
1695136626315 -1.0 20000
1695136659444 -1.0 24000
1695136692930 -1.0 28000
1695136726834 -1.0 32000
1695136760591 -1.0 36000
1695136795213 -1.0 40000
1695136829848 -1.0 44000
1695136863887 -1.0 48000
1695136896316 -1.0 52000
1695136932766 -1.0 56000
1695136966874 -1.0 60000
1695136999771 -1.0 64000
1695137033467 -1.0 68000
1695137066520 -1.0 72000
1695137103797 -1.0 76000
1695137142182 -1.0 80000
1695137179755 -1.0 84000
1695137217178 -1.0 88000
1695137252676 -1.0 92000
1695137286554 -1.0 96000
1695137322176 -1.0 100000
1695137356723 -1.0 104000
1695137389752 -1.0 108000
1695137421498 -1.0 112000
1695137453463 -1.0 116000
1695137486565 -1.0 120000
1695137518814 -1.0 124000
1695137552991 -1.0 128000
1695137587507 -1.0 132000
1695137620403 -1.0 136000
1695137652402 -1.0 140000
1695137685738 -1.0 144000
1695137720447 -1.0 148000
1695137753148 -1.0 152000
1695137785960 -1.0 156000
1695137819432 -1.0 160000
