1695136485605 1800.0 4000
1695136522499 1800.0 8000
1695136560437 1800.0 12000
1695136594669 1800.0 16000
1695136626307 1800.0 20000
1695136659435 1800.0 24000
1695136692921 1800.0 28000
1695136726825 1800.0 32000
1695136760582 1800.0 36000
1695136795204 1800.0 40000
1695136829838 1800.0 44000
1695136863879 1800.0 48000
1695136896307 1800.0 52000
1695136932757 1800.0 56000
1695136966865 1800.0 60000
1695136999761 1800.0 64000
1695137033457 1800.0 68000
1695137066511 1800.0 72000
1695137103787 1800.0 76000
1695137142172 1800.0 80000
1695137179746 1800.0 84000
1695137217168 1800.0 88000
1695137252666 1800.0 92000
1695137286545 1800.0 96000
1695137322168 1800.0 100000
1695137356713 1800.0 104000
1695137389744 1800.0 108000
1695137421489 1800.0 112000
1695137453454 1800.0 116000
1695137486556 1800.0 120000
1695137518805 1800.0 124000
1695137552981 1800.0 128000
1695137587499 1800.0 132000
1695137620394 1800.0 136000
1695137652394 1800.0 140000
1695137685728 1800.0 144000
1695137720438 1800.0 148000
1695137753139 1800.0 152000
1695137785951 1800.0 156000
1695137819422 1800.0 160000
