1695136485605 60.0 4000
1695136522498 60.0 8000
1695136560436 60.0 12000
1695136594669 60.0 16000
1695136626306 60.0 20000
1695136659435 60.0 24000
1695136692921 60.0 28000
1695136726825 60.0 32000
1695136760581 60.0 36000
1695136795204 60.0 40000
1695136829837 60.0 44000
1695136863878 60.0 48000
1695136896306 60.0 52000
1695136932757 60.0 56000
1695136966865 60.0 60000
1695136999761 60.0 64000
1695137033457 60.0 68000
1695137066510 60.0 72000
1695137103787 60.0 76000
1695137142172 60.0 80000
1695137179745 60.0 84000
1695137217168 60.0 88000
1695137252666 60.0 92000
1695137286544 60.0 96000
1695137322167 60.0 100000
1695137356712 60.0 104000
1695137389743 60.0 108000
1695137421489 60.0 112000
1695137453454 60.0 116000
1695137486556 60.0 120000
1695137518804 60.0 124000
1695137552981 60.0 128000
1695137587498 60.0 132000
1695137620394 60.0 136000
1695137652393 60.0 140000
1695137685728 60.0 144000
1695137720437 60.0 148000
1695137753139 60.0 152000
1695137785951 60.0 156000
1695137819422 60.0 160000
