1695303109667 0.0 4000
1695303138356 0.0 8000
1695303167492 0.0 12000
1695303196262 0.0 16000
1695303230321 0.0 20000
1695303262655 0.0 24000
1695303295802 0.0 28000
1695303328635 0.0 32000
1695303360523 0.0 36000
1695303392654 0.0 40000
1695303425020 1.0 44000
1695303456206 1.0 48000
1695303487932 0.0 52000
1695303518675 0.0 56000
1695303550388 0.0 60000
1695303581578 0.0 64000
1695303615311 0.0 68000
1695303648052 0.0 72000
1695303680720 0.0 76000
1695303712471 0.0 80000
1695303753667 0.0 84000
1695303786182 0.0 88000
1695303816906 0.0 92000
1695303852594 0.0 96000
1695303897713 0.0 100000
1695303939873 0.0 104000
1695303972591 0.0 108000
1695304013116 0.0 112000
1695304058286 0.0 116000
1695304101499 0.0 120000
1695304142261 0.0 124000
1695304191971 0.0 128000
1695304235673 0.0 132000
1695304278786 0.0 136000
1695304323042 0.0 140000
1695304364644 0.0 144000
1695304406506 0.0 148000
1695304450393 0.0 152000
1695304491871 0.0 156000
1695304533220 0.0 160000
1695304577665 0.0 164000
1695304622809 0.0 168000
1695304666303 0.0 172000
1695304711424 0.0 176000
1695304750991 0.0 180000
1695304788698 0.0 184000
1695304832503 0.0 188000
1695304872616 0.0 192000
1695304909334 0.0 196000
1695304945200 0.0 200000
1695304982284 0.0 204000
1695305024957 0.0 208000
1695305061193 0.0 212000
1695305097652 0.0 216000
1695305135822 0.0 220000
1695305173040 0.0 224000
1695305208254 0.0 228000
1695305242106 0.0 232000
1695305272953 0.0 236000
1695305303626 0.0 240000
1695305334986 0.0 244000
1695305365391 0.0 248000
1695305395828 0.0 252000
1695305426334 0.0 256000
1695305457079 0.0 260000
1695305487685 0.0 264000
1695305518353 0.0 268000
1695305548751 0.0 272000
1695305579459 0.0 276000
1695305610916 0.0 280000
1695305641243 0.0 284000
1695305672079 0.0 288000
1695305702317 0.0 292000
1695305733732 0.0 296000
1695305763894 0.0 300000
1695305794916 0.0 304000
1695305825321 0.0 308000
1695305856177 0.0 312000
1695305886440 0.0 316000
1695305917065 0.0 320000
1695305947550 0.0 324000
1695305978477 0.0 328000
1695306008631 0.0 332000
1695306039492 0.0 336000
1695306070861 0.0 340000
1695306101765 0.0 344000
1695306132230 0.0 348000
1695306162855 0.0 352000
1695306193344 0.0 356000
1695306224267 0.0 360000
1695306254683 0.0 364000
1695306287103 0.0 368000
1695306318469 0.0 372000
1695306351038 0.0 376000
1695306382497 0.0 380000
1695306417622 0.0 384000
1695306452174 0.0 388000
1695306486428 0.0 392000
1695306519881 0.0 396000
1695306554051 0.0 400000
1695306586057 0.0 404000
1695306620757 0.0 408000
1695306653656 0.0 412000
1695306687344 0.0 416000
1695306720434 0.0 420000
1695306752908 0.0 424000
1695306786061 0.0 428000
1695306823350 0.0 432000
1695306860181 0.0 436000
1695306893528 0.0 440000
1695306926997 0.0 444000
1695306961078 0.0 448000
1695306995297 0.0 452000
1695307028899 0.0 456000
1695307061136 0.0 460000
1695307093351 0.0 464000
1695307128166 0.0 468000
1695307160880 0.0 472000
1695307193715 0.0 476000
1695307226869 0.0 480000
1695307261281 0.0 484000
1695307295752 0.0 488000
1695307328543 0.0 492000
1695307362172 0.0 496000
1695307398506 0.0 500000
1695307433759 0.0 504000
1695307466790 0.0 508000
1695307502286 0.0 512000
1695307540844 0.0 516000
1695307575746 0.0 520000
1695307615164 0.0 524000
1695307652894 0.0 528000
1695307688951 0.0 532000
1695307724730 0.0 536000
1695307759363 0.0 540000
1695307803571 0.0 544000
1695307846190 0.0 548000
1695307880663 0.0 552000
1695307919594 0.0 556000
1695307956758 0.0 560000
1695307994839 0.0 564000
1695308027995 0.0 568000
1695308062866 0.0 572000
1695308098072 0.0 576000
1695308132083 0.0 580000
1695308167196 0.0 584000
1695308204572 0.0 588000
1695308240200 0.0 592000
1695308275237 0.0 596000
1695308317601 0.0 600000
1695308353377 0.0 604000
1695308394711 0.0 608000
1695308433102 0.0 612000
1695308469720 0.0 616000
1695308516154 0.0 620000
1695308552733 0.0 624000
1695308589911 0.0 628000
1695308629695 0.0 632000
1695308665748 0.0 636000
1695308703932 0.0 640000
1695308741009 0.0 644000
1695308776413 0.0 648000
1695308813085 0.0 652000
1695308854485 0.0 656000
1695308889138 0.0 660000
1695308922234 0.0 664000
1695308955607 0.0 668000
1695308990618 0.0 672000
1695309025549 0.0 676000
1695309064242 0.0 680000
1695309102414 0.0 684000
1695309138029 0.0 688000
1695309173147 0.0 692000
1695309207157 0.0 696000
1695309241580 0.0 700000
1695309278085 0.0 704000
1695309314226 0.0 708000
1695309350700 0.0 712000
1695309387546 0.0 716000
1695309422262 0.0 720000
1695309457106 0.0 724000
1695309489499 0.0 728000
1695309522267 0.0 732000
1695309555441 0.0 736000
1695309590300 0.0 740000
1695309624560 0.0 744000
1695309658532 0.0 748000
1695309692324 0.0 752000
1695309730400 0.0 756000
1695309764972 0.0 760000
1695309797463 0.0 764000
1695309829817 0.0 768000
1695309863385 0.0 772000
1695309897291 0.0 776000
1695309932655 0.0 780000
1695309969914 0.0 784000
1695310015807 0.0 788000
1695310052544 0.0 792000
1695310087716 0.0 796000
1695310125620 0.0 800000
1695310160732 0.0 804000
1695310197717 0.0 808000
1695310240308 0.0 812000
1695310277538 0.0 816000
1695310312644 0.0 820000
1695310348282 0.0 824000
1695310386606 0.0 828000
1695310421478 0.0 832000
1695310455139 0.0 836000
1695310493973 0.0 840000
1695310538680 0.0 844000
1695310575906 0.0 848000
1695310616818 0.0 852000
1695310655430 0.0 856000
1695310690293 0.0 860000
1695310724010 0.0 864000
1695310758897 0.0 868000
