1695303109666 0.0 4000
1695303138355 0.0 8000
1695303167491 0.0 12000
1695303196261 0.0 16000
1695303230320 0.0 20000
1695303262654 0.0 24000
1695303295801 0.0 28000
1695303328634 0.0 32000
1695303360522 0.0 36000
1695303392653 0.0 40000
1695303425019 0.01 44000
1695303456205 0.01 48000
1695303487931 0.0 52000
1695303518674 0.0 56000
1695303550387 0.0 60000
1695303581577 0.0 64000
1695303615311 0.0 68000
1695303648052 0.0 72000
1695303680719 0.0 76000
1695303712470 0.0 80000
1695303753666 0.0 84000
1695303786181 0.0 88000
1695303816905 0.0 92000
1695303852593 0.0 96000
1695303897712 0.0 100000
1695303939872 0.0 104000
1695303972590 0.0 108000
1695304013115 0.0 112000
1695304058284 0.0 116000
1695304101498 0.0 120000
1695304142260 0.0 124000
1695304191970 0.0 128000
1695304235672 0.0 132000
1695304278784 0.0 136000
1695304323041 0.0 140000
1695304364643 0.0 144000
1695304406505 0.0 148000
1695304450392 0.0 152000
1695304491870 0.0 156000
1695304533219 0.0 160000
1695304577664 0.0 164000
1695304622808 0.0 168000
1695304666302 0.0 172000
1695304711423 0.0 176000
1695304750990 0.0 180000
1695304788697 0.0 184000
1695304832502 0.0 188000
1695304872616 0.0 192000
1695304909333 0.0 196000
1695304945199 0.0 200000
1695304982283 0.0 204000
1695305024957 0.0 208000
1695305061192 0.0 212000
1695305097651 0.0 216000
1695305135821 0.0 220000
1695305173040 0.0 224000
1695305208253 0.0 228000
1695305242105 0.0 232000
1695305272952 0.0 236000
1695305303626 0.0 240000
1695305334985 0.0 244000
1695305365390 0.0 248000
1695305395828 0.0 252000
1695305426333 0.0 256000
1695305457078 0.0 260000
1695305487684 0.0 264000
1695305518352 0.0 268000
1695305548750 0.0 272000
1695305579458 0.0 276000
1695305610916 0.0 280000
1695305641242 0.0 284000
1695305672078 0.0 288000
1695305702316 0.0 292000
1695305733731 0.0 296000
1695305763893 0.0 300000
1695305794915 0.0 304000
1695305825320 0.0 308000
1695305856176 0.0 312000
1695305886439 0.0 316000
1695305917064 0.0 320000
1695305947549 0.0 324000
1695305978476 0.0 328000
1695306008630 0.0 332000
1695306039492 0.0 336000
1695306070860 0.0 340000
1695306101764 0.0 344000
1695306132229 0.0 348000
1695306162855 0.0 352000
1695306193343 0.0 356000
1695306224266 0.0 360000
1695306254682 0.0 364000
1695306287102 0.0 368000
1695306318468 0.0 372000
1695306351037 0.0 376000
1695306382496 0.0 380000
1695306417622 0.0 384000
1695306452174 0.0 388000
1695306486427 0.0 392000
1695306519880 0.0 396000
1695306554050 0.0 400000
1695306586056 0.0 404000
1695306620756 0.0 408000
1695306653655 0.0 412000
1695306687343 0.0 416000
1695306720433 0.0 420000
1695306752907 0.0 424000
1695306786061 0.0 428000
1695306823349 0.0 432000
1695306860180 0.0 436000
1695306893527 0.0 440000
1695306926996 0.0 444000
1695306961078 0.0 448000
1695306995296 0.0 452000
1695307028898 0.0 456000
1695307061135 0.0 460000
1695307093350 0.0 464000
1695307128165 0.0 468000
1695307160879 0.0 472000
1695307193715 0.0 476000
1695307226868 0.0 480000
1695307261280 0.0 484000
1695307295751 0.0 488000
1695307328542 0.0 492000
1695307362171 0.0 496000
1695307398505 0.0 500000
1695307433758 0.0 504000
1695307466789 0.0 508000
1695307502285 0.0 512000
1695307540843 0.0 516000
1695307575745 0.0 520000
1695307615163 0.0 524000
1695307652893 0.0 528000
1695307688950 0.0 532000
1695307724729 0.0 536000
1695307759362 0.0 540000
1695307803570 0.0 544000
1695307846189 0.0 548000
1695307880663 0.0 552000
1695307919594 0.0 556000
1695307956756 0.0 560000
1695307994838 0.0 564000
1695308027994 0.0 568000
1695308062865 0.0 572000
1695308098071 0.0 576000
1695308132082 0.0 580000
1695308167195 0.0 584000
1695308204572 0.0 588000
1695308240199 0.0 592000
1695308275236 0.0 596000
1695308317600 0.0 600000
1695308353376 0.0 604000
1695308394710 0.0 608000
1695308433101 0.0 612000
1695308469719 0.0 616000
1695308516153 0.0 620000
1695308552732 0.0 624000
1695308589910 0.0 628000
1695308629694 0.0 632000
1695308665747 0.0 636000
1695308703931 0.0 640000
1695308741008 0.0 644000
1695308776412 0.0 648000
1695308813085 0.0 652000
1695308854484 0.0 656000
1695308889138 0.0 660000
1695308922233 0.0 664000
1695308955606 0.0 668000
1695308990617 0.0 672000
1695309025548 0.0 676000
1695309064241 0.0 680000
1695309102413 0.0 684000
1695309138029 0.0 688000
1695309173146 0.0 692000
1695309207156 0.0 696000
1695309241579 0.0 700000
1695309278084 0.0 704000
1695309314226 0.0 708000
1695309350700 0.0 712000
1695309387545 0.0 716000
1695309422261 0.0 720000
1695309457106 0.0 724000
1695309489498 0.0 728000
1695309522266 0.0 732000
1695309555440 0.0 736000
1695309590299 0.0 740000
1695309624560 0.0 744000
1695309658531 0.0 748000
1695309692323 0.0 752000
1695309730399 0.0 756000
1695309764972 0.0 760000
1695309797463 0.0 764000
1695309829816 0.0 768000
1695309863384 0.0 772000
1695309897290 0.0 776000
1695309932655 0.0 780000
1695309969913 0.0 784000
1695310015807 0.0 788000
1695310052543 0.0 792000
1695310087715 0.0 796000
1695310125620 0.0 800000
1695310160731 0.0 804000
1695310197716 0.0 808000
1695310240307 0.0 812000
1695310277537 0.0 816000
1695310312644 0.0 820000
1695310348281 0.0 824000
1695310386605 0.0 828000
1695310421477 0.0 832000
1695310455139 0.0 836000
1695310493972 0.0 840000
1695310538679 0.0 844000
1695310575905 0.0 848000
1695310616817 0.0 852000
1695310655429 0.0 856000
1695310690293 0.0 860000
1695310724009 0.0 864000
1695310758896 0.0 868000
