1695303109667 0.4 4000
1695303138356 0.25806451612903225 8000
1695303167492 0.3076923076923077 12000
1695303196262 0.2916666666666667 16000
1695303230321 0.2903225806451613 20000
1695303262656 0.24 24000
1695303295803 0.26 28000
1695303328635 0.25 32000
1695303360523 0.23 36000
1695303392654 0.24 40000
1695303425020 0.17 44000
1695303456206 0.12 48000
1695303487932 0.12 52000
1695303518675 0.1 56000
1695303550388 0.06 60000
1695303581578 0.08 64000
1695303615312 0.09 68000
1695303648053 0.06 72000
1695303680721 0.019417475728155338 76000
1695303712471 0.08490566037735849 80000
1695303753668 0.0990990990990991 84000
1695303786182 0.04285714285714286 88000
1695303816906 0.017094017094017096 92000
1695303852594 0.04081632653061224 96000
1695303897714 0.036585365853658534 100000
1695303939873 0.029411764705882353 104000
1695303972592 0.046511627906976744 108000
1695304013116 0.05194805194805195 112000
1695304058286 0.0319634703196347 116000
1695304101500 0.045081967213114756 120000
1695304142262 0.04417670682730924 124000
1695304191972 0.0421455938697318 128000
1695304235674 0.03816793893129771 132000
1695304278786 0.0364963503649635 136000
1695304323042 0.04230769230769231 140000
1695304364644 0.056291390728476824 144000
1695304406507 0.041811846689895474 148000
1695304450393 0.03202846975088968 152000
1695304491871 0.04666666666666667 156000
1695304533221 0.03389830508474576 160000
1695304577666 0.038461538461538464 164000
1695304622810 0.04609929078014184 168000
1695304666303 0.051194539249146756 172000
1695304711424 0.03985507246376811 176000
1695304750992 0.024305555555555556 180000
1695304788699 0.041379310344827586 184000
1695304832503 0.030201342281879196 188000
1695304872617 0.03870967741935484 192000
1695304909335 0.02867383512544803 196000
1695304945200 0.03367003367003367 200000
1695304982285 0.03819444444444445 204000
1695305024958 0.023333333333333334 208000
1695305061193 0.036231884057971016 212000
1695305097652 0.05844155844155844 216000
1695305135822 0.017421602787456445 220000
1695305173041 0.023890784982935155 224000
1695305208254 0.04778156996587031 228000
1695305242106 0.03137254901960784 232000
1695305272953 0.03859649122807018 236000
1695305303627 0.030100334448160536 240000
1695305334986 0.03018867924528302 244000
1695305365391 0.04529616724738676 248000
1695305395829 0.04195804195804196 252000
1695305426334 0.03728813559322034 256000
1695305457079 0.03202846975088968 260000
1695305487685 0.03260869565217391 264000
1695305518353 0.045774647887323945 268000
1695305548752 0.04513888888888889 272000
1695305579459 0.017361111111111112 276000
1695305610917 0.026402640264026403 280000
1695305641244 0.04081632653061224 284000
1695305672079 0.04081632653061224 288000
1695305702317 0.04779411764705882 292000
1695305733732 0.020202020202020204 296000
1695305763894 0.02666666666666667 300000
1695305794916 0.02877697841726619 304000
1695305825321 0.007380073800738007 308000
1695305856177 0.0231023102310231 312000
1695305886441 0.030405405405405407 316000
1695305917065 0.036303630363036306 320000
1695305947550 0.050335570469798654 324000
1695305978477 0.019801980198019802 328000
1695306008631 0.020202020202020204 332000
1695306039493 0.039603960396039604 336000
1695306070861 0.04220779220779221 340000
1695306101765 0.01910828025477707 344000
1695306132230 0.04778156996587031 348000
1695306162856 0.02364864864864865 352000
1695306193344 0.022727272727272728 356000
1695306224268 0.033783783783783786 360000
1695306254683 0.020761245674740483 364000
1695306287103 0.034722222222222224 368000
1695306318469 0.023809523809523808 372000
1695306351038 0.02 376000
1695306382497 0.022653721682847898 380000
1695306417623 0.04013377926421405 384000
1695306452175 0.06557377049180328 388000
1695306486429 0.038461538461538464 392000
1695306519881 0.03503184713375796 396000
1695306554051 0.013745704467353952 400000
1695306586057 0.029605263157894735 404000
1695306620757 0.024390243902439025 408000
1695306653657 0.02054794520547945 412000
1695306687344 0.02912621359223301 416000
1695306720434 0.022292993630573247 420000
1695306752908 0.024390243902439025 424000
1695306786062 0.016666666666666666 428000
1695306823350 0.01444043321299639 432000
1695306860181 0.03322259136212625 436000
1695306893528 0.032679738562091505 440000
1695306926998 0.022950819672131147 444000
1695306961079 0.02027027027027027 448000
1695306995297 0.036303630363036306 452000
1695307028899 0.02258064516129032 456000
1695307061136 0.030821917808219176 460000
1695307093352 0.013745704467353952 464000
1695307128166 0.04560260586319218 468000
1695307160881 0.037162162162162164 472000
1695307193716 0.02356902356902357 476000
1695307226869 0.026402640264026403 480000
1695307261281 0.035256410256410256 484000
1695307295752 0.02456140350877193 488000
1695307328543 0.03767123287671233 492000
1695307362172 0.010526315789473684 496000
1695307398506 0.033003300330033 500000
1695307433760 0.023026315789473683 504000
1695307466790 0.013651877133105802 508000
1695307502286 0.0196078431372549 512000
1695307540845 0.016611295681063124 516000
1695307575746 0.012987012987012988 520000
1695307615164 0.02258064516129032 524000
1695307652894 0.019933554817275746 528000
1695307688952 0.045454545454545456 532000
1695307724730 0.028481012658227847 536000
1695307759363 0.003257328990228013 540000
1695307803572 0.015822784810126583 544000
1695307846190 0.02922077922077922 548000
1695307880664 0.029801324503311258 552000
1695307919595 0.025889967637540454 556000
1695307956758 0.02631578947368421 560000
1695307994840 0.03215434083601286 564000
1695308027996 0.029411764705882353 568000
1695308062867 0.02631578947368421 572000
1695308098072 0.013986013986013986 576000
1695308132083 0.022082018927444796 580000
1695308167196 0.02280130293159609 584000
1695308204573 0.022950819672131147 588000
1695308240200 0.02572347266881029 592000
1695308275237 0.01948051948051948 596000
1695308317602 0.009584664536741214 600000
1695308353377 0.022082018927444796 604000
1695308394711 0.03257328990228013 608000
1695308433102 0.025974025974025976 612000
1695308469720 0.02027027027027027 616000
1695308516155 0.022950819672131147 620000
1695308552733 0.028938906752411574 624000
1695308589911 0.019543973941368076 628000
1695308629695 0.019169329073482427 632000
1695308665748 0.010452961672473868 636000
1695308703933 0.016181229773462782 640000
1695308741009 0.01910828025477707 644000
1695308776413 0.009523809523809525 648000
1695308813086 0.016286644951140065 652000
1695308854486 0.0032679738562091504 656000
1695308889139 0.0440251572327044 660000
1695308922235 0.029315960912052116 664000
1695308955607 0.019933554817275746 668000
1695308990619 0.016286644951140065 672000
1695309025550 0.016339869281045753 676000
1695309064243 0.009868421052631578 680000
1695309102414 0.023809523809523808 684000
1695309138030 0.019169329073482427 688000
1695309173147 0.016181229773462782 692000
1695309207157 0.00964630225080386 696000
1695309241581 0.026143790849673203 700000
1695309278085 0.006578947368421052 704000
1695309314227 0.029411764705882353 708000
1695309350701 0.03594771241830065 712000
1695309387546 0.02572347266881029 716000
1695309422262 0.01607717041800643 720000
1695309457107 0.02857142857142857 724000
1695309489499 0.015873015873015872 728000
1695309522267 0.03146853146853147 732000
1695309555442 0.025559105431309903 736000
1695309590300 0.00980392156862745 740000
1695309624561 0.033003300330033 744000
1695309658532 0.0375 748000
1695309692324 0.02027027027027027 752000
1695309730400 0.009584664536741214 756000
1695309764973 0.034375 760000
1695309797464 0.031141868512110725 764000
1695309829817 0.013605442176870748 768000
1695309863385 0.025974025974025976 772000
1695309897291 0.03785488958990536 776000
1695309932656 0.013559322033898305 780000
1695309969914 0.019672131147540985 784000
1695310015808 0.035256410256410256 788000
1695310052545 0.01892744479495268 792000
1695310087716 0.0196078431372549 796000
1695310125621 0.019801980198019802 800000
1695310160732 0.025806451612903226 804000
1695310197717 0.012658227848101266 808000
1695310240308 0.012779552715654952 812000
1695310277538 0.02531645569620253 816000
1695310312645 0.025477707006369428 820000
1695310348282 0.01875 824000
1695310386606 0.0231023102310231 828000
1695310421478 0.020066889632107024 832000
1695310455140 0.015723270440251572 836000
1695310493973 0.012944983818770227 840000
1695310538680 0.01929260450160772 844000
1695310575907 0.01607717041800643 848000
1695310616819 0.02875399361022364 852000
1695310655430 0.0189873417721519 856000
1695310690294 0.012578616352201259 860000
1695310724010 0.009584664536741214 864000
1695310758897 0.02258064516129032 868000
