1695303109670 0.0 4000
1695303138359 0.0 8000
1695303167495 0.0 12000
1695303196265 0.0 16000
1695303230324 0.0 20000
1695303262659 0.0 24000
1695303295805 0.0 28000
1695303328638 0.0 32000
1695303360526 0.0 36000
1695303392657 0.0 40000
1695303425023 0.0 44000
1695303456209 0.0 48000
1695303487935 0.0 52000
1695303518678 0.0 56000
1695303550391 0.0 60000
1695303581581 0.0 64000
1695303615315 0.0 68000
1695303648055 0.0 72000
1695303680723 0.0 76000
1695303712474 0.0 80000
1695303753671 0.0 84000
1695303786185 0.0 88000
1695303816909 0.0 92000
1695303852598 0.0 96000
1695303897719 0.0 100000
1695303939876 0.0 104000
1695303972594 0.0 108000
1695304013120 0.0 112000
1695304058290 0.0 116000
1695304101503 0.0 120000
1695304142265 0.0 124000
1695304191976 0.0 128000
1695304235677 0.0 132000
1695304278790 0.0 136000
1695304323046 0.0 140000
1695304364647 0.0 144000
1695304406511 0.0 148000
1695304450397 0.0 152000
1695304491874 0.0 156000
1695304533224 0.0 160000
1695304577670 0.0 164000
1695304622816 0.0 168000
1695304666306 0.0 172000
1695304711427 0.0 176000
1695304750995 0.0 180000
1695304788701 0.0 184000
1695304832506 0.0 188000
1695304872621 0.0 192000
1695304909338 0.0 196000
1695304945203 0.0 200000
1695304982288 0.0 204000
1695305024961 0.0 208000
1695305061196 0.0 212000
1695305097655 0.0 216000
1695305135825 0.0 220000
1695305173044 0.0 224000
1695305208257 0.0 228000
1695305242108 0.0 232000
1695305272956 0.0 236000
1695305303630 0.0 240000
1695305334989 0.0 244000
1695305365394 0.0 248000
1695305395831 0.0 252000
1695305426337 0.0 256000
1695305457082 0.0 260000
1695305487688 0.0 264000
1695305518356 0.0 268000
1695305548754 0.0 272000
1695305579462 0.0 276000
1695305610920 0.0 280000
1695305641246 0.0 284000
1695305672081 0.0 288000
1695305702320 0.0 292000
1695305733735 0.0 296000
1695305763897 0.0 300000
1695305794918 0.0 304000
1695305825324 0.0 308000
1695305856180 0.0 312000
1695305886443 0.0 316000
1695305917067 0.0 320000
1695305947553 0.0 324000
1695305978480 0.0 328000
1695306008634 0.0 332000
1695306039495 0.0 336000
1695306070864 0.0 340000
1695306101768 0.0 344000
1695306132233 0.0 348000
1695306162858 0.0 352000
1695306193347 0.0 356000
1695306224270 0.0 360000
1695306254686 0.0 364000
1695306287105 0.0 368000
1695306318471 0.0 372000
1695306351040 0.0 376000
1695306382499 0.0 380000
1695306417626 0.0 384000
1695306452177 0.0 388000
1695306486431 0.0 392000
1695306519884 0.0 396000
1695306554054 0.0 400000
1695306586060 0.0 404000
1695306620760 0.0 408000
1695306653659 0.0 412000
1695306687347 0.0 416000
1695306720437 0.0 420000
1695306752911 0.0 424000
1695306786064 0.0 428000
1695306823354 0.0 432000
1695306860184 0.0 436000
1695306893531 0.0 440000
1695306927001 0.0 444000
1695306961081 0.0 448000
1695306995300 0.0 452000
1695307028902 0.0 456000
1695307061139 0.0 460000
1695307093354 0.0 464000
1695307128169 0.0 468000
1695307160883 0.0 472000
1695307193718 0.0 476000
1695307226872 0.0 480000
1695307261284 0.0 484000
1695307295755 0.0 488000
1695307328546 0.0 492000
1695307362175 0.0 496000
1695307398509 0.0 500000
1695307433762 0.0 504000
1695307466793 0.0 508000
1695307502289 0.0 512000
1695307540848 0.0 516000
1695307575749 0.0 520000
1695307615168 0.0 524000
1695307652897 0.0 528000
1695307688957 0.0 532000
1695307724733 0.0 536000
1695307759366 0.0 540000
1695307803577 0.0 544000
1695307846193 0.0 548000
1695307880667 0.0 552000
1695307919598 0.0 556000
1695307956763 0.0 560000
1695307994844 0.0 564000
1695308027998 0.0 568000
1695308062869 0.0 572000
1695308098075 0.0 576000
1695308132086 0.0 580000
1695308167199 0.0 584000
1695308204576 0.0 588000
1695308240203 0.0 592000
1695308275240 0.0 596000
1695308317605 0.0 600000
1695308353380 0.0 604000
1695308394715 0.0 608000
1695308433105 0.0 612000
1695308469723 0.0 616000
1695308516158 0.0 620000
1695308552736 0.0 624000
1695308589914 0.0 628000
1695308629698 0.0 632000
1695308665751 0.0 636000
1695308703936 0.0 640000
1695308741012 0.0 644000
1695308776416 0.0 648000
1695308813089 0.0 652000
1695308854488 0.0 656000
1695308889142 0.0 660000
1695308922237 0.0 664000
1695308955610 0.0 668000
1695308990622 0.0 672000
1695309025553 0.0 676000
1695309064246 0.0 680000
1695309102417 0.0 684000
1695309138033 0.0 688000
1695309173150 0.0 692000
1695309207160 0.0 696000
1695309241583 0.0 700000
1695309278088 0.0 704000
1695309314230 0.0 708000
1695309350703 0.0 712000
1695309387549 0.0 716000
1695309422265 0.0 720000
1695309457109 0.0 724000
1695309489502 0.0 728000
1695309522270 0.0 732000
1695309555444 0.0 736000
1695309590303 0.0 740000
1695309624563 0.0 744000
1695309658535 0.0 748000
1695309692327 0.0 752000
1695309730403 0.0 756000
1695309764975 0.0 760000
1695309797466 0.0 764000
1695309829820 0.0 768000
1695309863388 0.0 772000
1695309897294 0.0 776000
1695309932658 0.0 780000
1695309969919 0.0 784000
1695310015811 0.0 788000
1695310052548 0.0 792000
1695310087720 0.0 796000
1695310125624 0.0 800000
1695310160735 0.0 804000
1695310197720 0.0 808000
1695310240311 0.0 812000
1695310277541 0.0 816000
1695310312647 0.0 820000
1695310348285 0.0 824000
1695310386609 0.0 828000
1695310421481 0.0 832000
1695310455143 0.0 836000
1695310493976 0.0 840000
1695310538683 0.0 844000
1695310575909 0.0 848000
1695310616822 0.0 852000
1695310655433 0.0 856000
1695310690296 0.0 860000
1695310724013 0.0 864000
1695310758900 0.0 868000
