1695303109670 1.0 4000
1695303138359 1.0 8000
1695303167496 1.0 12000
1695303196266 1.0 16000
1695303230325 1.0 20000
1695303262659 1.0 24000
1695303295806 1.0 28000
1695303328638 1.0 32000
1695303360526 1.0 36000
1695303392657 1.0 40000
1695303425024 1.0 44000
1695303456210 1.0 48000
1695303487935 1.0 52000
1695303518678 1.0 56000
1695303550391 1.0 60000
1695303581581 1.0 64000
1695303615315 1.0 68000
1695303648056 1.0 72000
1695303680724 1.0 76000
1695303712474 1.0 80000
1695303753671 1.0 84000
1695303786185 1.0 88000
1695303816909 1.0 92000
1695303852598 1.0 96000
1695303897720 1.0 100000
1695303939876 1.0 104000
1695303972595 1.0 108000
1695304013120 1.0 112000
1695304058291 1.0 116000
1695304101503 1.0 120000
1695304142265 1.0 124000
1695304191976 1.0 128000
1695304235678 1.0 132000
1695304278790 1.0 136000
1695304323046 1.0 140000
1695304364648 1.0 144000
1695304406511 1.0 148000
1695304450397 1.0 152000
1695304491874 1.0 156000
1695304533225 1.0 160000
1695304577671 1.0 164000
1695304622817 1.0 168000
1695304666307 1.0 172000
1695304711427 1.0 176000
1695304750995 1.0 180000
1695304788702 1.0 184000
1695304832506 1.0 188000
1695304872621 1.0 192000
1695304909338 1.0 196000
1695304945204 1.0 200000
1695304982288 1.0 204000
1695305024962 1.0 208000
1695305061196 1.0 212000
1695305097655 1.0 216000
1695305135826 1.0 220000
1695305173044 1.0 224000
1695305208258 1.0 228000
1695305242109 1.0 232000
1695305272956 1.0 236000
1695305303630 1.0 240000
1695305334989 1.0 244000
1695305365394 1.0 248000
1695305395832 1.0 252000
1695305426337 1.0 256000
1695305457082 1.0 260000
1695305487689 1.0 264000
1695305518356 1.0 268000
1695305548755 1.0 272000
1695305579462 1.0 276000
1695305610920 1.0 280000
1695305641246 1.0 284000
1695305672082 1.0 288000
1695305702320 1.0 292000
1695305733735 1.0 296000
1695305763897 1.0 300000
1695305794919 1.0 304000
1695305825324 1.0 308000
1695305856180 1.0 312000
1695305886443 1.0 316000
1695305917068 1.0 320000
1695305947553 1.0 324000
1695305978480 1.0 328000
1695306008634 1.0 332000
1695306039496 1.0 336000
1695306070864 1.0 340000
1695306101768 1.0 344000
1695306132233 1.0 348000
1695306162859 1.0 352000
1695306193347 1.0 356000
1695306224270 1.0 360000
1695306254686 1.0 364000
1695306287106 1.0 368000
1695306318472 1.0 372000
1695306351041 1.0 376000
1695306382500 1.0 380000
1695306417626 1.0 384000
1695306452178 1.0 388000
1695306486432 1.0 392000
1695306519884 1.0 396000
1695306554054 1.0 400000
1695306586060 1.0 404000
1695306620760 1.0 408000
1695306653659 1.0 412000
1695306687347 1.0 416000
1695306720437 1.0 420000
1695306752911 1.0 424000
1695306786064 1.0 428000
1695306823354 1.0 432000
1695306860184 1.0 436000
1695306893531 1.0 440000
1695306927001 1.0 444000
1695306961082 1.0 448000
1695306995300 1.0 452000
1695307028902 1.0 456000
1695307061140 1.0 460000
1695307093355 1.0 464000
1695307128169 1.0 468000
1695307160884 1.0 472000
1695307193719 1.0 476000
1695307226872 1.0 480000
1695307261284 1.0 484000
1695307295755 1.0 488000
1695307328546 1.0 492000
1695307362175 1.0 496000
1695307398510 1.0 500000
1695307433763 1.0 504000
1695307466793 1.0 508000
1695307502289 1.0 512000
1695307540849 1.0 516000
1695307575749 1.0 520000
1695307615168 1.0 524000
1695307652898 1.0 528000
1695307688957 1.0 532000
1695307724734 1.0 536000
1695307759366 1.0 540000
1695307803578 1.0 544000
1695307846193 1.0 548000
1695307880667 1.0 552000
1695307919598 1.0 556000
1695307956763 1.0 560000
1695307994845 1.0 564000
1695308027999 1.0 568000
1695308062870 1.0 572000
1695308098075 1.0 576000
1695308132086 1.0 580000
1695308167199 1.0 584000
1695308204577 1.0 588000
1695308240203 1.0 592000
1695308275241 1.0 596000
1695308317605 1.0 600000
1695308353380 1.0 604000
1695308394715 1.0 608000
1695308433105 1.0 612000
1695308469723 1.0 616000
1695308516158 1.0 620000
1695308552736 1.0 624000
1695308589915 1.0 628000
1695308629699 1.0 632000
1695308665751 1.0 636000
1695308703936 1.0 640000
1695308741012 1.0 644000
1695308776416 1.0 648000
1695308813089 1.0 652000
1695308854489 1.0 656000
1695308889142 1.0 660000
1695308922238 1.0 664000
1695308955610 1.0 668000
1695308990622 1.0 672000
1695309025553 1.0 676000
1695309064246 1.0 680000
1695309102418 1.0 684000
1695309138033 1.0 688000
1695309173150 1.0 692000
1695309207160 1.0 696000
1695309241584 1.0 700000
1695309278088 1.0 704000
1695309314230 1.0 708000
1695309350704 1.0 712000
1695309387549 1.0 716000
1695309422265 1.0 720000
1695309457110 1.0 724000
1695309489502 1.0 728000
1695309522270 1.0 732000
1695309555445 1.0 736000
1695309590303 1.0 740000
1695309624564 1.0 744000
1695309658536 1.0 748000
1695309692327 1.0 752000
1695309730404 1.0 756000
1695309764976 1.0 760000
1695309797467 1.0 764000
1695309829821 1.0 768000
1695309863389 1.0 772000
1695309897295 1.0 776000
1695309932659 1.0 780000
1695309969919 1.0 784000
1695310015811 1.0 788000
1695310052548 1.0 792000
1695310087720 1.0 796000
1695310125624 1.0 800000
1695310160735 1.0 804000
1695310197721 1.0 808000
1695310240312 1.0 812000
1695310277541 1.0 816000
1695310312648 1.0 820000
1695310348286 1.0 824000
1695310386609 1.0 828000
1695310421481 1.0 832000
1695310455143 1.0 836000
1695310493976 1.0 840000
1695310538683 1.0 844000
1695310575910 1.0 848000
1695310616823 1.0 852000
1695310655433 1.0 856000
1695310690297 1.0 860000
1695310724013 1.0 864000
1695310758900 1.0 868000
