1695303109668 1.0 4000
1695303138357 1.0 8000
1695303167493 1.0 12000
1695303196263 1.0 16000
1695303230322 1.0 20000
1695303262657 1.0 24000
1695303295803 1.0 28000
1695303328636 1.0 32000
1695303360524 1.0 36000
1695303392655 1.0 40000
1695303425021 1.0 44000
1695303456207 1.0 48000
1695303487933 1.0 52000
1695303518676 1.0 56000
1695303550389 1.0 60000
1695303581579 1.0 64000
1695303615313 1.0 68000
1695303648053 1.0 72000
1695303680721 1.0 76000
1695303712472 1.0 80000
1695303753669 1.0 84000
1695303786183 1.0 88000
1695303816907 1.0 92000
1695303852595 1.0 96000
1695303897716 1.0 100000
1695303939874 1.0 104000
1695303972592 1.0 108000
1695304013117 1.0 112000
1695304058287 1.0 116000
1695304101501 1.0 120000
1695304142262 1.0 124000
1695304191973 1.0 128000
1695304235675 1.0 132000
1695304278787 1.0 136000
1695304323043 1.0 140000
1695304364645 1.0 144000
1695304406508 1.0 148000
1695304450394 1.0 152000
1695304491872 1.0 156000
1695304533222 1.0 160000
1695304577667 1.0 164000
1695304622812 1.0 168000
1695304666304 1.0 172000
1695304711425 1.0 176000
1695304750993 1.0 180000
1695304788699 1.0 184000
1695304832504 1.0 188000
1695304872618 1.0 192000
1695304909335 1.0 196000
1695304945201 1.0 200000
1695304982286 1.0 204000
1695305024959 1.0 208000
1695305061194 1.0 212000
1695305097653 1.0 216000
1695305135823 1.0 220000
1695305173042 1.0 224000
1695305208255 1.0 228000
1695305242107 1.0 232000
1695305272954 1.0 236000
1695305303628 1.0 240000
1695305334987 1.0 244000
1695305365392 1.0 248000
1695305395830 1.0 252000
1695305426335 1.0 256000
1695305457080 1.0 260000
1695305487686 1.0 264000
1695305518354 1.0 268000
1695305548752 1.0 272000
1695305579460 1.0 276000
1695305610918 1.0 280000
1695305641244 1.0 284000
1695305672080 1.0 288000
1695305702318 1.0 292000
1695305733733 1.0 296000
1695305763895 1.0 300000
1695305794917 1.0 304000
1695305825322 1.0 308000
1695305856178 1.0 312000
1695305886441 1.0 316000
1695305917066 1.0 320000
1695305947551 1.0 324000
1695305978478 1.0 328000
1695306008632 1.0 332000
1695306039493 1.0 336000
1695306070862 1.0 340000
1695306101766 1.0 344000
1695306132231 1.0 348000
1695306162857 1.0 352000
1695306193345 1.0 356000
1695306224268 1.0 360000
1695306254684 1.0 364000
1695306287104 1.0 368000
1695306318470 1.0 372000
1695306351039 1.0 376000
1695306382498 1.0 380000
1695306417623 1.0 384000
1695306452175 1.0 388000
1695306486429 1.0 392000
1695306519882 1.0 396000
1695306554052 1.0 400000
1695306586058 1.0 404000
1695306620758 1.0 408000
1695306653657 1.0 412000
1695306687345 1.0 416000
1695306720435 1.0 420000
1695306752909 1.0 424000
1695306786062 1.0 428000
1695306823351 1.0 432000
1695306860182 1.0 436000
1695306893529 1.0 440000
1695306926998 1.0 444000
1695306961080 1.0 448000
1695306995298 1.0 452000
1695307028900 1.0 456000
1695307061137 1.0 460000
1695307093352 1.0 464000
1695307128167 1.0 468000
1695307160881 1.0 472000
1695307193717 1.0 476000
1695307226870 1.0 480000
1695307261282 1.0 484000
1695307295753 1.0 488000
1695307328544 1.0 492000
1695307362173 1.0 496000
1695307398507 1.0 500000
1695307433760 1.0 504000
1695307466791 1.0 508000
1695307502287 1.0 512000
1695307540846 1.0 516000
1695307575747 1.0 520000
1695307615165 1.0 524000
1695307652895 1.0 528000
1695307688953 1.0 532000
1695307724731 1.0 536000
1695307759364 1.0 540000
1695307803573 1.0 544000
1695307846191 1.0 548000
1695307880665 1.0 552000
1695307919596 1.0 556000
1695307956760 1.0 560000
1695307994841 1.0 564000
1695308027996 1.0 568000
1695308062867 1.0 572000
1695308098073 1.0 576000
1695308132084 1.0 580000
1695308167197 1.0 584000
1695308204574 1.0 588000
1695308240201 1.0 592000
1695308275238 1.0 596000
1695308317603 1.0 600000
1695308353378 1.0 604000
1695308394712 1.0 608000
1695308433103 1.0 612000
1695308469721 1.0 616000
1695308516156 1.0 620000
1695308552734 1.0 624000
1695308589912 1.0 628000
1695308629696 1.0 632000
1695308665749 1.0 636000
1695308703934 1.0 640000
1695308741010 1.0 644000
1695308776414 1.0 648000
1695308813087 1.0 652000
1695308854486 1.0 656000
1695308889140 1.0 660000
1695308922235 1.0 664000
1695308955608 1.0 668000
1695308990620 1.0 672000
1695309025550 1.0 676000
1695309064243 1.0 680000
1695309102415 1.0 684000
1695309138031 1.0 688000
1695309173148 1.0 692000
1695309207158 1.0 696000
1695309241581 1.0 700000
1695309278086 1.0 704000
1695309314228 1.0 708000
1695309350702 1.0 712000
1695309387547 1.0 716000
1695309422263 1.0 720000
1695309457107 1.0 724000
1695309489500 1.0 728000
1695309522268 1.0 732000
1695309555442 1.0 736000
1695309590301 1.0 740000
1695309624561 1.0 744000
1695309658533 1.0 748000
1695309692325 1.0 752000
1695309730401 1.0 756000
1695309764973 1.0 760000
1695309797464 1.0 764000
1695309829818 1.0 768000
1695309863386 1.0 772000
1695309897292 1.0 776000
1695309932656 1.0 780000
1695309969916 1.0 784000
1695310015809 1.0 788000
1695310052546 1.0 792000
1695310087717 1.0 796000
1695310125622 1.0 800000
1695310160733 1.0 804000
1695310197718 1.0 808000
1695310240309 1.0 812000
1695310277539 1.0 816000
1695310312646 1.0 820000
1695310348283 1.0 824000
1695310386607 1.0 828000
1695310421479 1.0 832000
1695310455141 1.0 836000
1695310493974 1.0 840000
1695310538681 1.0 844000
1695310575907 1.0 848000
1695310616820 1.0 852000
1695310655431 1.0 856000
1695310690295 1.0 860000
1695310724011 1.0 864000
1695310758898 1.0 868000
