1695303109669 1.0 4000
1695303138358 1.0 8000
1695303167494 1.0 12000
1695303196264 1.0 16000
1695303230323 1.0 20000
1695303262658 1.0 24000
1695303295804 1.0 28000
1695303328637 1.0 32000
1695303360525 1.0 36000
1695303392656 1.0 40000
1695303425023 1.0 44000
1695303456208 1.0 48000
1695303487934 1.0 52000
1695303518677 1.0 56000
1695303550390 1.0 60000
1695303581580 1.0 64000
1695303615314 1.0 68000
1695303648055 1.0 72000
1695303680723 1.0 76000
1695303712473 1.0 80000
1695303753670 1.0 84000
1695303786184 1.0 88000
1695303816908 1.0 92000
1695303852597 1.0 96000
1695303897718 1.0 100000
1695303939875 1.0 104000
1695303972594 1.0 108000
1695304013119 1.0 112000
1695304058289 1.0 116000
1695304101502 1.0 120000
1695304142264 1.0 124000
1695304191975 1.0 128000
1695304235676 1.0 132000
1695304278789 1.0 136000
1695304323045 1.0 140000
1695304364647 1.0 144000
1695304406509 1.0 148000
1695304450396 1.0 152000
1695304491873 1.0 156000
1695304533223 1.0 160000
1695304577669 1.0 164000
1695304622814 1.0 168000
1695304666305 1.0 172000
1695304711426 1.0 176000
1695304750994 1.0 180000
1695304788701 1.0 184000
1695304832505 1.0 188000
1695304872620 1.0 192000
1695304909337 1.0 196000
1695304945202 1.0 200000
1695304982287 1.0 204000
1695305024960 1.0 208000
1695305061195 1.0 212000
1695305097654 1.0 216000
1695305135825 1.0 220000
1695305173043 1.0 224000
1695305208257 1.0 228000
1695305242108 1.0 232000
1695305272955 1.0 236000
1695305303629 1.0 240000
1695305334988 1.0 244000
1695305365393 1.0 248000
1695305395831 1.0 252000
1695305426336 1.0 256000
1695305457081 1.0 260000
1695305487687 1.0 264000
1695305518355 1.0 268000
1695305548754 1.0 272000
1695305579461 1.0 276000
1695305610919 1.0 280000
1695305641245 1.0 284000
1695305672081 1.0 288000
1695305702319 1.0 292000
1695305733734 1.0 296000
1695305763896 1.0 300000
1695305794918 1.0 304000
1695305825323 1.0 308000
1695305856179 1.0 312000
1695305886442 1.0 316000
1695305917067 1.0 320000
1695305947552 1.0 324000
1695305978479 1.0 328000
1695306008633 1.0 332000
1695306039495 1.0 336000
1695306070863 1.0 340000
1695306101767 1.0 344000
1695306132232 1.0 348000
1695306162858 1.0 352000
1695306193346 1.0 356000
1695306224269 1.0 360000
1695306254685 1.0 364000
1695306287105 1.0 368000
1695306318471 1.0 372000
1695306351040 1.0 376000
1695306382499 1.0 380000
1695306417625 1.0 384000
1695306452177 1.0 388000
1695306486430 1.0 392000
1695306519883 1.0 396000
1695306554053 1.0 400000
1695306586059 1.0 404000
1695306620759 1.0 408000
1695306653658 1.0 412000
1695306687346 1.0 416000
1695306720436 1.0 420000
1695306752910 1.0 424000
1695306786063 1.0 428000
1695306823353 1.0 432000
1695306860183 1.0 436000
1695306893530 1.0 440000
1695306927000 1.0 444000
1695306961081 1.0 448000
1695306995299 1.0 452000
1695307028901 1.0 456000
1695307061138 1.0 460000
1695307093353 1.0 464000
1695307128168 1.0 468000
1695307160883 1.0 472000
1695307193718 1.0 476000
1695307226871 1.0 480000
1695307261283 1.0 484000
1695307295754 1.0 488000
1695307328545 1.0 492000
1695307362174 1.0 496000
1695307398508 1.0 500000
1695307433761 1.0 504000
1695307466792 1.0 508000
1695307502288 1.0 512000
1695307540847 1.0 516000
1695307575748 1.0 520000
1695307615167 1.0 524000
1695307652896 1.0 528000
1695307688955 1.0 532000
1695307724732 1.0 536000
1695307759365 1.0 540000
1695307803576 1.0 544000
1695307846192 1.0 548000
1695307880666 1.0 552000
1695307919597 1.0 556000
1695307956762 1.0 560000
1695307994843 1.0 564000
1695308027998 1.0 568000
1695308062868 1.0 572000
1695308098074 1.0 576000
1695308132085 1.0 580000
1695308167198 1.0 584000
1695308204575 1.0 588000
1695308240202 1.0 592000
1695308275240 1.0 596000
1695308317604 1.0 600000
1695308353379 1.0 604000
1695308394714 1.0 608000
1695308433104 1.0 612000
1695308469722 1.0 616000
1695308516157 1.0 620000
1695308552735 1.0 624000
1695308589914 1.0 628000
1695308629698 1.0 632000
1695308665750 1.0 636000
1695308703935 1.0 640000
1695308741011 1.0 644000
1695308776415 1.0 648000
1695308813088 1.0 652000
1695308854488 1.0 656000
1695308889141 1.0 660000
1695308922237 1.0 664000
1695308955609 1.0 668000
1695308990621 1.0 672000
1695309025552 1.0 676000
1695309064245 1.0 680000
1695309102416 1.0 684000
1695309138032 1.0 688000
1695309173149 1.0 692000
1695309207159 1.0 696000
1695309241582 1.0 700000
1695309278087 1.0 704000
1695309314229 1.0 708000
1695309350703 1.0 712000
1695309387548 1.0 716000
1695309422264 1.0 720000
1695309457109 1.0 724000
1695309489501 1.0 728000
1695309522269 1.0 732000
1695309555443 1.0 736000
1695309590302 1.0 740000
1695309624563 1.0 744000
1695309658534 1.0 748000
1695309692326 1.0 752000
1695309730402 1.0 756000
1695309764975 1.0 760000
1695309797466 1.0 764000
1695309829819 1.0 768000
1695309863387 1.0 772000
1695309897294 1.0 776000
1695309932658 1.0 780000
1695309969917 1.0 784000
1695310015810 1.0 788000
1695310052547 1.0 792000
1695310087719 1.0 796000
1695310125623 1.0 800000
1695310160734 1.0 804000
1695310197720 1.0 808000
1695310240310 1.0 812000
1695310277540 1.0 816000
1695310312647 1.0 820000
1695310348284 1.0 824000
1695310386608 1.0 828000
1695310421480 1.0 832000
1695310455142 1.0 836000
1695310493975 1.0 840000
1695310538682 1.0 844000
1695310575909 1.0 848000
1695310616821 1.0 852000
1695310655432 1.0 856000
1695310690296 1.0 860000
1695310724012 1.0 864000
1695310758899 1.0 868000
