1695303109669 0.0 4000
1695303138358 0.0 8000
1695303167494 0.0 12000
1695303196264 0.0 16000
1695303230323 0.0 20000
1695303262657 0.0 24000
1695303295804 0.0 28000
1695303328637 0.0 32000
1695303360525 0.0 36000
1695303392656 0.0 40000
1695303425022 0.0 44000
1695303456208 0.0 48000
1695303487934 0.0 52000
1695303518677 0.0 56000
1695303550390 0.0 60000
1695303581580 0.0 64000
1695303615314 0.0 68000
1695303648054 0.0 72000
1695303680722 0.0 76000
1695303712473 0.0 80000
1695303753669 0.0 84000
1695303786184 0.0 88000
1695303816908 0.0 92000
1695303852596 0.0 96000
1695303897717 0.0 100000
1695303939874 0.0 104000
1695303972593 0.0 108000
1695304013118 0.0 112000
1695304058288 0.0 116000
1695304101501 0.0 120000
1695304142263 0.0 124000
1695304191974 0.0 128000
1695304235676 0.0 132000
1695304278788 0.0 136000
1695304323044 0.0 140000
1695304364646 0.0 144000
1695304406509 0.0 148000
1695304450395 0.0 152000
1695304491873 0.0 156000
1695304533223 0.0 160000
1695304577668 0.0 164000
1695304622814 0.0 168000
1695304666305 0.0 172000
1695304711426 0.0 176000
1695304750994 0.0 180000
1695304788700 0.0 184000
1695304832505 0.0 188000
1695304872619 0.0 192000
1695304909336 0.0 196000
1695304945202 0.0 200000
1695304982286 0.0 204000
1695305024960 0.0 208000
1695305061195 0.0 212000
1695305097654 0.0 216000
1695305135824 0.0 220000
1695305173043 0.0 224000
1695305208256 0.0 228000
1695305242107 0.0 232000
1695305272954 0.0 236000
1695305303628 0.0 240000
1695305334988 0.0 244000
1695305365393 0.0 248000
1695305395830 0.0 252000
1695305426336 0.0 256000
1695305457081 0.0 260000
1695305487687 0.0 264000
1695305518355 0.0 268000
1695305548753 0.0 272000
1695305579461 0.0 276000
1695305610918 0.0 280000
1695305641245 0.0 284000
1695305672080 0.0 288000
1695305702319 0.0 292000
1695305733734 0.0 296000
1695305763895 0.0 300000
1695305794917 0.0 304000
1695305825323 0.0 308000
1695305856179 0.0 312000
1695305886442 0.0 316000
1695305917066 0.0 320000
1695305947552 0.0 324000
1695305978479 0.0 328000
1695306008633 0.0 332000
1695306039494 0.0 336000
1695306070863 0.0 340000
1695306101767 0.0 344000
1695306132232 0.0 348000
1695306162857 0.0 352000
1695306193345 0.0 356000
1695306224269 0.0 360000
1695306254684 0.0 364000
1695306287104 0.0 368000
1695306318470 0.0 372000
1695306351039 0.0 376000
1695306382498 0.0 380000
1695306417624 0.0 384000
1695306452176 0.0 388000
1695306486430 0.0 392000
1695306519883 0.0 396000
1695306554053 0.0 400000
1695306586058 0.0 404000
1695306620759 0.0 408000
1695306653658 0.0 412000
1695306687346 0.0 416000
1695306720436 0.0 420000
1695306752910 0.0 424000
1695306786063 0.0 428000
1695306823352 0.0 432000
1695306860183 0.0 436000
1695306893530 0.0 440000
1695306926999 0.0 444000
1695306961080 0.0 448000
1695306995299 0.0 452000
1695307028901 0.0 456000
1695307061138 0.0 460000
1695307093353 0.0 464000
1695307128168 0.0 468000
1695307160882 0.0 472000
1695307193717 0.0 476000
1695307226871 0.0 480000
1695307261283 0.0 484000
1695307295754 0.0 488000
1695307328545 0.0 492000
1695307362174 0.0 496000
1695307398508 0.0 500000
1695307433761 0.0 504000
1695307466792 0.0 508000
1695307502288 0.0 512000
1695307540846 0.0 516000
1695307575748 0.0 520000
1695307615166 0.0 524000
1695307652896 0.0 528000
1695307688955 0.0 532000
1695307724732 0.0 536000
1695307759365 0.0 540000
1695307803575 0.0 544000
1695307846192 0.0 548000
1695307880666 0.0 552000
1695307919596 0.0 556000
1695307956761 0.0 560000
1695307994843 0.0 564000
1695308027997 0.0 568000
1695308062868 0.0 572000
1695308098074 0.0 576000
1695308132085 0.0 580000
1695308167197 0.0 584000
1695308204575 0.0 588000
1695308240202 0.0 592000
1695308275239 0.0 596000
1695308317604 0.0 600000
1695308353379 0.0 604000
1695308394713 0.0 608000
1695308433104 0.0 612000
1695308469722 0.0 616000
1695308516156 0.0 620000
1695308552735 0.0 624000
1695308589913 0.0 628000
1695308629697 0.0 632000
1695308665750 0.0 636000
1695308703935 0.0 640000
1695308741011 0.0 644000
1695308776415 0.0 648000
1695308813088 0.0 652000
1695308854487 0.0 656000
1695308889140 0.0 660000
1695308922236 0.0 664000
1695308955609 0.0 668000
1695308990620 0.0 672000
1695309025551 0.0 676000
1695309064244 0.0 680000
1695309102416 0.0 684000
1695309138032 0.0 688000
1695309173149 0.0 692000
1695309207159 0.0 696000
1695309241582 0.0 700000
1695309278087 0.0 704000
1695309314229 0.0 708000
1695309350702 0.0 712000
1695309387548 0.0 716000
1695309422264 0.0 720000
1695309457108 0.0 724000
1695309489501 0.0 728000
1695309522268 0.0 732000
1695309555443 0.0 736000
1695309590302 0.0 740000
1695309624562 0.0 744000
1695309658534 0.0 748000
1695309692326 0.0 752000
1695309730402 0.0 756000
1695309764974 0.0 760000
1695309797465 0.0 764000
1695309829819 0.0 768000
1695309863387 0.0 772000
1695309897293 0.0 776000
1695309932657 0.0 780000
1695309969917 0.0 784000
1695310015809 0.0 788000
1695310052546 0.0 792000
1695310087718 0.0 796000
1695310125623 0.0 800000
1695310160734 0.0 804000
1695310197719 0.0 808000
1695310240310 0.0 812000
1695310277540 0.0 816000
1695310312646 0.0 820000
1695310348284 0.0 824000
1695310386608 0.0 828000
1695310421480 0.0 832000
1695310455141 0.0 836000
1695310493975 0.0 840000
1695310538681 0.0 844000
1695310575908 0.0 848000
1695310616821 0.0 852000
1695310655432 0.0 856000
1695310690295 0.0 860000
1695310724012 0.0 864000
1695310758899 0.0 868000
