1695136485655 0.0 4000
1695136522556 0.0 8000
1695136560489 0.0 12000
1695136594715 0.0 16000
1695136626352 0.0 20000
1695136659482 0.0 24000
1695136692968 0.0 28000
1695136726871 0.0 32000
1695136760631 0.0 36000
1695136795252 0.0 40000
1695136829891 0.0 44000
1695136863924 0.0 48000
1695136896356 0.0 52000
1695136932805 0.0 56000
1695136966912 0.0 60000
1695136999809 0.0 64000
1695137033510 0.0 68000
1695137066556 0.0 72000
1695137103839 0.0 76000
1695137142224 0.0 80000
1695137179795 0.0 84000
1695137217219 0.0 88000
1695137252718 0.0 92000
1695137286592 0.0 96000
1695137322213 0.0 100000
1695137356766 0.0 104000
1695137389789 0.0 108000
1695137421536 0.0 112000
1695137453500 0.0 116000
1695137486603 0.0 120000
1695137518856 0.0 124000
1695137553035 0.0 128000
1695137587545 0.0 132000
1695137620440 0.0 136000
1695137652440 0.0 140000
1695137685778 0.0 144000
1695137720488 0.0 148000
1695137753184 0.0 152000
1695137785995 0.0 156000
1695137819471 0.0 160000
