1695136485656 0.20000000000000004 4000
1695136522557 0.20000000000000004 8000
1695136560490 0.20000000000000004 12000
1695136594715 0.20000000000000004 16000
1695136626352 0.20000000000000004 20000
1695136659483 0.20000000000000004 24000
1695136692969 0.20000000000000004 28000
1695136726871 0.20000000000000004 32000
1695136760632 0.20000000000000004 36000
1695136795253 0.20000000000000004 40000
1695136829892 0.20000000000000004 44000
1695136863925 0.20000000000000004 48000
1695136896356 0.20000000000000004 52000
1695136932806 0.20000000000000004 56000
1695136966912 0.20000000000000004 60000
1695136999809 0.20000000000000004 64000
1695137033511 0.20000000000000004 68000
1695137066557 0.20000000000000004 72000
1695137103839 0.20000000000000004 76000
1695137142225 0.20000000000000004 80000
1695137179796 0.20000000000000004 84000
1695137217220 0.20000000000000004 88000
1695137252719 0.20000000000000004 92000
1695137286593 0.20000000000000004 96000
1695137322214 0.20000000000000004 100000
1695137356767 0.20000000000000004 104000
1695137389790 0.20000000000000004 108000
1695137421537 0.20000000000000004 112000
1695137453501 0.20000000000000004 116000
1695137486604 0.20000000000000004 120000
1695137518857 0.20000000000000004 124000
1695137553036 0.20000000000000004 128000
1695137587545 0.20000000000000004 132000
1695137620441 0.20000000000000004 136000
1695137652441 0.20000000000000004 140000
1695137685779 0.20000000000000004 144000
1695137720489 0.20000000000000004 148000
1695137753185 0.20000000000000004 152000
1695137785996 0.20000000000000004 156000
1695137819472 0.20000000000000004 160000
