1695136485656 5.0000000000000016e-05 4000
1695136522558 5.0000000000000016e-05 8000
1695136560490 5.0000000000000016e-05 12000
1695136594716 5.0000000000000016e-05 16000
1695136626353 5.0000000000000016e-05 20000
1695136659484 5.0000000000000016e-05 24000
1695136692969 5.0000000000000016e-05 28000
1695136726872 5.0000000000000016e-05 32000
1695136760632 5.0000000000000016e-05 36000
1695136795253 5.0000000000000016e-05 40000
1695136829892 5.0000000000000016e-05 44000
1695136863926 5.0000000000000016e-05 48000
1695136896357 5.0000000000000016e-05 52000
1695136932806 5.0000000000000016e-05 56000
1695136966913 5.0000000000000016e-05 60000
1695136999810 5.0000000000000016e-05 64000
1695137033512 5.0000000000000016e-05 68000
1695137066558 5.0000000000000016e-05 72000
1695137103840 5.0000000000000016e-05 76000
1695137142226 5.0000000000000016e-05 80000
1695137179797 5.0000000000000016e-05 84000
1695137217220 5.0000000000000016e-05 88000
1695137252719 5.0000000000000016e-05 92000
1695137286594 5.0000000000000016e-05 96000
1695137322214 5.0000000000000016e-05 100000
1695137356767 5.0000000000000016e-05 104000
1695137389791 5.0000000000000016e-05 108000
1695137421538 5.0000000000000016e-05 112000
1695137453501 5.0000000000000016e-05 116000
1695137486604 5.0000000000000016e-05 120000
1695137518858 5.0000000000000016e-05 124000
1695137553037 5.0000000000000016e-05 128000
1695137587546 5.0000000000000016e-05 132000
1695137620442 5.0000000000000016e-05 136000
1695137652441 5.0000000000000016e-05 140000
1695137685779 5.0000000000000016e-05 144000
1695137720489 5.0000000000000016e-05 148000
1695137753186 5.0000000000000016e-05 152000
1695137785996 5.0000000000000016e-05 156000
1695137819472 5.0000000000000016e-05 160000
