1695136485659 0.0010000000000000005 4000
1695136522561 0.0010000000000000005 8000
1695136560493 0.0010000000000000005 12000
1695136594718 0.0010000000000000005 16000
1695136626355 0.0010000000000000005 20000
1695136659486 0.0010000000000000005 24000
1695136692972 0.0010000000000000005 28000
1695136726875 0.0010000000000000005 32000
1695136760635 0.0010000000000000005 36000
1695136795256 0.0010000000000000005 40000
1695136829895 0.0010000000000000005 44000
1695136863928 0.0010000000000000005 48000
1695136896360 0.0010000000000000005 52000
1695136932809 0.0010000000000000005 56000
1695136966916 0.0010000000000000005 60000
1695136999813 0.0010000000000000005 64000
1695137033515 0.0010000000000000005 68000
1695137066560 0.0010000000000000005 72000
1695137103843 0.0010000000000000005 76000
1695137142229 0.0010000000000000005 80000
1695137179800 0.0010000000000000005 84000
1695137217223 0.0010000000000000005 88000
1695137252722 0.0010000000000000005 92000
1695137286596 0.0010000000000000005 96000
1695137322217 0.0010000000000000005 100000
1695137356770 0.0010000000000000005 104000
1695137389793 0.0010000000000000005 108000
1695137421540 0.0010000000000000005 112000
1695137453504 0.0010000000000000005 116000
1695137486607 0.0010000000000000005 120000
1695137518861 0.0010000000000000005 124000
1695137553040 0.0010000000000000005 128000
1695137587548 0.0010000000000000005 132000
1695137620445 0.0010000000000000005 136000
1695137652444 0.0010000000000000005 140000
1695137685782 0.0010000000000000005 144000
1695137720492 0.0010000000000000005 148000
1695137753188 0.0010000000000000005 152000
1695137785999 0.0010000000000000005 156000
1695137819475 0.0010000000000000005 160000
