1695136485659 1.9345377257714669 4000
1695136522560 1.921329621101419 8000
1695136560493 1.904555990671118 12000
1695136594718 1.887791313106815 16000
1695136626355 1.8509457930922508 20000
1695136659486 1.8472150083631278 24000
1695136692971 1.8055700053771337 28000
1695136726874 1.7764152754098177 32000
1695136760635 1.772071477646629 36000
1695136795256 1.7332628620167574 40000
1695136829895 1.7040052585303784 44000
1695136863928 1.6711222187926371 48000
1695136896359 1.615229114020864 52000
1695136932808 1.5920987560103337 56000
1695136966915 1.5638646392772595 60000
1695136999812 1.5564307206620773 64000
1695137033514 1.5572052794198195 68000
1695137066560 1.572241691003243 72000
1695137103842 1.529623893275857 76000
1695137142228 1.554465522741278 80000
1695137179799 1.5077006347477435 84000
1695137217223 1.4624877062936623 88000
1695137252722 1.4589291053513687 92000
1695137286596 1.4225239728887875 96000
1695137322216 1.4035150491942963 100000
1695137356770 1.4285946207741895 104000
1695137389793 1.429215679441889 108000
1695137421540 1.4783295140912136 112000
1695137453503 1.4029938474297523 116000
1695137486606 1.3848863615343967 120000
1695137518860 1.3353163228680691 124000
1695137553039 1.289954748377204 128000
1695137587548 1.3173627216368913 132000
1695137620444 1.2543900610258183 136000
1695137652444 1.2721781882146994 140000
1695137685782 1.2447937700897456 144000
1695137720492 1.2454533296947679 148000
1695137753188 1.2223696292688448 152000
1695137785998 1.1916584777956207 156000
1695137819475 1.1835108663886786 160000
