1695136485655 0.646649250946939 4000
1695136522557 0.7927491414671143 8000
1695136560490 0.8942960312590003 12000
1695136594715 1.051802702372273 16000
1695136626352 1.1936643470078707 20000
1695136659483 1.2653356655190389 24000
1695136692968 1.4044720723604163 28000
1695136726871 1.4631064442917705 32000
1695136760631 1.5122793160999815 36000
1695136795252 1.5577729644874732 40000
1695136829891 1.4931175451725722 44000
1695136863925 1.6083898635581135 48000
1695136896356 1.688461510464549 52000
1695136932805 1.608163403098782 56000
1695136966912 1.7140025212119023 60000
1695136999809 1.7164542509242893 64000
1695137033510 1.7388568182786306 68000
1695137066557 1.6927472829818726 72000
1695137103839 1.7257072634374102 76000
1695137142225 1.8042813828835884 80000
1695137179796 1.8569116463884712 84000
1695137217219 1.9572407184789578 88000
1695137252718 2.0485551323741675 92000
1695137286593 2.09185228732725 96000
1695137322213 2.0450830309341352 100000
1695137356766 2.052278995762269 104000
1695137389790 1.8541658475374183 108000
1695137421537 1.7983379914735755 112000
1695137453500 1.8437103814755877 116000
1695137486603 1.8311764983460308 120000
1695137518857 1.9268962534765401 124000
1695137553036 1.940584270345668 128000
1695137587545 1.991009343850116 132000
1695137620441 2.1111463566621143 136000
1695137652441 2.0206767621139687 140000
1695137685779 2.07842827749749 144000
1695137720488 2.0923255876327556 148000
1695137753185 2.051365324233969 152000
1695137785995 2.2467365003501376 156000
1695137819472 2.0382530375073356 160000
