1695136485658 0.011548364467961448 4000
1695136522560 0.010098841531457044 8000
1695136560493 0.009848481807583805 12000
1695136594718 0.011272709352534315 16000
1695136626355 0.014702665461369802 20000
1695136659486 0.013382841856530627 24000
1695136692971 0.012693722396676373 28000
1695136726874 0.012028196202089335 32000
1695136760634 0.010291574949516772 36000
1695136795255 0.016618483300033984 40000
1695136829894 0.012723367754576834 44000
1695136863928 0.013144340247132525 48000
1695136896359 0.0122162751264562 52000
1695136932808 0.014065286695752851 56000
1695136966915 0.01230230697653633 60000
1695136999812 0.01079381827497725 64000
1695137033514 0.013013855072017955 68000
1695137066559 0.012319238234833208 72000
1695137103842 0.011937151965830931 76000
1695137142228 0.014224196280827073 80000
1695137179799 0.013354233650325816 84000
1695137217222 0.013735077838009601 88000
1695137252721 0.01209988462288165 92000
1695137286596 0.011568351530798878 96000
1695137322216 0.011162451732928912 100000
1695137356769 0.012734123911976288 104000
1695137389792 0.013227037733346008 108000
1695137421540 0.013148952534525386 112000
1695137453503 0.013198850193642203 116000
1695137486606 0.013818387097301483 120000
1695137518860 0.011576017571235298 124000
1695137553039 0.012236782904842806 128000
1695137587548 0.011102458876012277 132000
1695137620444 0.011631717628999165 136000
1695137652443 0.012373027134624475 140000
1695137685782 0.013181030650868808 144000
1695137720491 0.011525384314858528 148000
1695137753187 0.010421183495006026 152000
1695137785998 0.010062423403903153 156000
1695137819475 0.01352202878319381 160000
