1695136485657 -0.018056031605131768 4000
1695136522559 -0.016830038544139826 8000
1695136560491 -0.015347899093467277 12000
1695136594717 -0.016230103938141838 16000
1695136626353 -0.02307008686232924 20000
1695136659484 -0.023879982819683693 24000
1695136692970 -0.02300039972663702 28000
1695136726873 -0.019133911515624883 32000
1695136760633 -0.017581753325551595 36000
1695136795254 -0.027649668726856664 40000
1695136829893 -0.024150892374260973 44000
1695136863926 -0.02601263620017562 48000
1695136896358 -0.020317807544536968 52000
1695136932807 -0.023153645743150264 56000
1695136966914 -0.022712720599762783 60000
1695136999811 -0.02005403734316739 64000
1695137033513 -0.02528379428840708 68000
1695137066558 -0.023775053346859445 72000
1695137103841 -0.023276025343875517 76000
1695137142227 -0.027265802749995297 80000
1695137179798 -0.026620614724621797 84000
1695137217221 -0.027593965253133016 88000
1695137252720 -0.02458319840346424 92000
1695137286594 -0.023912353510483323 96000
1695137322215 -0.023009941426183407 100000
1695137356768 -0.023929045202142635 104000
1695137389791 -0.026180111246261125 108000
1695137421538 -0.026013050998153632 112000
1695137453502 -0.025982508880891448 116000
1695137486605 -0.025633230155411486 120000
1695137518858 -0.024940927906815583 124000
1695137553037 -0.022006948397271724 128000
1695137587547 -0.021754985614340208 132000
1695137620442 -0.02409351186603696 136000
1695137652442 -0.023964871397038224 140000
1695137685780 -0.025824193054965385 144000
1695137720490 -0.02596406741795363 148000
1695137753186 -0.022801111738469142 152000
1695137785997 -0.018693605432539093 156000
1695137819473 -0.027722864481135426 160000
