1695136485657 0.008469346342341548 4000
1695136522558 0.04333652684193415 8000
1695136560491 0.015721746088335445 12000
1695136594716 0.03294624949442853 16000
1695136626353 0.007223110221517951 20000
1695136659484 0.028935710067041025 24000
1695136692969 0.03559012820718029 28000
1695136726872 0.01220630752153132 32000
1695136760633 0.04474279921414563 36000
1695136795254 0.03958766157302307 40000
1695136829893 0.004878746672087194 44000
1695136863926 0.05036136546938603 48000
1695136896357 0.08166883308258548 52000
1695136932806 0.018442132898538452 56000
1695136966913 0.04253200199661175 60000
1695136999810 0.04624452888929227 64000
1695137033512 0.024613940936008778 68000
1695137066558 0.0371430089839123 72000
1695137103840 0.03354363989831957 76000
1695137142226 0.03245771146794141 80000
1695137179797 0.0066442677609302335 84000
1695137217220 0.039025265278784596 88000
1695137252720 0.06811595685079132 92000
1695137286594 0.04539188920662127 96000
1695137322215 0.058755339048366294 100000
1695137356767 0.06117491927349571 104000
1695137389791 0.04639426543944865 108000
1695137421538 0.01896139318232599 112000
1695137453501 0.03700947051765979 116000
1695137486604 0.032253238959917024 120000
1695137518858 0.026915063503959877 124000
1695137553037 0.05831123449243023 128000
1695137587546 0.05830918099006036 132000
1695137620442 0.08849198270496951 136000
1695137652442 0.04528676578872061 140000
1695137685780 0.04750392106019111 144000
1695137720490 0.05404437102406519 148000
1695137753186 0.0523745293662311 152000
1695137785996 0.048558456624171714 156000
1695137819473 -0.00523280027518922 160000
