1695136485658 0.1789731428027153 4000
1695136522559 0.12661320163557926 8000
1695136560492 0.13325058488796154 12000
1695136594717 0.12282178942114115 16000
1695136626354 0.08302971671024958 20000
1695136659485 0.11449991445988417 24000
1695136692971 0.10359989038358132 28000
1695136726873 0.12405315780391296 32000
1695136760634 0.10671989141652981 36000
1695136795255 0.07036204288403193 40000
1695136829894 0.22804918847978115 44000
1695136863927 0.1471852468326688 48000
1695136896358 0.19931689047565063 52000
1695136932807 0.21751841971029837 56000
1695136966914 0.1624253349378705 60000
1695136999811 0.16299720170597234 64000
1695137033513 0.1518257327998678 68000
1695137066559 0.14113071480145056 72000
1695137103842 0.15561341668168704 76000
1695137142228 0.24216914251446725 80000
1695137179798 0.27392909831056994 84000
1695137217222 0.21218749961505334 88000
1695137252721 0.17239531489710014 92000
1695137286595 0.22162703393648067 96000
1695137322216 0.15650035676856835 100000
1695137356769 0.258335374481976 104000
1695137389792 0.2599921151374777 108000
1695137421539 0.2726878224561612 112000
1695137453503 0.3605903279036283 116000
1695137486606 0.23567349960406622 120000
1695137518859 0.24574042465537788 124000
1695137553038 0.16768137911955516 128000
1695137587547 0.1730696190148592 132000
1695137620443 0.27592803618560235 136000
1695137652443 0.1940095209206144 140000
1695137685781 0.19003116805106401 144000
1695137720491 0.1904166887824734 148000
1695137753187 0.23122820556163787 152000
1695137785998 0.24638740935673317 156000
1695137819474 0.32879125935335957 160000
