1695136485658 0.05230048489950908 4000
1695136522559 0.12013625363664081 8000
1695136560492 0.0620090105299217 12000
1695136594717 0.09761920581416537 16000
1695136626354 0.05840721917047631 20000
1695136659485 0.10397267777977201 24000
1695136692970 0.1157147072449637 28000
1695136726873 0.061421990652646245 32000
1695136760633 0.12407661792822182 36000
1695136795254 0.13129379329426835 40000
1695136829894 0.05637794216163457 44000
1695136863927 0.15083251351024957 48000
1695136896358 0.20231722900643945 52000
1695136932807 0.08074964037514291 56000
1695136966914 0.1286962529605565 60000
1695136999811 0.13139246623807896 64000
1695137033513 0.09770433996260787 68000
1695137066559 0.12005291473663722 72000
1695137103841 0.1119237166402551 76000
1695137142227 0.11686628003953956 80000
1695137179798 0.06420347271487117 84000
1695137217221 0.13066940509791797 88000
1695137252720 0.18347621335803221 92000
1695137286595 0.13682619327834497 96000
1695137322215 0.1618726110085845 100000
1695137356768 0.16797146902730067 104000
1695137389792 0.14271636900181572 108000
1695137421539 0.0876459652305736 112000
1695137453502 0.12351040779612958 116000
1695137486605 0.11301535602348546 120000
1695137518859 0.10175220970219621 124000
1695137553038 0.15832156270431977 128000
1695137587547 0.15832207541679963 132000
1695137620443 0.22302708133744698 136000
1695137652443 0.13609842003012698 140000
1695137685781 0.14387340413716931 144000
1695137720490 0.15789763102463136 148000
1695137753187 0.14862754849794632 152000
1695137785997 0.13286247090436518 156000
1695137819474 0.04193834020406939 160000
