1695136485575 0.06659189860026042 4000
1695136522460 0.06991684436798096 8000
1695136560401 0.0707660402570452 12000
1695136594640 0.07185007070566153 16000
1695136626276 0.07025490001756318 20000
1695136659404 0.06977665424346924 24000
1695136692890 0.06732213497161865 28000
1695136726796 0.06351912021636963 32000
1695136760550 0.06399977207183838 36000
1695136795173 0.06549501419067383 40000
1695136829804 0.06607282161712646 44000
1695136863849 0.06606471538543701 48000
1695136896275 0.06477534770965576 52000
1695136932726 0.06666064262390137 56000
1695136966835 0.06909406185150146 60000
1695136999730 0.06757879257202148 64000
1695137033424 0.06598329544067383 68000
1695137066481 0.06686580181121826 72000
1695137103754 0.06868720054626465 76000
1695137142139 0.07148981094360352 80000
1695137179714 0.07268106937408447 84000
1695137217137 0.07514524459838867 88000
1695137252635 0.07368850708007812 92000
1695137286513 0.06883668899536133 96000
1695137322139 0.06662797927856445 100000
1695137356676 0.06718897819519043 104000
1695137389714 0.06849312782287598 108000
1695137421458 0.06360757350921631 112000
1695137453426 0.061899423599243164 116000
1695137486526 0.06314826011657715 120000
1695137518772 0.06274271011352539 124000
1695137552943 0.06789770619622593 128000
1695137587470 0.07033681869506836 132000
1695137620365 0.06271207332611084 136000
1695137652364 0.06341564655303955 140000
1695137685696 0.0631493330001831 144000
1695137720405 0.06673761776515416 148000
1695137753110 0.06262777429638487 152000
1695137785923 0.06293934934279498 156000
1695137819390 0.06482197543767494 160000
