1695136485576 0.004076162974039714 4000
1695136522460 0.004426538944244385 8000
1695136560402 0.004615741116659982 12000
1695136594640 0.004746542348490133 16000
1695136626277 0.004722025929665079 20000
1695136659405 0.0047997236251831055 24000
1695136692890 0.004748821258544922 28000
1695136726796 0.004587531089782715 32000
1695136760551 0.004573941230773926 36000
1695136795173 0.004662752151489258 40000
1695136829804 0.004708766937255859 44000
1695136863849 0.004772186279296875 48000
1695136896275 0.004667758941650391 52000
1695136932726 0.004652976989746094 56000
1695136966835 0.004736423492431641 60000
1695136999730 0.004699349403381348 64000
1695137033424 0.004711270332336426 68000
1695137066481 0.004728555679321289 72000
1695137103755 0.004839301109313965 76000
1695137142139 0.005008578300476074 80000
1695137179715 0.005052804946899414 84000
1695137217137 0.0050983428955078125 88000
1695137252635 0.005091547966003418 92000
1695137286514 0.004830837249755859 96000
1695137322139 0.00467371940612793 100000
1695137356677 0.004686713218688965 104000
1695137389714 0.00474703311920166 108000
1695137421459 0.0045621395111083984 112000
1695137453426 0.004556894302368164 116000
1695137486527 0.0045566558837890625 120000
1695137518772 0.004615306854248047 124000
1695137552944 0.004662110887724778 128000
1695137587470 0.004876375198364258 132000
1695137620365 0.00461733341217041 136000
1695137652365 0.004727721214294434 140000
1695137685696 0.004718422889709473 144000
1695137720406 0.004678325993674142 148000
1695137753110 0.004568515401898008 152000
1695137785924 0.00458140583599315 156000
1695137819390 0.004673567343884566 160000
