1695303109725 0.0 4000
1695303138413 0.0 8000
1695303167548 0.0 12000
1695303196319 0.0 16000
1695303230386 0.0 20000
1695303262711 0.0 24000
1695303295857 0.0 28000
1695303328689 0.0 32000
1695303360581 0.0 36000
1695303392709 0.0 40000
1695303425075 0.0 44000
1695303456262 0.0 48000
1695303487986 0.0 52000
1695303518730 0.0 56000
1695303550441 0.0 60000
1695303581632 0.0 64000
1695303615369 0.0 68000
1695303648104 0.0 72000
1695303680775 0.0 76000
1695303712524 0.0 80000
1695303753724 0.0 84000
1695303786234 0.0 88000
1695303816962 0.0 92000
1695303852663 0.0 96000
1695303897829 0.0 100000
1695303939924 0.0 104000
1695303972649 0.0 108000
1695304013184 0.0 112000
1695304058357 0.0 116000
1695304101562 0.0 120000
1695304142324 0.0 124000
1695304192059 0.0 128000
1695304235744 0.0 132000
1695304278855 0.0 136000
1695304323111 0.0 140000
1695304364717 0.0 144000
1695304406592 0.0 148000
1695304450464 0.0 152000
1695304491931 0.0 156000
1695304533290 0.0 160000
1695304577732 0.0 164000
1695304622885 0.0 168000
1695304666366 0.0 172000
1695304711476 0.0 176000
1695304751052 0.0 180000
1695304788762 0.0 184000
1695304832565 0.0 188000
1695304872679 0.0 192000
1695304909403 0.0 196000
1695304945258 0.0 200000
1695304982344 0.0 204000
1695305025023 0.0 208000
1695305061252 0.0 212000
1695305097712 0.0 216000
1695305135882 0.0 220000
1695305173100 0.0 224000
1695305208312 0.0 228000
1695305242156 0.0 232000
1695305273004 0.0 236000
1695305303687 0.0 240000
1695305335037 0.0 244000
1695305365445 0.0 248000
1695305395879 0.0 252000
1695305426389 0.0 256000
1695305457127 0.0 260000
1695305487740 0.0 264000
1695305518403 0.0 268000
1695305548805 0.0 272000
1695305579508 0.0 276000
1695305610968 0.0 280000
1695305641294 0.0 284000
1695305672126 0.0 288000
1695305702368 0.0 292000
1695305733782 0.0 296000
1695305763957 0.0 300000
1695305794966 0.0 304000
1695305825372 0.0 308000
1695305856227 0.0 312000
1695305886488 0.0 316000
1695305917115 0.0 320000
1695305947601 0.0 324000
1695305978524 0.0 328000
1695306008682 0.0 332000
1695306039545 0.0 336000
1695306070912 0.0 340000
1695306101817 0.0 344000
1695306132280 0.0 348000
1695306162906 0.0 352000
1695306193396 0.0 356000
1695306224318 0.0 360000
1695306254733 0.0 364000
1695306287153 0.0 368000
1695306318520 0.0 372000
1695306351092 0.0 376000
1695306382545 0.0 380000
1695306417678 0.0 384000
1695306452232 0.0 388000
1695306486484 0.0 392000
1695306519932 0.0 396000
1695306554106 0.0 400000
1695306586110 0.0 404000
1695306620814 0.0 408000
1695306653707 0.0 412000
1695306687403 0.0 416000
1695306720488 0.0 420000
1695306752960 0.0 424000
1695306786112 0.0 428000
1695306823424 0.0 432000
1695306860236 0.0 436000
1695306893581 0.0 440000
1695306927057 0.0 444000
1695306961132 0.0 448000
1695306995350 0.0 452000
1695307028952 0.0 456000
1695307061192 0.0 460000
1695307093405 0.0 464000
1695307128219 0.0 468000
1695307160938 0.0 472000
1695307193769 0.0 476000
1695307226925 0.0 480000
1695307261336 0.0 484000
1695307295804 0.0 488000
1695307328598 0.0 492000
1695307362228 0.0 496000
1695307398566 0.0 500000
1695307433815 0.0 504000
1695307466849 0.0 508000
1695307502345 0.0 512000
1695307540911 0.0 516000
1695307575800 0.0 520000
1695307615225 0.0 524000
1695307652948 0.0 528000
1695307689012 0.0 532000
1695307724787 0.0 536000
1695307759415 0.0 540000
1695307803661 0.0 544000
1695307846243 0.0 548000
1695307880724 0.0 552000
1695307919652 0.0 556000
1695307956822 0.0 560000
1695307994896 0.0 564000
1695308028049 0.0 568000
1695308062922 0.0 572000
1695308098125 0.0 576000
1695308132141 0.0 580000
1695308167250 0.0 584000
1695308204637 0.0 588000
1695308240253 0.0 592000
1695308275299 0.0 596000
1695308317663 0.0 600000
1695308353434 0.0 604000
1695308394785 0.0 608000
1695308433156 0.0 612000
1695308469782 0.0 616000
1695308516215 0.0 620000
1695308552792 0.0 624000
1695308589975 0.0 628000
1695308629757 0.0 632000
1695308665816 0.0 636000
1695308703995 0.0 640000
1695308741063 0.0 644000
1695308776473 0.0 648000
1695308813149 0.0 652000
1695308854539 0.0 656000
1695308889193 0.0 660000
1695308922288 0.0 664000
1695308955663 0.0 668000
1695308990679 0.0 672000
1695309025614 0.0 676000
1695309064312 0.0 680000
1695309102475 0.0 684000
1695309138089 0.0 688000
1695309173203 0.0 692000
1695309207214 0.0 696000
1695309241634 0.0 700000
1695309278143 0.0 704000
1695309314290 0.0 708000
1695309350753 0.0 712000
1695309387604 0.0 716000
1695309422315 0.0 720000
1695309457160 0.0 724000
1695309489549 0.0 728000
1695309522320 0.0 732000
1695309555496 0.0 736000
1695309590355 0.0 740000
1695309624615 0.0 744000
1695309658586 0.0 748000
1695309692377 0.0 752000
1695309730472 0.0 756000
1695309765026 0.0 760000
1695309797514 0.0 764000
1695309829872 0.0 768000
1695309863439 0.0 772000
1695309897346 0.0 776000
1695309932711 0.0 780000
1695309969976 0.0 784000
1695310015864 0.0 788000
1695310052602 0.0 792000
1695310087775 0.0 796000
1695310125677 0.0 800000
1695310160783 0.0 804000
1695310197777 0.0 808000
1695310240369 0.0 812000
1695310277593 0.0 816000
1695310312701 0.0 820000
1695310348343 0.0 824000
1695310386679 0.0 828000
1695310421529 0.0 832000
1695310455196 0.0 836000
1695310494032 0.0 840000
1695310538733 0.0 844000
1695310575964 0.0 848000
1695310616896 0.0 852000
1695310655484 0.0 856000
1695310690347 0.0 860000
1695310724063 0.0 864000
1695310758951 0.0 868000
