1695303109726 0.0 4000
1695303138413 0.0 8000
1695303167548 1.0 12000
1695303196319 1.0 16000
1695303230386 1.0 20000
1695303262712 1.0 24000
1695303295857 1.0 28000
1695303328689 0.0 32000
1695303360582 0.0 36000
1695303392709 0.0 40000
1695303425075 0.0 44000
1695303456263 0.0 48000
1695303487987 0.0 52000
1695303518730 0.0 56000
1695303550442 0.0 60000
1695303581632 0.0 64000
1695303615370 1.0 68000
1695303648104 1.0 72000
1695303680775 1.0 76000
1695303712524 1.0 80000
1695303753725 1.0 84000
1695303786235 1.0 88000
1695303816963 1.0 92000
1695303852664 0.0 96000
1695303897830 1.0 100000
1695303939925 1.0 104000
1695303972649 0.0 108000
1695304013184 0.0 112000
1695304058358 1.0 116000
1695304101562 0.0 120000
1695304142325 1.0 124000
1695304192059 1.0 128000
1695304235745 0.0 132000
1695304278856 1.0 136000
1695304323112 1.0 140000
1695304364718 1.0 144000
1695304406593 1.0 148000
1695304450464 1.0 152000
1695304491931 1.0 156000
1695304533290 1.0 160000
1695304577732 1.0 164000
1695304622886 1.0 168000
1695304666366 1.0 172000
1695304711476 1.0 176000
1695304751053 0.0 180000
1695304788762 1.0 184000
1695304832565 1.0 188000
1695304872680 1.0 192000
1695304909403 1.0 196000
1695304945259 1.0 200000
1695304982345 1.0 204000
1695305025023 1.0 208000
1695305061253 1.0 212000
1695305097713 1.0 216000
1695305135883 1.0 220000
1695305173101 1.0 224000
1695305208312 1.0 228000
1695305242156 1.0 232000
1695305273004 1.0 236000
1695305303687 1.0 240000
1695305335037 1.0 244000
1695305365445 1.0 248000
1695305395879 1.0 252000
1695305426389 1.0 256000
1695305457128 1.0 260000
1695305487741 1.0 264000
1695305518403 1.0 268000
1695305548806 1.0 272000
1695305579508 1.0 276000
1695305610968 1.0 280000
1695305641295 1.0 284000
1695305672126 1.0 288000
1695305702368 1.0 292000
1695305733782 1.0 296000
1695305763957 1.0 300000
1695305794967 1.0 304000
1695305825372 1.0 308000
1695305856228 1.0 312000
1695305886489 1.0 316000
1695305917115 1.0 320000
1695305947601 1.0 324000
1695305978524 1.0 328000
1695306008683 1.0 332000
1695306039545 1.0 336000
1695306070912 1.0 340000
1695306101817 1.0 344000
1695306132280 1.0 348000
1695306162906 1.0 352000
1695306193396 1.0 356000
1695306224318 1.0 360000
1695306254734 1.0 364000
1695306287153 1.0 368000
1695306318520 1.0 372000
1695306351092 1.0 376000
1695306382545 1.0 380000
1695306417678 1.0 384000
1695306452232 1.0 388000
1695306486484 1.0 392000
1695306519932 1.0 396000
1695306554106 1.0 400000
1695306586110 1.0 404000
1695306620814 1.0 408000
1695306653708 1.0 412000
1695306687403 1.0 416000
1695306720488 1.0 420000
1695306752961 1.0 424000
1695306786113 1.0 428000
1695306823425 1.0 432000
1695306860236 1.0 436000
1695306893581 1.0 440000
1695306927058 1.0 444000
1695306961132 1.0 448000
1695306995350 1.0 452000
1695307028953 1.0 456000
1695307061192 1.0 460000
1695307093406 1.0 464000
1695307128220 1.0 468000
1695307160939 1.0 472000
1695307193770 1.0 476000
1695307226925 1.0 480000
1695307261336 1.0 484000
1695307295804 1.0 488000
1695307328598 1.0 492000
1695307362228 1.0 496000
1695307398566 1.0 500000
1695307433815 1.0 504000
1695307466850 1.0 508000
1695307502345 1.0 512000
1695307540911 1.0 516000
1695307575801 1.0 520000
1695307615225 1.0 524000
1695307652948 1.0 528000
1695307689013 1.0 532000
1695307724787 1.0 536000
1695307759416 1.0 540000
1695307803662 1.0 544000
1695307846243 1.0 548000
1695307880724 1.0 552000
1695307919652 1.0 556000
1695307956823 1.0 560000
1695307994897 1.0 564000
1695308028050 1.0 568000
1695308062923 1.0 572000
1695308098125 1.0 576000
1695308132141 1.0 580000
1695308167250 1.0 584000
1695308204638 1.0 588000
1695308240254 1.0 592000
1695308275300 1.0 596000
1695308317664 1.0 600000
1695308353434 1.0 604000
1695308394786 1.0 608000
1695308433156 1.0 612000
1695308469782 1.0 616000
1695308516215 1.0 620000
1695308552793 1.0 624000
1695308589975 1.0 628000
1695308629758 1.0 632000
1695308665816 1.0 636000
1695308703996 1.0 640000
1695308741063 1.0 644000
1695308776474 1.0 648000
1695308813150 1.0 652000
1695308854539 1.0 656000
1695308889194 1.0 660000
1695308922288 1.0 664000
1695308955663 1.0 668000
1695308990679 1.0 672000
1695309025615 1.0 676000
1695309064313 1.0 680000
1695309102475 1.0 684000
1695309138089 1.0 688000
1695309173203 1.0 692000
1695309207215 1.0 696000
1695309241634 1.0 700000
1695309278143 1.0 704000
1695309314290 1.0 708000
1695309350754 1.0 712000
1695309387604 1.0 716000
1695309422316 1.0 720000
1695309457160 1.0 724000
1695309489550 1.0 728000
1695309522320 1.0 732000
1695309555496 1.0 736000
1695309590356 1.0 740000
1695309624615 1.0 744000
1695309658586 1.0 748000
1695309692377 1.0 752000
1695309730472 1.0 756000
1695309765026 1.0 760000
1695309797515 1.0 764000
1695309829872 1.0 768000
1695309863440 1.0 772000
1695309897346 1.0 776000
1695309932711 1.0 780000
1695309969976 1.0 784000
1695310015864 1.0 788000
1695310052602 1.0 792000
1695310087775 1.0 796000
1695310125678 1.0 800000
1695310160784 1.0 804000
1695310197778 1.0 808000
1695310240369 1.0 812000
1695310277593 1.0 816000
1695310312702 1.0 820000
1695310348343 1.0 824000
1695310386680 1.0 828000
1695310421530 1.0 832000
1695310455196 1.0 836000
1695310494032 1.0 840000
1695310538733 1.0 844000
1695310575965 1.0 848000
1695310616897 1.0 852000
1695310655484 1.0 856000
1695310690347 1.0 860000
1695310724063 1.0 864000
1695310758951 1.0 868000
