1695303109725 0.0 4000
1695303138413 0.0 8000
1695303167547 0.019230769230769232 12000
1695303196318 0.013888888888888888 16000
1695303230385 0.010752688172043012 20000
1695303262711 0.01 24000
1695303295856 0.01 28000
1695303328689 0.0 32000
1695303360581 0.0 36000
1695303392709 0.0 40000
1695303425074 0.0 44000
1695303456262 0.0 48000
1695303487986 0.0 52000
1695303518729 0.0 56000
1695303550441 0.0 60000
1695303581631 0.0 64000
1695303615369 0.02 68000
1695303648103 0.03 72000
1695303680774 0.009708737864077669 76000
1695303712523 0.009433962264150943 80000
1695303753724 0.009009009009009009 84000
1695303786234 0.007142857142857143 88000
1695303816962 0.008547008547008548 92000
1695303852663 0.0 96000
1695303897828 0.012195121951219513 100000
1695303939924 0.004901960784313725 104000
1695303972648 0.0 108000
1695304013183 0.0 112000
1695304058357 0.0045662100456621 116000
1695304101561 0.0 120000
1695304142324 0.004016064257028112 124000
1695304192058 0.0038314176245210726 128000
1695304235744 0.0 132000
1695304278855 0.0072992700729927005 136000
1695304323110 0.011538461538461539 140000
1695304364717 0.013245033112582781 144000
1695304406592 0.013937282229965157 148000
1695304450463 0.010676156583629894 152000
1695304491931 0.02 156000
1695304533289 0.010169491525423728 160000
1695304577731 0.009615384615384616 164000
1695304622885 0.02127659574468085 168000
1695304666365 0.006825938566552901 172000
1695304711475 0.014492753623188406 176000
1695304751052 0.0 180000
1695304788761 0.027586206896551724 184000
1695304832564 0.016778523489932886 188000
1695304872679 0.02258064516129032 192000
1695304909402 0.035842293906810034 196000
1695304945258 0.037037037037037035 200000
1695304982344 0.041666666666666664 204000
1695305025022 0.04 208000
1695305061252 0.06521739130434782 212000
1695305097712 0.05519480519480519 216000
1695305135882 0.09407665505226481 220000
1695305173100 0.06143344709897611 224000
1695305208311 0.07508532423208192 228000
1695305242156 0.07450980392156863 232000
1695305273003 0.08070175438596491 236000
1695305303686 0.07357859531772576 240000
1695305335036 0.07169811320754717 244000
1695305365444 0.08362369337979095 248000
1695305395879 0.11188811188811189 252000
1695305426389 0.09491525423728814 256000
1695305457127 0.10320284697508897 260000
1695305487740 0.13405797101449277 264000
1695305518403 0.14788732394366197 268000
1695305548805 0.16666666666666666 272000
1695305579508 0.17708333333333334 276000
1695305610968 0.1419141914191419 280000
1695305641294 0.1564625850340136 284000
1695305672126 0.1564625850340136 288000
1695305702367 0.15808823529411764 292000
1695305733782 0.17845117845117844 296000
1695305763956 0.13333333333333333 300000
1695305794966 0.1366906474820144 304000
1695305825372 0.16605166051660517 308000
1695305856227 0.17491749174917492 312000
1695305886488 0.1554054054054054 316000
1695305917114 0.16831683168316833 320000
1695305947601 0.19463087248322147 324000
1695305978524 0.1848184818481848 328000
1695306008682 0.1717171717171717 332000
1695306039545 0.1782178217821782 336000
1695306070912 0.18181818181818182 340000
1695306101817 0.1942675159235669 344000
1695306132279 0.19795221843003413 348000
1695306162905 0.16891891891891891 352000
1695306193395 0.1396103896103896 356000
1695306224317 0.19594594594594594 360000
1695306254733 0.17647058823529413 364000
1695306287153 0.1597222222222222 368000
1695306318519 0.17687074829931973 372000
1695306351091 0.20666666666666667 376000
1695306382544 0.16181229773462782 380000
1695306417677 0.2140468227424749 384000
1695306452231 0.1901639344262295 388000
1695306486483 0.15384615384615385 392000
1695306519931 0.17834394904458598 396000
1695306554106 0.2027491408934708 400000
1695306586110 0.20394736842105263 404000
1695306620813 0.2508710801393728 408000
1695306653707 0.2534246575342466 412000
1695306687402 0.16181229773462782 416000
1695306720488 0.1751592356687898 420000
1695306752960 0.20557491289198607 424000
1695306786112 0.16666666666666666 428000
1695306823423 0.16606498194945848 432000
1695306860235 0.23255813953488372 436000
1695306893581 0.20915032679738563 440000
1695306927057 0.19672131147540983 444000
1695306961131 0.19256756756756757 448000
1695306995349 0.1848184818481848 452000
1695307028952 0.18387096774193548 456000
1695307061191 0.1917808219178082 460000
1695307093405 0.2027491408934708 464000
1695307128219 0.14006514657980457 468000
1695307160938 0.20608108108108109 472000
1695307193769 0.18518518518518517 476000
1695307226924 0.20132013201320131 480000
1695307261335 0.21153846153846154 484000
1695307295804 0.19298245614035087 488000
1695307328597 0.20205479452054795 492000
1695307362227 0.18947368421052632 496000
1695307398565 0.20132013201320131 500000
1695307433815 0.19407894736842105 504000
1695307466849 0.18430034129692832 508000
1695307502345 0.19607843137254902 512000
1695307540911 0.18604651162790697 516000
1695307575800 0.19155844155844157 520000
1695307615224 0.1774193548387097 524000
1695307652947 0.25249169435215946 528000
1695307689012 0.18506493506493507 532000
1695307724786 0.17405063291139242 536000
1695307759415 0.21172638436482086 540000
1695307803661 0.16139240506329114 544000
1695307846243 0.19480519480519481 548000
1695307880723 0.25496688741721857 552000
1695307919651 0.18770226537216828 556000
1695307956822 0.21052631578947367 560000
1695307994896 0.18006430868167203 564000
1695308028049 0.20261437908496732 568000
1695308062922 0.21052631578947367 572000
1695308098125 0.1888111888111888 576000
1695308132140 0.2082018927444795 580000
1695308167249 0.1237785016286645 584000
1695308204637 0.16393442622950818 588000
1695308240253 0.18971061093247588 592000
1695308275299 0.16558441558441558 596000
1695308317663 0.1853035143769968 600000
1695308353434 0.19242902208201892 604000
1695308394785 0.1986970684039088 608000
1695308433155 0.22727272727272727 612000
1695308469782 0.20270270270270271 616000
1695308516214 0.18032786885245902 620000
1695308552792 0.19292604501607716 624000
1695308589974 0.16938110749185667 628000
1695308629757 0.1501597444089457 632000
1695308665815 0.18815331010452963 636000
1695308703995 0.16828478964401294 640000
1695308741062 0.1592356687898089 644000
1695308776473 0.1523809523809524 648000
1695308813149 0.20195439739413681 652000
1695308854538 0.1568627450980392 656000
1695308889193 0.13522012578616352 660000
1695308922288 0.13029315960912052 664000
1695308955662 0.15282392026578073 668000
1695308990678 0.16612377850162866 672000
1695309025614 0.1830065359477124 676000
1695309064312 0.20065789473684212 680000
1695309102474 0.2108843537414966 684000
1695309138088 0.1853035143769968 688000
1695309173202 0.15857605177993528 692000
1695309207214 0.2090032154340836 696000
1695309241634 0.19607843137254902 700000
1695309278142 0.24342105263157895 704000
1695309314289 0.20588235294117646 708000
1695309350753 0.1895424836601307 712000
1695309387603 0.17684887459807075 716000
1695309422315 0.20257234726688103 720000
1695309457159 0.2 724000
1695309489549 0.17777777777777778 728000
1695309522319 0.21678321678321677 732000
1695309555496 0.1757188498402556 736000
1695309590355 0.16993464052287582 740000
1695309624614 0.1485148514851485 744000
1695309658586 0.184375 748000
1695309692376 0.23648648648648649 752000
1695309730471 0.19488817891373802 756000
1695309765026 0.15 760000
1695309797514 0.2179930795847751 764000
1695309829871 0.20408163265306123 768000
1695309863439 0.21103896103896103 772000
1695309897346 0.15141955835962145 776000
1695309932710 0.1864406779661017 780000
1695309969975 0.17704918032786884 784000
1695310015863 0.16025641025641027 788000
1695310052601 0.17034700315457413 792000
1695310087774 0.20588235294117646 796000
1695310125677 0.17491749174917492 800000
1695310160783 0.15483870967741936 804000
1695310197777 0.17405063291139242 808000
1695310240368 0.16293929712460065 812000
1695310277592 0.14873417721518986 816000
1695310312701 0.1910828025477707 820000
1695310348343 0.153125 824000
1695310386678 0.21782178217821782 828000
1695310421529 0.16387959866220736 832000
1695310455195 0.16037735849056603 836000
1695310494031 0.17475728155339806 840000
1695310538733 0.1832797427652733 844000
1695310575964 0.21221864951768488 848000
1695310616896 0.18210862619808307 852000
1695310655483 0.2120253164556962 856000
1695310690347 0.16981132075471697 860000
1695310724063 0.22044728434504793 864000
1695310758950 0.18064516129032257 868000
