1695303109729 0.0 4000
1695303138416 0.0 8000
1695303167551 0.0 12000
1695303196322 0.0 16000
1695303230390 0.0 20000
1695303262715 0.0 24000
1695303295860 0.0 28000
1695303328692 0.0 32000
1695303360585 0.0 36000
1695303392713 0.0 40000
1695303425078 0.0 44000
1695303456266 0.0 48000
1695303487990 0.0 52000
1695303518733 0.0 56000
1695303550445 0.0 60000
1695303581635 0.0 64000
1695303615373 0.0 68000
1695303648107 0.0 72000
1695303680778 0.0 76000
1695303712527 0.0 80000
1695303753728 0.0 84000
1695303786238 0.0 88000
1695303816966 0.0 92000
1695303852668 0.0 96000
1695303897836 0.0 100000
1695303939928 0.0 104000
1695303972652 0.0 108000
1695304013188 0.0 112000
1695304058362 0.0 116000
1695304101566 0.0 120000
1695304142328 0.0 124000
1695304192064 0.0 128000
1695304235748 0.0 132000
1695304278860 0.0 136000
1695304323115 0.0 140000
1695304364722 0.0 144000
1695304406597 0.0 148000
1695304450468 0.0 152000
1695304491935 0.0 156000
1695304533294 0.0 160000
1695304577736 0.0 164000
1695304622889 0.0 168000
1695304666369 0.0 172000
1695304711479 0.0 176000
1695304751056 0.0 180000
1695304788765 0.0 184000
1695304832568 0.0 188000
1695304872684 0.0 192000
1695304909406 0.0 196000
1695304945262 0.0 200000
1695304982348 0.0 204000
1695305025027 0.0 208000
1695305061256 0.0 212000
1695305097716 0.0 216000
1695305135886 0.0 220000
1695305173104 0.0 224000
1695305208315 0.0 228000
1695305242159 0.0 232000
1695305273007 0.0 236000
1695305303690 0.0 240000
1695305335040 0.0 244000
1695305365448 0.0 248000
1695305395882 0.0 252000
1695305426392 0.0 256000
1695305457131 0.0 260000
1695305487743 0.0 264000
1695305518406 0.0 268000
1695305548809 0.0 272000
1695305579511 0.0 276000
1695305610971 0.0 280000
1695305641298 0.0 284000
1695305672129 0.0 288000
1695305702371 0.0 292000
1695305733785 0.0 296000
1695305763960 0.0 300000
1695305794969 0.0 304000
1695305825375 0.0 308000
1695305856230 0.0 312000
1695305886491 0.0 316000
1695305917118 0.0 320000
1695305947604 0.0 324000
1695305978527 0.0 328000
1695306008686 0.0 332000
1695306039548 0.0 336000
1695306070915 0.0 340000
1695306101820 0.0 344000
1695306132283 0.0 348000
1695306162909 0.0 352000
1695306193399 0.0 356000
1695306224321 0.0 360000
1695306254737 0.0 364000
1695306287156 0.0 368000
1695306318523 0.0 372000
1695306351097 0.0 376000
1695306382548 0.0 380000
1695306417681 0.0 384000
1695306452237 0.0 388000
1695306486487 0.0 392000
1695306519935 0.0 396000
1695306554110 0.0 400000
1695306586113 0.0 404000
1695306620817 0.0 408000
1695306653711 0.0 412000
1695306687406 0.0 416000
1695306720491 0.0 420000
1695306752964 0.0 424000
1695306786116 0.0 428000
1695306823431 0.0 432000
1695306860239 0.0 436000
1695306893584 0.0 440000
1695306927061 0.0 444000
1695306961135 0.0 448000
1695306995353 0.0 452000
1695307028956 0.0 456000
1695307061195 0.0 460000
1695307093409 0.0 464000
1695307128223 0.0 468000
1695307160942 0.0 472000
1695307193773 0.0 476000
1695307226928 0.0 480000
1695307261339 0.0 484000
1695307295807 0.0 488000
1695307328601 0.0 492000
1695307362231 0.0 496000
1695307398569 0.0 500000
1695307433818 0.0 504000
1695307466853 0.0 508000
1695307502349 0.0 512000
1695307540915 0.0 516000
1695307575804 0.0 520000
1695307615229 0.0 524000
1695307652951 0.0 528000
1695307689016 0.0 532000
1695307724790 0.0 536000
1695307759419 0.0 540000
1695307803666 0.0 544000
1695307846247 0.0 548000
1695307880728 0.0 552000
1695307919655 0.0 556000
1695307956826 0.0 560000
1695307994900 0.0 564000
1695308028053 0.0 568000
1695308062926 0.0 572000
1695308098128 0.0 576000
1695308132144 0.0 580000
1695308167253 0.0 584000
1695308204641 0.0 588000
1695308240257 0.0 592000
1695308275303 0.0 596000
1695308317667 0.0 600000
1695308353438 0.0 604000
1695308394790 0.0 608000
1695308433159 0.0 612000
1695308469786 0.0 616000
1695308516219 0.0 620000
1695308552796 0.0 624000
1695308589979 0.0 628000
1695308629761 0.0 632000
1695308665821 0.0 636000
1695308703999 0.0 640000
1695308741066 0.0 644000
1695308776477 0.0 648000
1695308813153 0.0 652000
1695308854542 0.0 656000
1695308889197 0.0 660000
1695308922292 0.0 664000
1695308955666 0.0 668000
1695308990682 0.0 672000
1695309025618 0.0 676000
1695309064316 0.0 680000
1695309102478 0.0 684000
1695309138092 0.0 688000
1695309173206 0.0 692000
1695309207218 0.0 696000
1695309241637 0.0 700000
1695309278147 0.0 704000
1695309314294 0.0 708000
1695309350757 0.0 712000
1695309387607 0.0 716000
1695309422319 0.0 720000
1695309457163 0.0 724000
1695309489553 0.0 728000
1695309522323 0.0 732000
1695309555499 0.0 736000
1695309590359 0.0 740000
1695309624618 0.0 744000
1695309658589 0.0 748000
1695309692380 0.0 752000
1695309730476 0.0 756000
1695309765029 0.0 760000
1695309797518 0.0 764000
1695309829875 0.0 768000
1695309863442 0.0 772000
1695309897349 0.0 776000
1695309932714 0.0 780000
1695309969979 0.0 784000
1695310015867 0.0 788000
1695310052605 0.0 792000
1695310087778 0.0 796000
1695310125681 0.0 800000
1695310160787 0.0 804000
1695310197781 0.0 808000
1695310240373 0.0 812000
1695310277596 0.0 816000
1695310312705 0.0 820000
1695310348347 0.0 824000
1695310386685 0.0 828000
1695310421533 0.0 832000
1695310455200 0.0 836000
1695310494035 0.0 840000
1695310538736 0.0 844000
1695310575968 0.0 848000
1695310616901 0.0 852000
1695310655487 0.0 856000
1695310690350 0.0 860000
1695310724066 0.0 864000
1695310758954 0.0 868000
