1695303109729 1.0 4000
1695303138416 1.0 8000
1695303167551 1.0 12000
1695303196323 1.0 16000
1695303230390 1.0 20000
1695303262715 1.0 24000
1695303295861 1.0 28000
1695303328693 1.0 32000
1695303360585 1.0 36000
1695303392713 1.0 40000
1695303425078 1.0 44000
1695303456266 1.0 48000
1695303487990 1.0 52000
1695303518733 1.0 56000
1695303550445 1.0 60000
1695303581636 1.0 64000
1695303615373 1.0 68000
1695303648107 1.0 72000
1695303680778 1.0 76000
1695303712527 1.0 80000
1695303753728 1.0 84000
1695303786238 1.0 88000
1695303816966 1.0 92000
1695303852668 1.0 96000
1695303897839 1.0 100000
1695303939928 1.0 104000
1695303972653 1.0 108000
1695304013188 1.0 112000
1695304058362 1.0 116000
1695304101566 1.0 120000
1695304142328 1.0 124000
1695304192064 1.0 128000
1695304235749 1.0 132000
1695304278860 1.0 136000
1695304323116 1.0 140000
1695304364722 1.0 144000
1695304406598 1.0 148000
1695304450469 1.0 152000
1695304491935 1.0 156000
1695304533294 1.0 160000
1695304577736 1.0 164000
1695304622890 1.0 168000
1695304666370 1.0 172000
1695304711479 1.0 176000
1695304751057 1.0 180000
1695304788766 1.0 184000
1695304832569 1.0 188000
1695304872684 1.0 192000
1695304909407 1.0 196000
1695304945262 1.0 200000
1695304982349 1.0 204000
1695305025027 1.0 208000
1695305061256 1.0 212000
1695305097717 1.0 216000
1695305135887 1.0 220000
1695305173105 1.0 224000
1695305208316 1.0 228000
1695305242159 1.0 232000
1695305273007 1.0 236000
1695305303691 1.0 240000
1695305335040 1.0 244000
1695305365448 1.0 248000
1695305395882 1.0 252000
1695305426393 1.0 256000
1695305457131 1.0 260000
1695305487744 1.0 264000
1695305518406 1.0 268000
1695305548809 1.0 272000
1695305579511 1.0 276000
1695305610972 1.0 280000
1695305641298 1.0 284000
1695305672129 1.0 288000
1695305702371 1.0 292000
1695305733786 1.0 296000
1695305763961 1.0 300000
1695305794970 1.0 304000
1695305825375 1.0 308000
1695305856231 1.0 312000
1695305886492 1.0 316000
1695305917118 1.0 320000
1695305947604 1.0 324000
1695305978528 1.0 328000
1695306008686 1.0 332000
1695306039549 1.0 336000
1695306070916 1.0 340000
1695306101820 1.0 344000
1695306132283 1.0 348000
1695306162909 1.0 352000
1695306193399 1.0 356000
1695306224321 1.0 360000
1695306254737 1.0 364000
1695306287156 1.0 368000
1695306318523 1.0 372000
1695306351097 1.0 376000
1695306382548 1.0 380000
1695306417682 1.0 384000
1695306452237 1.0 388000
1695306486488 1.0 392000
1695306519935 1.0 396000
1695306554110 1.0 400000
1695306586114 1.0 404000
1695306620818 1.0 408000
1695306653711 1.0 412000
1695306687407 1.0 416000
1695306720492 1.0 420000
1695306752964 1.0 424000
1695306786116 1.0 428000
1695306823432 1.0 432000
1695306860240 1.0 436000
1695306893585 1.0 440000
1695306927062 1.0 444000
1695306961135 1.0 448000
1695306995354 1.0 452000
1695307028956 1.0 456000
1695307061195 1.0 460000
1695307093409 1.0 464000
1695307128223 1.0 468000
1695307160943 1.0 472000
1695307193773 1.0 476000
1695307226929 1.0 480000
1695307261340 1.0 484000
1695307295808 1.0 488000
1695307328602 1.0 492000
1695307362232 1.0 496000
1695307398570 1.0 500000
1695307433819 1.0 504000
1695307466853 1.0 508000
1695307502349 1.0 512000
1695307540915 1.0 516000
1695307575804 1.0 520000
1695307615229 1.0 524000
1695307652951 1.0 528000
1695307689016 1.0 532000
1695307724791 1.0 536000
1695307759419 1.0 540000
1695307803667 1.0 544000
1695307846247 1.0 548000
1695307880728 1.0 552000
1695307919656 1.0 556000
1695307956827 1.0 560000
1695307994900 1.0 564000
1695308028053 1.0 568000
1695308062926 1.0 572000
1695308098129 1.0 576000
1695308132145 1.0 580000
1695308167254 1.0 584000
1695308204642 1.0 588000
1695308240257 1.0 592000
1695308275304 1.0 596000
1695308317667 1.0 600000
1695308353438 1.0 604000
1695308394790 1.0 608000
1695308433159 1.0 612000
1695308469786 1.0 616000
1695308516219 1.0 620000
1695308552796 1.0 624000
1695308589980 1.0 628000
1695308629762 1.0 632000
1695308665822 1.0 636000
1695308704000 1.0 640000
1695308741066 1.0 644000
1695308776477 1.0 648000
1695308813154 1.0 652000
1695308854542 1.0 656000
1695308889197 1.0 660000
1695308922292 1.0 664000
1695308955667 1.0 668000
1695308990683 1.0 672000
1695309025619 1.0 676000
1695309064317 1.0 680000
1695309102479 1.0 684000
1695309138093 1.0 688000
1695309173206 1.0 692000
1695309207218 1.0 696000
1695309241638 1.0 700000
1695309278147 1.0 704000
1695309314294 1.0 708000
1695309350757 1.0 712000
1695309387608 1.0 716000
1695309422319 1.0 720000
1695309457163 1.0 724000
1695309489553 1.0 728000
1695309522323 1.0 732000
1695309555500 1.0 736000
1695309590359 1.0 740000
1695309624619 1.0 744000
1695309658590 1.0 748000
1695309692380 1.0 752000
1695309730476 1.0 756000
1695309765030 1.0 760000
1695309797518 1.0 764000
1695309829875 1.0 768000
1695309863443 1.0 772000
1695309897350 1.0 776000
1695309932715 1.0 780000
1695309969980 1.0 784000
1695310015868 1.0 788000
1695310052606 1.0 792000
1695310087779 1.0 796000
1695310125682 1.0 800000
1695310160787 1.0 804000
1695310197782 1.0 808000
1695310240373 1.0 812000
1695310277597 1.0 816000
1695310312705 1.0 820000
1695310348347 1.0 824000
1695310386685 1.0 828000
1695310421533 1.0 832000
1695310455200 1.0 836000
1695310494036 1.0 840000
1695310538737 1.0 844000
1695310575968 1.0 848000
1695310616901 1.0 852000
1695310655487 1.0 856000
1695310690351 1.0 860000
1695310724067 1.0 864000
1695310758954 1.0 868000
