1695303109727 1.0 4000
1695303138414 1.0 8000
1695303167549 1.0 12000
1695303196320 1.0 16000
1695303230387 1.0 20000
1695303262713 1.0 24000
1695303295858 1.0 28000
1695303328690 1.0 32000
1695303360583 1.0 36000
1695303392711 1.0 40000
1695303425076 1.0 44000
1695303456264 1.0 48000
1695303487988 1.0 52000
1695303518731 1.0 56000
1695303550443 1.0 60000
1695303581633 1.0 64000
1695303615371 1.0 68000
1695303648105 1.0 72000
1695303680776 1.0 76000
1695303712525 1.0 80000
1695303753726 1.0 84000
1695303786236 1.0 88000
1695303816964 1.0 92000
1695303852665 1.0 96000
1695303897832 1.0 100000
1695303939926 1.0 104000
1695303972650 1.0 108000
1695304013186 1.0 112000
1695304058360 1.0 116000
1695304101563 1.0 120000
1695304142326 1.0 124000
1695304192061 1.0 128000
1695304235746 1.0 132000
1695304278857 1.0 136000
1695304323113 1.0 140000
1695304364719 1.0 144000
1695304406594 1.0 148000
1695304450466 1.0 152000
1695304491933 1.0 156000
1695304533291 1.0 160000
1695304577734 1.0 164000
1695304622887 1.0 168000
1695304666367 1.0 172000
1695304711477 1.0 176000
1695304751054 1.0 180000
1695304788763 1.0 184000
1695304832566 1.0 188000
1695304872681 1.0 192000
1695304909404 1.0 196000
1695304945260 1.0 200000
1695304982346 1.0 204000
1695305025024 1.0 208000
1695305061254 1.0 212000
1695305097714 1.0 216000
1695305135884 1.0 220000
1695305173102 1.0 224000
1695305208313 1.0 228000
1695305242157 1.0 232000
1695305273005 1.0 236000
1695305303688 1.0 240000
1695305335038 1.0 244000
1695305365446 1.0 248000
1695305395880 1.0 252000
1695305426390 1.0 256000
1695305457129 1.0 260000
1695305487742 1.0 264000
1695305518404 1.0 268000
1695305548807 1.0 272000
1695305579509 1.0 276000
1695305610969 1.0 280000
1695305641296 1.0 284000
1695305672127 1.0 288000
1695305702369 1.0 292000
1695305733783 1.0 296000
1695305763958 1.0 300000
1695305794968 1.0 304000
1695305825373 1.0 308000
1695305856229 1.0 312000
1695305886490 1.0 316000
1695305917116 1.0 320000
1695305947602 1.0 324000
1695305978526 1.0 328000
1695306008684 1.0 332000
1695306039546 1.0 336000
1695306070913 1.0 340000
1695306101818 1.0 344000
1695306132281 1.0 348000
1695306162907 1.0 352000
1695306193397 1.0 356000
1695306224319 1.0 360000
1695306254735 1.0 364000
1695306287154 1.0 368000
1695306318521 1.0 372000
1695306351094 1.0 376000
1695306382546 1.0 380000
1695306417679 1.0 384000
1695306452234 1.0 388000
1695306486485 1.0 392000
1695306519933 1.0 396000
1695306554107 1.0 400000
1695306586111 1.0 404000
1695306620815 1.0 408000
1695306653709 1.0 412000
1695306687404 1.0 416000
1695306720490 1.0 420000
1695306752962 1.0 424000
1695306786114 1.0 428000
1695306823427 1.0 432000
1695306860237 1.0 436000
1695306893583 1.0 440000
1695306927059 1.0 444000
1695306961133 1.0 448000
1695306995351 1.0 452000
1695307028954 1.0 456000
1695307061193 1.0 460000
1695307093407 1.0 464000
1695307128221 1.0 468000
1695307160940 1.0 472000
1695307193771 1.0 476000
1695307226926 1.0 480000
1695307261337 1.0 484000
1695307295806 1.0 488000
1695307328599 1.0 492000
1695307362229 1.0 496000
1695307398567 1.0 500000
1695307433817 1.0 504000
1695307466851 1.0 508000
1695307502347 1.0 512000
1695307540913 1.0 516000
1695307575802 1.0 520000
1695307615227 1.0 524000
1695307652949 1.0 528000
1695307689014 1.0 532000
1695307724788 1.0 536000
1695307759417 1.0 540000
1695307803663 1.0 544000
1695307846245 1.0 548000
1695307880726 1.0 552000
1695307919653 1.0 556000
1695307956824 1.0 560000
1695307994898 1.0 564000
1695308028051 1.0 568000
1695308062924 1.0 572000
1695308098126 1.0 576000
1695308132142 1.0 580000
1695308167251 1.0 584000
1695308204639 1.0 588000
1695308240255 1.0 592000
1695308275301 1.0 596000
1695308317665 1.0 600000
1695308353436 1.0 604000
1695308394787 1.0 608000
1695308433157 1.0 612000
1695308469784 1.0 616000
1695308516217 1.0 620000
1695308552794 1.0 624000
1695308589977 1.0 628000
1695308629759 1.0 632000
1695308665818 1.0 636000
1695308703997 1.0 640000
1695308741064 1.0 644000
1695308776475 1.0 648000
1695308813151 1.0 652000
1695308854540 1.0 656000
1695308889195 1.0 660000
1695308922290 1.0 664000
1695308955664 1.0 668000
1695308990680 1.0 672000
1695309025616 1.0 676000
1695309064314 1.0 680000
1695309102476 1.0 684000
1695309138090 1.0 688000
1695309173204 1.0 692000
1695309207216 1.0 696000
1695309241636 1.0 700000
1695309278144 1.0 704000
1695309314292 1.0 708000
1695309350755 1.0 712000
1695309387605 1.0 716000
1695309422317 1.0 720000
1695309457161 1.0 724000
1695309489551 1.0 728000
1695309522321 1.0 732000
1695309555497 1.0 736000
1695309590357 1.0 740000
1695309624616 1.0 744000
1695309658587 1.0 748000
1695309692378 1.0 752000
1695309730474 1.0 756000
1695309765027 1.0 760000
1695309797516 1.0 764000
1695309829873 1.0 768000
1695309863441 1.0 772000
1695309897347 1.0 776000
1695309932712 1.0 780000
1695309969977 1.0 784000
1695310015865 1.0 788000
1695310052603 1.0 792000
1695310087776 1.0 796000
1695310125679 1.0 800000
1695310160785 1.0 804000
1695310197779 1.0 808000
1695310240371 1.0 812000
1695310277594 1.0 816000
1695310312703 1.0 820000
1695310348345 1.0 824000
1695310386682 1.0 828000
1695310421531 1.0 832000
1695310455198 1.0 836000
1695310494033 1.0 840000
1695310538734 1.0 844000
1695310575966 1.0 848000
1695310616898 1.0 852000
1695310655485 1.0 856000
1695310690348 1.0 860000
1695310724064 1.0 864000
1695310758952 1.0 868000
