1695303109727 0.0 4000
1695303138414 0.0 8000
1695303167549 0.0 12000
1695303196320 0.0 16000
1695303230387 0.0 20000
1695303262713 0.0 24000
1695303295858 0.0 28000
1695303328690 0.0 32000
1695303360582 0.0 36000
1695303392710 0.0 40000
1695303425076 0.0 44000
1695303456264 0.0 48000
1695303487987 0.0 52000
1695303518731 0.0 56000
1695303550443 0.0 60000
1695303581633 0.0 64000
1695303615370 0.0 68000
1695303648105 0.0 72000
1695303680776 0.0 76000
1695303712525 0.0 80000
1695303753725 0.0 84000
1695303786235 0.0 88000
1695303816963 0.0 92000
1695303852665 0.0 96000
1695303897832 0.0 100000
1695303939926 0.0 104000
1695303972650 0.0 108000
1695304013185 0.0 112000
1695304058359 0.0 116000
1695304101563 0.0 120000
1695304142325 0.0 124000
1695304192061 0.0 128000
1695304235745 0.0 132000
1695304278857 0.0 136000
1695304323113 0.0 140000
1695304364719 0.0 144000
1695304406594 0.0 148000
1695304450465 0.0 152000
1695304491932 0.0 156000
1695304533291 0.0 160000
1695304577733 0.0 164000
1695304622887 0.0 168000
1695304666367 0.0 172000
1695304711477 0.0 176000
1695304751054 0.0 180000
1695304788763 0.0 184000
1695304832566 0.0 188000
1695304872681 0.0 192000
1695304909404 0.0 196000
1695304945259 0.0 200000
1695304982345 0.0 204000
1695305025024 0.0 208000
1695305061254 0.0 212000
1695305097713 0.0 216000
1695305135884 0.0 220000
1695305173102 0.0 224000
1695305208313 0.0 228000
1695305242157 0.0 232000
1695305273005 0.0 236000
1695305303688 0.0 240000
1695305335038 0.0 244000
1695305365446 0.0 248000
1695305395880 0.0 252000
1695305426390 0.0 256000
1695305457128 0.0 260000
1695305487741 0.0 264000
1695305518404 0.0 268000
1695305548807 0.0 272000
1695305579509 0.0 276000
1695305610969 0.0 280000
1695305641295 0.0 284000
1695305672127 0.0 288000
1695305702369 0.0 292000
1695305733783 0.0 296000
1695305763958 0.0 300000
1695305794967 0.0 304000
1695305825373 0.0 308000
1695305856228 0.0 312000
1695305886489 0.0 316000
1695305917116 0.0 320000
1695305947602 0.0 324000
1695305978525 0.0 328000
1695306008683 0.0 332000
1695306039546 0.0 336000
1695306070913 0.0 340000
1695306101818 0.0 344000
1695306132281 0.0 348000
1695306162907 0.0 352000
1695306193397 0.0 356000
1695306224319 0.0 360000
1695306254734 0.0 364000
1695306287154 0.0 368000
1695306318521 0.0 372000
1695306351094 0.0 376000
1695306382546 0.0 380000
1695306417679 0.0 384000
1695306452233 0.0 388000
1695306486485 0.0 392000
1695306519933 0.0 396000
1695306554107 0.0 400000
1695306586111 0.0 404000
1695306620815 0.0 408000
1695306653709 0.0 412000
1695306687404 0.0 416000
1695306720489 0.0 420000
1695306752962 0.0 424000
1695306786113 0.0 428000
1695306823426 0.0 432000
1695306860237 0.0 436000
1695306893582 0.0 440000
1695306927059 0.0 444000
1695306961133 0.0 448000
1695306995351 0.0 452000
1695307028954 0.0 456000
1695307061193 0.0 460000
1695307093407 0.0 464000
1695307128221 0.0 468000
1695307160940 0.0 472000
1695307193770 0.0 476000
1695307226926 0.0 480000
1695307261337 0.0 484000
1695307295805 0.0 488000
1695307328599 0.0 492000
1695307362229 0.0 496000
1695307398567 0.0 500000
1695307433816 0.0 504000
1695307466850 0.0 508000
1695307502346 0.0 512000
1695307540912 0.0 516000
1695307575801 0.0 520000
1695307615226 0.0 524000
1695307652949 0.0 528000
1695307689014 0.0 532000
1695307724788 0.0 536000
1695307759416 0.0 540000
1695307803663 0.0 544000
1695307846244 0.0 548000
1695307880725 0.0 552000
1695307919653 0.0 556000
1695307956823 0.0 560000
1695307994897 0.0 564000
1695308028051 0.0 568000
1695308062924 0.0 572000
1695308098126 0.0 576000
1695308132142 0.0 580000
1695308167251 0.0 584000
1695308204639 0.0 588000
1695308240254 0.0 592000
1695308275301 0.0 596000
1695308317664 0.0 600000
1695308353435 0.0 604000
1695308394787 0.0 608000
1695308433157 0.0 612000
1695308469783 0.0 616000
1695308516216 0.0 620000
1695308552794 0.0 624000
1695308589976 0.0 628000
1695308629759 0.0 632000
1695308665817 0.0 636000
1695308703997 0.0 640000
1695308741064 0.0 644000
1695308776475 0.0 648000
1695308813150 0.0 652000
1695308854540 0.0 656000
1695308889194 0.0 660000
1695308922289 0.0 664000
1695308955664 0.0 668000
1695308990680 0.0 672000
1695309025616 0.0 676000
1695309064314 0.0 680000
1695309102476 0.0 684000
1695309138090 0.0 688000
1695309173204 0.0 692000
1695309207216 0.0 696000
1695309241635 0.0 700000
1695309278144 0.0 704000
1695309314291 0.0 708000
1695309350754 0.0 712000
1695309387605 0.0 716000
1695309422316 0.0 720000
1695309457161 0.0 724000
1695309489550 0.0 728000
1695309522321 0.0 732000
1695309555497 0.0 736000
1695309590357 0.0 740000
1695309624616 0.0 744000
1695309658587 0.0 748000
1695309692378 0.0 752000
1695309730473 0.0 756000
1695309765027 0.0 760000
1695309797515 0.0 764000
1695309829873 0.0 768000
1695309863440 0.0 772000
1695309897347 0.0 776000
1695309932712 0.0 780000
1695309969977 0.0 784000
1695310015865 0.0 788000
1695310052603 0.0 792000
1695310087776 0.0 796000
1695310125679 0.0 800000
1695310160784 0.0 804000
1695310197779 0.0 808000
1695310240370 0.0 812000
1695310277594 0.0 816000
1695310312703 0.0 820000
1695310348344 0.0 824000
1695310386681 0.0 828000
1695310421530 0.0 832000
1695310455197 0.0 836000
1695310494033 0.0 840000
1695310538734 0.0 844000
1695310575966 0.0 848000
1695310616898 0.0 852000
1695310655485 0.0 856000
1695310690348 0.0 860000
1695310724064 0.0 864000
1695310758952 0.0 868000
