1695303109728 0.26666666666666666 4000
1695303138416 0.3225806451612903 8000
1695303167550 0.3269230769230769 12000
1695303196322 0.3333333333333333 16000
1695303230389 0.3548387096774194 20000
1695303262714 0.4 24000
1695303295860 0.39 28000
1695303328692 0.4 32000
1695303360584 0.5 36000
1695303392712 0.52 40000
1695303425077 0.68 44000
1695303456265 0.75 48000
1695303487989 0.76 52000
1695303518733 0.79 56000
1695303550444 0.89 60000
1695303581635 0.91 64000
1695303615373 0.86 68000
1695303648107 0.85 72000
1695303680778 0.9611650485436893 76000
1695303712527 0.8962264150943396 80000
1695303753727 0.8828828828828829 84000
1695303786237 0.95 88000
1695303816965 0.9743589743589743 92000
1695303852667 0.9523809523809523 96000
1695303897835 0.9512195121951219 100000
1695303939928 0.9656862745098039 104000
1695303972652 0.9534883720930233 108000
1695304013187 0.948051948051948 112000
1695304058361 0.9634703196347032 116000
1695304101565 0.9549180327868853 120000
1695304142328 0.9518072289156626 124000
1695304192063 0.9540229885057471 128000
1695304235748 0.9618320610687023 132000
1695304278859 0.9562043795620438 136000
1695304323115 0.9461538461538461 140000
1695304364721 0.9304635761589404 144000
1695304406596 0.9442508710801394 148000
1695304450468 0.9572953736654805 152000
1695304491934 0.9333333333333333 156000
1695304533293 0.9559322033898305 160000
1695304577736 0.9519230769230769 164000
1695304622889 0.9326241134751773 168000
1695304666369 0.9419795221843004 172000
1695304711479 0.9456521739130435 176000
1695304751056 0.9756944444444444 180000
1695304788765 0.9310344827586207 184000
1695304832568 0.9530201342281879 188000
1695304872683 0.9387096774193548 192000
1695304909406 0.9354838709677419 196000
1695304945262 0.9292929292929293 200000
1695304982348 0.9201388888888888 204000
1695305025026 0.9366666666666666 208000
1695305061256 0.8985507246376812 212000
1695305097716 0.8863636363636364 216000
1695305135886 0.8885017421602788 220000
1695305173104 0.9146757679180887 224000
1695305208315 0.8771331058020477 228000
1695305242159 0.8941176470588236 232000
1695305273006 0.8807017543859649 236000
1695305303690 0.8963210702341137 240000
1695305335039 0.8981132075471698 244000
1695305365448 0.867595818815331 248000
1695305395882 0.8461538461538461 252000
1695305426392 0.8677966101694915 256000
1695305457130 0.8647686832740213 260000
1695305487743 0.8333333333333334 264000
1695305518406 0.8063380281690141 268000
1695305548809 0.7881944444444444 272000
1695305579511 0.8055555555555556 276000
1695305610971 0.8316831683168316 280000
1695305641297 0.8027210884353742 284000
1695305672129 0.8027210884353742 288000
1695305702371 0.7941176470588235 292000
1695305733785 0.8013468013468014 296000
1695305763960 0.84 300000
1695305794969 0.8309352517985612 304000
1695305825375 0.8265682656826568 308000
1695305856230 0.801980198019802 312000
1695305886491 0.8141891891891891 316000
1695305917118 0.7953795379537953 320000
1695305947604 0.7550335570469798 324000
1695305978527 0.7953795379537953 328000
1695306008685 0.8080808080808081 332000
1695306039548 0.7821782178217822 336000
1695306070915 0.775974025974026 340000
1695306101820 0.7866242038216561 344000
1695306132282 0.7542662116040956 348000
1695306162908 0.8074324324324325 352000
1695306193398 0.8376623376623377 356000
1695306224321 0.7702702702702703 360000
1695306254736 0.8027681660899654 364000
1695306287156 0.8055555555555556 368000
1695306318523 0.7993197278911565 372000
1695306351096 0.7733333333333333 376000
1695306382547 0.8155339805825242 380000
1695306417681 0.745819397993311 384000
1695306452236 0.7442622950819672 388000
1695306486487 0.8076923076923077 392000
1695306519935 0.7866242038216561 396000
1695306554109 0.7835051546391752 400000
1695306586113 0.7664473684210527 404000
1695306620817 0.7247386759581882 408000
1695306653710 0.726027397260274 412000
1695306687406 0.8090614886731392 416000
1695306720491 0.802547770700637 420000
1695306752963 0.7700348432055749 424000
1695306786115 0.8166666666666667 428000
1695306823430 0.8158844765342961 432000
1695306860239 0.7342192691029901 436000
1695306893584 0.7581699346405228 440000
1695306927061 0.780327868852459 444000
1695306961135 0.7871621621621622 448000
1695306995353 0.7788778877887789 452000
1695307028955 0.7935483870967742 456000
1695307061195 0.7773972602739726 460000
1695307093409 0.7835051546391752 464000
1695307128222 0.8143322475570033 468000
1695307160942 0.7567567567567568 472000
1695307193772 0.7912457912457912 476000
1695307226928 0.7722772277227723 480000
1695307261339 0.7532051282051282 484000
1695307295807 0.7824561403508772 488000
1695307328601 0.7568493150684932 492000
1695307362231 0.7964912280701755 496000
1695307398569 0.7656765676567657 500000
1695307433818 0.7828947368421053 504000
1695307466852 0.8020477815699659 508000
1695307502348 0.7843137254901961 512000
1695307540914 0.7973421926910299 516000
1695307575803 0.7954545454545454 520000
1695307615228 0.8 524000
1695307652951 0.7275747508305648 528000
1695307689016 0.7694805194805194 532000
1695307724790 0.7974683544303798 536000
1695307759418 0.7850162866449512 540000
1695307803666 0.8227848101265823 544000
1695307846246 0.775974025974026 548000
1695307880727 0.7152317880794702 552000
1695307919655 0.7864077669902912 556000
1695307956826 0.7631578947368421 560000
1695307994899 0.7877813504823151 564000
1695308028052 0.7679738562091504 568000
1695308062926 0.7631578947368421 572000
1695308098128 0.7972027972027972 576000
1695308132144 0.7697160883280757 580000
1695308167253 0.8534201954397395 584000
1695308204641 0.8131147540983606 588000
1695308240256 0.7845659163987139 592000
1695308275303 0.814935064935065 596000
1695308317667 0.805111821086262 600000
1695308353437 0.7854889589905363 604000
1695308394789 0.7687296416938111 608000
1695308433159 0.7467532467532467 612000
1695308469785 0.777027027027027 616000
1695308516218 0.7967213114754098 620000
1695308552796 0.7781350482315113 624000
1695308589978 0.8110749185667753 628000
1695308629761 0.8306709265175719 632000
1695308665821 0.8013937282229965 636000
1695308703999 0.8122977346278317 640000
1695308741066 0.821656050955414 644000
1695308776477 0.8380952380952381 648000
1695308813153 0.7817589576547231 652000
1695308854541 0.8398692810457516 656000
1695308889196 0.8207547169811321 660000
1695308922291 0.8403908794788274 664000
1695308955666 0.8272425249169435 668000
1695308990682 0.8175895765472313 672000
1695309025618 0.8006535947712419 676000
1695309064316 0.7894736842105263 680000
1695309102478 0.7653061224489796 684000
1695309138092 0.7955271565495208 688000
1695309173206 0.8252427184466019 692000
1695309207218 0.7813504823151125 696000
1695309241637 0.7777777777777778 700000
1695309278146 0.75 704000
1695309314293 0.7647058823529411 708000
1695309350756 0.7745098039215687 712000
1695309387607 0.797427652733119 716000
1695309422318 0.7813504823151125 720000
1695309457163 0.7714285714285715 724000
1695309489552 0.8063492063492064 728000
1695309522323 0.7482517482517482 732000
1695309555499 0.7987220447284346 736000
1695309590359 0.8202614379084967 740000
1695309624618 0.8184818481848185 744000
1695309658589 0.778125 748000
1695309692379 0.7432432432432432 752000
1695309730476 0.7955271565495208 756000
1695309765029 0.815625 760000
1695309797517 0.7474048442906575 764000
1695309829875 0.782312925170068 768000
1695309863442 0.762987012987013 772000
1695309897349 0.8107255520504731 776000
1695309932714 0.8 780000
1695309969979 0.8032786885245902 784000
1695310015867 0.8044871794871795 788000
1695310052605 0.8107255520504731 792000
1695310087778 0.7745098039215687 796000
1695310125681 0.8052805280528053 800000
1695310160786 0.8193548387096774 804000
1695310197781 0.8132911392405063 808000
1695310240372 0.8242811501597445 812000
1695310277596 0.8259493670886076 816000
1695310312705 0.7834394904458599 820000
1695310348346 0.828125 824000
1695310386684 0.759075907590759 828000
1695310421532 0.8127090301003345 832000
1695310455199 0.8238993710691824 836000
1695310494035 0.8122977346278317 840000
1695310538736 0.797427652733119 844000
1695310575968 0.7717041800643086 848000
1695310616900 0.7891373801916933 852000
1695310655487 0.7689873417721519 856000
1695310690350 0.8176100628930818 860000
1695310724066 0.7699680511182109 864000
1695310758954 0.7967741935483871 868000
