1695303109728 1.0 4000
1695303138415 1.0 8000
1695303167550 1.0 12000
1695303196322 1.0 16000
1695303230389 1.0 20000
1695303262714 1.0 24000
1695303295860 1.0 28000
1695303328691 1.0 32000
1695303360584 1.0 36000
1695303392712 1.0 40000
1695303425077 1.0 44000
1695303456265 1.0 48000
1695303487989 1.0 52000
1695303518732 1.0 56000
1695303550444 1.0 60000
1695303581634 1.0 64000
1695303615372 1.0 68000
1695303648106 1.0 72000
1695303680777 1.0 76000
1695303712526 1.0 80000
1695303753727 1.0 84000
1695303786237 1.0 88000
1695303816965 1.0 92000
1695303852667 1.0 96000
1695303897834 1.0 100000
1695303939927 1.0 104000
1695303972652 1.0 108000
1695304013187 1.0 112000
1695304058361 1.0 116000
1695304101565 1.0 120000
1695304142327 1.0 124000
1695304192063 1.0 128000
1695304235747 1.0 132000
1695304278859 1.0 136000
1695304323114 1.0 140000
1695304364721 1.0 144000
1695304406596 1.0 148000
1695304450467 1.0 152000
1695304491934 1.0 156000
1695304533293 1.0 160000
1695304577735 1.0 164000
1695304622889 1.0 168000
1695304666369 1.0 172000
1695304711478 1.0 176000
1695304751055 1.0 180000
1695304788765 1.0 184000
1695304832567 1.0 188000
1695304872683 1.0 192000
1695304909406 1.0 196000
1695304945261 1.0 200000
1695304982347 1.0 204000
1695305025026 1.0 208000
1695305061255 1.0 212000
1695305097715 1.0 216000
1695305135885 1.0 220000
1695305173103 1.0 224000
1695305208315 1.0 228000
1695305242158 1.0 232000
1695305273006 1.0 236000
1695305303689 1.0 240000
1695305335039 1.0 244000
1695305365447 1.0 248000
1695305395881 1.0 252000
1695305426392 1.0 256000
1695305457130 1.0 260000
1695305487743 1.0 264000
1695305518405 1.0 268000
1695305548808 1.0 272000
1695305579510 1.0 276000
1695305610970 1.0 280000
1695305641297 1.0 284000
1695305672128 1.0 288000
1695305702370 1.0 292000
1695305733784 1.0 296000
1695305763959 1.0 300000
1695305794969 1.0 304000
1695305825374 1.0 308000
1695305856230 1.0 312000
1695305886491 1.0 316000
1695305917117 1.0 320000
1695305947603 1.0 324000
1695305978527 1.0 328000
1695306008685 1.0 332000
1695306039548 1.0 336000
1695306070915 1.0 340000
1695306101819 1.0 344000
1695306132282 1.0 348000
1695306162908 1.0 352000
1695306193398 1.0 356000
1695306224320 1.0 360000
1695306254736 1.0 364000
1695306287155 1.0 368000
1695306318522 1.0 372000
1695306351096 1.0 376000
1695306382547 1.0 380000
1695306417681 1.0 384000
1695306452236 1.0 388000
1695306486486 1.0 392000
1695306519934 1.0 396000
1695306554109 1.0 400000
1695306586112 1.0 404000
1695306620816 1.0 408000
1695306653710 1.0 412000
1695306687406 1.0 416000
1695306720491 1.0 420000
1695306752963 1.0 424000
1695306786115 1.0 428000
1695306823429 1.0 432000
1695306860238 1.0 436000
1695306893584 1.0 440000
1695306927060 1.0 444000
1695306961134 1.0 448000
1695306995352 1.0 452000
1695307028955 1.0 456000
1695307061194 1.0 460000
1695307093408 1.0 464000
1695307128222 1.0 468000
1695307160942 1.0 472000
1695307193772 1.0 476000
1695307226927 1.0 480000
1695307261338 1.0 484000
1695307295807 1.0 488000
1695307328600 1.0 492000
1695307362231 1.0 496000
1695307398569 1.0 500000
1695307433818 1.0 504000
1695307466852 1.0 508000
1695307502348 1.0 512000
1695307540914 1.0 516000
1695307575803 1.0 520000
1695307615228 1.0 524000
1695307652950 1.0 528000
1695307689015 1.0 532000
1695307724789 1.0 536000
1695307759418 1.0 540000
1695307803665 1.0 544000
1695307846246 1.0 548000
1695307880727 1.0 552000
1695307919655 1.0 556000
1695307956825 1.0 560000
1695307994899 1.0 564000
1695308028052 1.0 568000
1695308062925 1.0 572000
1695308098128 1.0 576000
1695308132143 1.0 580000
1695308167252 1.0 584000
1695308204640 1.0 588000
1695308240256 1.0 592000
1695308275302 1.0 596000
1695308317666 1.0 600000
1695308353437 1.0 604000
1695308394789 1.0 608000
1695308433158 1.0 612000
1695308469785 1.0 616000
1695308516218 1.0 620000
1695308552795 1.0 624000
1695308589978 1.0 628000
1695308629760 1.0 632000
1695308665820 1.0 636000
1695308703998 1.0 640000
1695308741065 1.0 644000
1695308776476 1.0 648000
1695308813152 1.0 652000
1695308854541 1.0 656000
1695308889196 1.0 660000
1695308922291 1.0 664000
1695308955666 1.0 668000
1695308990681 1.0 672000
1695309025617 1.0 676000
1695309064315 1.0 680000
1695309102478 1.0 684000
1695309138092 1.0 688000
1695309173205 1.0 692000
1695309207217 1.0 696000
1695309241637 1.0 700000
1695309278146 1.0 704000
1695309314293 1.0 708000
1695309350756 1.0 712000
1695309387607 1.0 716000
1695309422318 1.0 720000
1695309457162 1.0 724000
1695309489552 1.0 728000
1695309522322 1.0 732000
1695309555499 1.0 736000
1695309590358 1.0 740000
1695309624617 1.0 744000
1695309658589 1.0 748000
1695309692379 1.0 752000
1695309730475 1.0 756000
1695309765029 1.0 760000
1695309797517 1.0 764000
1695309829874 1.0 768000
1695309863442 1.0 772000
1695309897349 1.0 776000
1695309932713 1.0 780000
1695309969979 1.0 784000
1695310015866 1.0 788000
1695310052605 1.0 792000
1695310087778 1.0 796000
1695310125680 1.0 800000
1695310160786 1.0 804000
1695310197780 1.0 808000
1695310240372 1.0 812000
1695310277595 1.0 816000
1695310312704 1.0 820000
1695310348346 1.0 824000
1695310386684 1.0 828000
1695310421532 1.0 832000
1695310455199 1.0 836000
1695310494035 1.0 840000
1695310538735 1.0 844000
1695310575967 1.0 848000
1695310616900 1.0 852000
1695310655486 1.0 856000
1695310690350 1.0 860000
1695310724065 1.0 864000
1695310758953 1.0 868000
