1695303109728 0.0 4000
1695303138415 0.0 8000
1695303167550 0.0 12000
1695303196321 0.0 16000
1695303230388 0.0 20000
1695303262714 0.0 24000
1695303295859 0.0 28000
1695303328691 0.0 32000
1695303360584 0.0 36000
1695303392711 0.0 40000
1695303425077 0.0 44000
1695303456265 0.0 48000
1695303487989 0.0 52000
1695303518732 0.0 56000
1695303550444 0.0 60000
1695303581634 0.0 64000
1695303615372 0.0 68000
1695303648106 0.0 72000
1695303680777 0.0 76000
1695303712526 0.0 80000
1695303753727 0.0 84000
1695303786236 0.0 88000
1695303816965 0.0 92000
1695303852666 0.0 96000
1695303897834 0.0 100000
1695303939927 0.0 104000
1695303972651 0.0 108000
1695304013187 0.0 112000
1695304058361 0.0 116000
1695304101564 0.0 120000
1695304142327 0.0 124000
1695304192062 0.0 128000
1695304235747 0.0 132000
1695304278858 0.0 136000
1695304323114 0.0 140000
1695304364720 0.0 144000
1695304406595 0.0 148000
1695304450467 0.0 152000
1695304491934 0.0 156000
1695304533292 0.0 160000
1695304577735 0.0 164000
1695304622888 0.0 168000
1695304666368 0.0 172000
1695304711478 0.0 176000
1695304751055 0.0 180000
1695304788764 0.0 184000
1695304832567 0.0 188000
1695304872682 0.0 192000
1695304909405 0.0 196000
1695304945261 0.0 200000
1695304982347 0.0 204000
1695305025025 0.0 208000
1695305061255 0.0 212000
1695305097715 0.0 216000
1695305135885 0.0 220000
1695305173103 0.0 224000
1695305208314 0.0 228000
1695305242158 0.0 232000
1695305273006 0.0 236000
1695305303689 0.0 240000
1695305335039 0.0 244000
1695305365447 0.0 248000
1695305395881 0.0 252000
1695305426391 0.0 256000
1695305457130 0.0 260000
1695305487742 0.0 264000
1695305518405 0.0 268000
1695305548808 0.0 272000
1695305579510 0.0 276000
1695305610970 0.0 280000
1695305641296 0.0 284000
1695305672128 0.0 288000
1695305702370 0.0 292000
1695305733784 0.0 296000
1695305763959 0.0 300000
1695305794968 0.0 304000
1695305825374 0.0 308000
1695305856229 0.0 312000
1695305886490 0.0 316000
1695305917117 0.0 320000
1695305947603 0.0 324000
1695305978526 0.0 328000
1695306008684 0.0 332000
1695306039547 0.0 336000
1695306070914 0.0 340000
1695306101819 0.0 344000
1695306132282 0.0 348000
1695306162908 0.0 352000
1695306193398 0.0 356000
1695306224320 0.0 360000
1695306254736 0.0 364000
1695306287155 0.0 368000
1695306318522 0.0 372000
1695306351095 0.0 376000
1695306382547 0.0 380000
1695306417680 0.0 384000
1695306452235 0.0 388000
1695306486486 0.0 392000
1695306519934 0.0 396000
1695306554108 0.0 400000
1695306586112 0.0 404000
1695306620816 0.0 408000
1695306653710 0.0 412000
1695306687405 0.0 416000
1695306720490 0.0 420000
1695306752963 0.0 424000
1695306786115 0.0 428000
1695306823429 0.0 432000
1695306860238 0.0 436000
1695306893583 0.0 440000
1695306927060 0.0 444000
1695306961134 0.0 448000
1695306995352 0.0 452000
1695307028955 0.0 456000
1695307061194 0.0 460000
1695307093408 0.0 464000
1695307128222 0.0 468000
1695307160941 0.0 472000
1695307193771 0.0 476000
1695307226927 0.0 480000
1695307261338 0.0 484000
1695307295806 0.0 488000
1695307328600 0.0 492000
1695307362230 0.0 496000
1695307398568 0.0 500000
1695307433817 0.0 504000
1695307466852 0.0 508000
1695307502348 0.0 512000
1695307540914 0.0 516000
1695307575802 0.0 520000
1695307615227 0.0 524000
1695307652950 0.0 528000
1695307689015 0.0 532000
1695307724789 0.0 536000
1695307759417 0.0 540000
1695307803664 0.0 544000
1695307846246 0.0 548000
1695307880726 0.0 552000
1695307919654 0.0 556000
1695307956825 0.0 560000
1695307994898 0.0 564000
1695308028052 0.0 568000
1695308062925 0.0 572000
1695308098127 0.0 576000
1695308132143 0.0 580000
1695308167252 0.0 584000
1695308204640 0.0 588000
1695308240256 0.0 592000
1695308275302 0.0 596000
1695308317666 0.0 600000
1695308353437 0.0 604000
1695308394788 0.0 608000
1695308433158 0.0 612000
1695308469785 0.0 616000
1695308516217 0.0 620000
1695308552795 0.0 624000
1695308589978 0.0 628000
1695308629760 0.0 632000
1695308665819 0.0 636000
1695308703998 0.0 640000
1695308741065 0.0 644000
1695308776476 0.0 648000
1695308813152 0.0 652000
1695308854541 0.0 656000
1695308889196 0.0 660000
1695308922291 0.0 664000
1695308955665 0.0 668000
1695308990681 0.0 672000
1695309025617 0.0 676000
1695309064315 0.0 680000
1695309102477 0.0 684000
1695309138091 0.0 688000
1695309173205 0.0 692000
1695309207217 0.0 696000
1695309241636 0.0 700000
1695309278145 0.0 704000
1695309314293 0.0 708000
1695309350755 0.0 712000
1695309387606 0.0 716000
1695309422318 0.0 720000
1695309457162 0.0 724000
1695309489551 0.0 728000
1695309522322 0.0 732000
1695309555498 0.0 736000
1695309590358 0.0 740000
1695309624617 0.0 744000
1695309658588 0.0 748000
1695309692379 0.0 752000
1695309730475 0.0 756000
1695309765028 0.0 760000
1695309797516 0.0 764000
1695309829874 0.0 768000
1695309863441 0.0 772000
1695309897348 0.0 776000
1695309932713 0.0 780000
1695309969978 0.0 784000
1695310015866 0.0 788000
1695310052604 0.0 792000
1695310087777 0.0 796000
1695310125680 0.0 800000
1695310160785 0.0 804000
1695310197780 0.0 808000
1695310240372 0.0 812000
1695310277595 0.0 816000
1695310312704 0.0 820000
1695310348345 0.0 824000
1695310386683 0.0 828000
1695310421531 0.0 832000
1695310455198 0.0 836000
1695310494034 0.0 840000
1695310538735 0.0 844000
1695310575967 0.0 848000
1695310616899 0.0 852000
1695310655486 0.0 856000
1695310690349 0.0 860000
1695310724065 0.0 864000
1695310758953 0.0 868000
