1695136485663 0.001 4000
1695136522565 0.001 8000
1695136560497 0.001 12000
1695136594721 0.001 16000
1695136626358 0.001 20000
1695136659490 0.001 24000
1695136692975 0.001 28000
1695136726878 0.001 32000
1695136760638 0.001 36000
1695136795259 0.001 40000
1695136829899 0.001 44000
1695136863931 0.001 48000
1695136896363 0.001 52000
1695136932812 0.001 56000
1695136966919 0.001 60000
1695136999816 0.001 64000
1695137033518 0.001 68000
1695137066563 0.001 72000
1695137103846 0.001 76000
1695137142232 0.001 80000
1695137179803 0.001 84000
1695137217227 0.001 88000
1695137252725 0.001 92000
1695137286600 0.001 96000
1695137322220 0.001 100000
1695137356774 0.001 104000
1695137389796 0.001 108000
1695137421544 0.001 112000
1695137453507 0.001 116000
1695137486610 0.001 120000
1695137518864 0.001 124000
1695137553044 0.001 128000
1695137587551 0.001 132000
1695137620448 0.001 136000
1695137652447 0.001 140000
1695137685786 0.001 144000
1695137720496 0.001 148000
1695137753191 0.001 152000
1695137786002 0.001 156000
1695137819479 0.001 160000
