1695136485662 0.5 4000
1695136522564 0.5 8000
1695136560496 0.5 12000
1695136594721 0.5 16000
1695136626358 0.5 20000
1695136659489 0.5 24000
1695136692974 0.5 28000
1695136726877 0.5 32000
1695136760638 0.5 36000
1695136795259 0.5 40000
1695136829898 0.5 44000
1695136863931 0.5 48000
1695136896362 0.5 52000
1695136932811 0.5 56000
1695136966918 0.5 60000
1695136999815 0.5 64000
1695137033517 0.5 68000
1695137066562 0.5 72000
1695137103845 0.5 76000
1695137142231 0.5 80000
1695137179802 0.5 84000
1695137217226 0.5 88000
1695137252724 0.5 92000
1695137286599 0.5 96000
1695137322219 0.5 100000
1695137356773 0.5 104000
1695137389795 0.5 108000
1695137421543 0.5 112000
1695137453506 0.5 116000
1695137486609 0.5 120000
1695137518863 0.5 124000
1695137553043 0.5 128000
1695137587551 0.5 132000
1695137620447 0.5 136000
1695137652447 0.5 140000
1695137685785 0.5 144000
1695137720495 0.5 148000
1695137753190 0.5 152000
1695137786001 0.5 156000
1695137819478 0.5 160000
